10.01	29.356908582238923
10.02	28.982173155015996
10.03	28.307132747726804
10.04	27.77454727867117
10.05	27.61347635096829
10.06	27.265187380221292
10.07	26.55006759886925
10.08	26.201734064554852
10.09	25.52245998762773
10.1	24.81788386580854
10.11	24.117815981942496
10.12	23.76765418330436
10.13	22.74104315474614
10.14	22.049824962869376
10.15	21.35757469295656
10.16	20.662296466221772
10.17	19.446755767711064
10.18	18.93117923608813
10.19	18.235494784989843
10.2	17.358016508079714
10.21	16.67624363559841
10.22	15.80560029884049
10.23	15.087694745375673
10.24	14.414925972757162
10.25	13.367388471893584
10.26	12.68766851267995
10.27	11.993780422784527
10.28	11.626278149215096
10.29	10.958977715335084
10.3	10.240331867480611
10.31	9.899469613162008
10.32	9.185783513870453
10.33	8.32938240218869
10.34	8.163144852063374
10.35	7.463384458857713
10.36	7.123800233342996
10.37	6.778639044216694
10.38	6.412354715747591
10.39	6.0858254707247355
10.4	5.369726715989858
10.41	5.372416588318864
10.42	5.012867211750381
10.43	4.690800462620852
10.44	4.353894545455651
10.45	4.354932551713941
10.46	3.9889307412030597
10.47	4.000143808411421
10.48	4.003443445030783
10.49	3.6309648901611755
10.5	3.658036043122632
10.51	3.650209055775676
10.52	3.635051832536597
10.53	3.298739467873577
10.54	3.3088195472098993
10.55	3.631284149709528
10.56	3.63636618024597
10.57	3.6384620066902
10.58	3.98442812931098
10.59	3.9961511505365355
10.6	3.985616985052102
10.61	4.351388964823506
10.62	4.688419862278504
10.63	5.029844027271576
10.64	5.376953255234032
10.65	5.379336567668479
10.66	6.065413591557042
10.67	6.4161060961717515
10.68	7.117489837697416
10.69	7.459323099177239
10.7	8.349701456996597
10.71	8.857442974376871
10.72	9.539305918604619
10.73	10.24435473187357
10.74	10.940216498802963
10.75	11.796367246479333
10.76	12.681350860681109
10.77	13.357209915711088
10.78	14.066353025071608
10.79	15.106612108045274
10.8	16.14867030929759
10.81	16.488474615000225
10.82	17.540839701077537
10.83	18.57657727080817
10.84	18.937587264292546
10.85	19.966277291538955
10.86	20.830434763254367
10.87	21.351005305495082
10.88	22.216000651549894
10.89	22.741424758537917
10.9	23.421514658539884
10.91	24.145149047398238
10.92	24.837630592134197
10.93	25.528936158728932
10.94	26.212945353674495
10.95	26.553802152364714
10.96	26.904398330539202
10.97	27.597834833707964
10.98	27.76016296642414
10.99	28.29763420514659
11.0	28.636232643824357
11.01	29.344285611009038
11.02	29.337262827544272
11.03	29.6731774909274
11.04	30.028320351817015
11.05	30.0382952098392
11.06	30.38565149075513
11.07	30.376857910911692
11.08	30.396704093354916
11.09	30.37486552121534
11.1	30.54959320233542
11.11	30.38688803700026
11.12	30.56948957979806
11.13	30.546839486301437
11.14	30.388017241560046
11.15	30.018484119227203
11.16	30.3695370219584
11.17	29.699244260328086
11.18	29.682454692908415
11.19	29.325914322906815
11.2	28.987616307233026
11.21	28.984563439254554
11.22	28.48971122809701
11.23	27.775719826604192
11.24	27.773621580553208
11.25	26.91344159997336
11.26	26.582290235191298
11.27	25.868758939881122
11.28	25.531434721318497
11.29	24.82428446482744
11.3	24.117109273023342
11.31	23.61980046733485
11.32	22.754984879701468
11.33	22.047854153882007
11.34	21.372024371216668
11.35	20.84626786368344
11.36	19.450469365182542
11.37	19.286489022296614
11.38	18.23508766533256
11.39	17.527022401080224
11.4	16.689646456191202
11.41	15.982175580168235
11.42	15.107848109310849
11.43	14.395802302753479
11.44	13.721566666445648
11.45	12.666688541892496
11.46	11.983064264638
11.47	10.930116593554638
11.48	10.963367040544282
11.49	9.901098842352718
11.5	9.196886645798182
11.51	8.325603495179516
11.52	7.986837169930592
11.53	7.451011739466685
11.54	7.127102024561687
11.55	6.257522549205503
11.56	5.556590846445474
11.57	5.215459827476778
11.58	5.037162898272367
11.59	4.693222087024528
11.6	4.328444936145555
11.61	3.822847058181544
11.62	3.6470676305730825
11.63	2.782125014602002
11.64	2.780530474546784
11.65	2.6075752995551214
11.66	2.6144832318568256
11.67	2.250835943581077
11.68	2.255905552374885
11.69	1.5657137265699494
11.7	1.5566781127871256
11.71	1.2286322077761664
11.72	1.2032162658487142
11.73	1.223218516905506
11.74	1.2135627510683071
11.75	1.189935759252799
11.76	1.0616963080392947
11.77	0.8864292595580567
11.78	0.8544083046354178
11.79	0.8654000426173305
11.8	0.8604076011036861
11.81	0.8768443028630665
11.82	1.22182184772597
11.83	0.8718408781470447
11.84	1.2216455767521057
11.85	1.219097184581871
11.86	1.2144162392903926
11.87	0.8753707974436942
11.88	1.5517761202556164
11.89	1.5673793566394034
11.9	1.5984114268428997
11.91	2.254017444740367
11.92	2.2666334242021855
11.93	2.2565076661387224
11.94	2.595353058785351
11.95	2.762083061240039
11.96	3.3001281098761086
11.97	3.662204710453988
11.98	3.6562979465862497
11.99	4.337438140767232
12.0	5.046966759277589
12.01	5.196244947881067
12.02	5.559149305546613
12.03	6.076486245493999
12.04	6.7568703641100045
12.05	7.816824226094634
12.06	8.18555486122544
12.07	8.690670480167467
12.08	9.369360674685304
12.09	10.242706719502943
12.1	11.101186299589777
12.11	11.111178619902388
12.12	11.976008667501674
12.13	13.190850463940416
12.14	13.720401378481611
12.15	14.775230300817116
12.16	15.462352116059787
12.17	16.160122416766722
12.18	16.656975951932555
12.19	17.52706893053368
12.2	18.233063704221813
12.21	18.918110671946867
12.22	19.436049619227173
12.23	20.31796966114586
12.24	21.010519175290465
12.25	21.696674382428277
12.26	22.019325367184457
12.27	22.73251755596634
12.28	23.43671378859249
12.29	23.784822673133167
12.3	24.4634861045938
12.31	24.834781704673784
12.32	24.98262880560417
12.33	25.860548619353153
12.34	26.22356059227906
12.35	26.89788115025647
12.36	26.899738751008854
12.37	27.257800759197522
12.38	27.41866818898676
12.39	27.60429629114862
12.4	27.777728396209472
12.41	27.771078237873805
12.42	28.30761158384225
12.43	28.648653623547965
12.44	28.666348032800887
12.45	29.160028476828927
12.46	29.17719611823728
12.47	29.337841532430613
12.48	29.33690002631048
12.49	29.324530784250662
12.5	29.33579856200347
12.51	29.499107620675133
12.52	29.337271242686374
12.53	29.68356941307033
12.54	29.522753729007285
12.55	29.33549458546629
12.56	29.331903457269796
12.57	29.51313745835225
12.58	29.71154071306357
12.59	29.344655815252967
12.6	29.34033786094365
12.61	29.50884349130491
12.62	29.180994211825443
12.63	29.186249630984367
12.64	28.987175353064526
12.65	29.345120309973233
12.66	28.80513617299426
12.67	28.29486957311141
12.68	27.777221322208913
12.69	27.767529198631674
12.7	27.772407846280036
12.71	27.59416435288296
12.72	27.438501678814504
12.73	27.287059463048944
12.74	26.717862704043586
12.75	26.042987671349977
12.76	25.86680810542972
12.77	25.000036503733465
12.78	24.654061861265493
12.79	24.48615038109343
12.8	24.11357575752707
12.81	23.259893644383826
12.82	23.08786074885495
12.83	22.219832808776893
12.84	21.870773075695933
12.85	21.00607149206591
12.86	20.483100732101395
12.87	19.447343642282913
12.88	19.096425955560445
12.89	18.92184992563476
12.9	18.23192523177013
12.91	17.359251535483725
12.92	16.654819298162334
12.93	16.140838618026073
12.94	15.441836626007396
12.95	14.755927168850995
12.96	13.870984798798377
12.97	13.547540126490157
12.98	12.674922938782519
12.99	12.324053480138618
13.0	11.1208947548508
13.01	11.120667781869745
13.02	10.77118363845111
13.03	10.406013741265063
13.04	9.552826962524142
13.05	9.206828432476645
13.06	8.855430190772772
13.07	8.332858476234955
13.08	7.986728654714157
13.09	7.2965280160010595
13.1	7.0977129151984855
13.11	6.780468363018368
13.12	6.44321529260757
13.13	6.432200946330146
13.14	6.078263081581855
13.15	5.555091255086123
13.16	5.210013118489248
13.17	5.199754612513961
13.18	5.040451257497847
13.19	5.049821031564241
13.2	4.681434992588832
13.21	4.52950200331062
13.22	4.355128686033814
13.23	4.355913635743077
13.24	4.166079454902602
13.25	4.336810478274171
13.26	4.184749034391144
13.27	3.9820159242540427
13.28	4.154239963853367
13.29	3.8108612496094185
13.3	3.9906657673243515
13.31	3.8186234355398194
13.32	4.356123797609061
13.33	4.330375127453808
13.34	4.331308669297667
13.35	3.991990153584299
13.36	4.348655788529955
13.37	4.531502415494979
13.38	4.511952906982666
13.39	5.0277275403989705
13.4	5.223159279595545
13.41	5.206463315239912
13.42	5.560187501224854
13.43	5.550915141138118
13.44	6.065794308986208
13.45	6.598935634546081
13.46	6.773407148014578
13.47	7.305135043027356
13.48	7.796894516216904
13.49	8.328748354193577
13.5	8.34263913119187
13.51	9.194072731600155
13.52	9.381008424253391
13.53	10.061393860157343
13.54	10.402490262787802
13.55	10.930886403136208
13.56	11.122569984923993
13.57	12.142463236210736
13.58	12.683540027071437
13.59	13.355196702883202
13.6	13.890124131332518
13.61	14.232453547082045
13.62	15.474881663552022
13.63	15.619333586432834
13.64	16.146804045150375
13.65	16.654843054778485
13.66	17.542390736163878
13.67	18.233949007664215
13.68	18.912577202380508
13.69	19.262231075425078
13.7	20.14604011232776
13.71	20.319703597157396
13.72	21.01270988182768
13.73	21.69850121819965
13.74	21.724796893264305
13.75	22.206682322683108
13.76	22.720058680385065
13.77	23.265941946445494
13.78	23.79189171984452
13.79	23.95507340398412
13.8	24.46319291862452
13.81	24.645508712577715
13.82	24.99446845086125
13.83	25.008328200202072
13.84	25.85928843207588
13.85	25.861137105061236
13.86	25.877444999390708
13.87	26.197232529013565
13.88	26.5735719283504
13.89	26.212158244010205
13.9	26.56266348001034
13.91	26.56910856317172
13.92	26.720274365609384
13.93	26.555490295295108
13.94	26.750023363978656
13.95	26.716795164709477
13.96	26.727626058640315
13.97	26.90765177547656
13.98	26.731272606924826
13.99	26.727604271244733
14.0	26.57587852839488
14.01	26.723938290673352
14.02	26.723357174711037
14.03	26.55444688821904
14.04	26.57342359284448
14.05	26.396214251695017
14.06	26.21421815234767
14.07	26.029455872536275
14.08	26.042036576489654
14.09	26.03182356262062
14.1	25.52371837591587
14.11	25.68948546748391
14.12	24.99801602806604
14.13	25.001569394316228
14.14	24.826473167487546
14.15	24.49271101876933
14.16	23.95554177086536
14.17	23.7731359543742
14.18	23.45281921639044
14.19	23.267138303498662
14.2	22.207860845798255
14.21	22.233398227462594
14.22	21.688666578737283
14.23	20.999584639140064
14.24	20.650309310534624
14.25	20.29481880011188
14.26	19.428662514308197
14.27	18.95004112592879
14.28	18.396140707742887
14.29	17.705671058155232
14.3	16.68384997499159
14.31	16.128262938194972
14.32	15.627648754829115
14.33	14.751373077951854
14.34	13.876479293354816
14.35	13.706874739579959
14.36	13.00841785591246
14.37	12.32804549089193
14.38	11.10834584008939
14.39	10.760249667282721
14.4	9.886836954347158
14.41	9.207055206156983
14.42	8.84853725522918
14.43	7.989991207792478
14.44	7.822891729534037
14.45	7.277196768276427
14.46	6.423609714137792
14.47	6.091572981880765
14.48	5.5661295827745185
14.49	4.8547983828810155
14.5	4.685729497848048
14.51	4.33991714438337
14.52	4.003460719114511
14.53	3.6563783086861585
14.54	2.775223759235079
14.55	2.5992031109692726
14.56	2.589548085921441
14.57	2.4310642394882174
14.58	2.272021855916447
14.59	1.7423598515160073
14.6	1.7411538831883022
14.61	1.575309076563548
14.62	1.5604472206105056
14.63	1.562057680165101
14.64	0.8610823505364643
14.65	1.0380498298430958
14.66	1.0515422406089947
14.67	0.860544062710082
14.68	0.8904747521456349
14.69	1.041865220460267
14.7	1.0424023537663778
14.71	1.3959780830491382
14.72	1.218269375342121
14.73	1.565628997474729
14.74	1.5708408998655816
14.75	1.7175999080957842
14.76	1.9152980304165934
14.77	2.2390009346066426
14.78	2.4360955407078
14.79	2.780879074772275
14.8	3.311792087495385
14.81	3.4757406162813043
14.82	3.8228943098425354
14.83	4.342160632586382
14.84	5.027688832715225
14.85	5.394254700165905
14.86	5.5621230198749085
14.87	6.426679661584448
14.88	7.111144819585348
14.89	7.812210418012116
14.9	8.317650696965936
14.91	9.213870929907255
14.92	9.89784644136214
14.93	10.595556409392064
14.94	11.105892208618767
14.95	11.977721131987298
14.96	12.846274950294758
14.97	13.713745572617817
14.98	14.42342382885896
14.99	15.09689375202571
15.0	15.806524818591214
15.01	16.49150536437379
15.02	17.36705103797625
15.03	17.878945587103402
15.04	18.9105950262855
15.05	19.448202991759434
15.06	20.30421826148969
15.07	20.664335572502576
15.08	21.7048003909738
15.09	22.045880817959006
15.1	22.21285485724396
15.11	22.919627141435697
15.12	23.799441563179315
15.13	23.960852531533536
15.14	24.650540126108737
15.15	24.81825763180127
15.16	25.502838041802907
15.17	25.859198529402782
15.18	26.033090473571807
15.19	26.36949060597598
15.2	26.922273511428482
15.21	26.90123457402242
15.22	27.258979804371272
15.23	27.244261186917853
15.24	27.250711227804864
15.25	27.601145701075488
15.26	27.766064067826196
15.27	27.767120980445895
15.28	27.774446343425556
15.29	27.796176974072704
15.3	27.770513156464293
15.31	27.785801857987053
15.32	27.77912217568819
15.33	27.773307105287618
15.34	27.78626911315267
15.35	27.607274802911345
15.36	27.60794602432004
15.37	27.619305337303647
15.38	27.254908977907824
15.39	26.931279503615063
15.4	26.745920326983985
15.41	26.732595355475333
15.42	26.20832451581733
15.43	25.878782433437454
15.44	25.343624765631954
15.45	25.010136820526963
15.46	24.6629452066328
15.47	24.130166282377495
15.48	23.620094752261405
15.49	23.091843894301416
15.5	22.209069086705675
15.51	21.857608118515714
15.52	21.01449797440155
15.53	20.650757748592877
15.54	19.440907578948586
15.55	19.27366337495816
15.56	18.219701973714553
15.57	17.541284628198014
15.58	16.65552055547476
15.59	16.13946357895285
15.6	15.628345554936606
15.61	14.764002326284645
15.62	13.887127295862985
15.63	13.024780846105976
15.64	12.675018815563615
15.65	11.611346300158974
15.66	10.923493571717511
15.67	10.07308187887274
15.68	9.53550130022406
15.69	9.202838710636502
15.7	7.990900844437712
15.71	7.278804746049563
15.72	6.606234369370589
15.73	6.095306932527133
15.74	5.5479236506675615
15.75	5.207189802430618
15.76	4.3400545798362185
15.77	4.371792598536425
15.78	3.627344447517827
15.79	2.78160065420515
15.8	2.7521168968426832
15.81	2.423244016936908
15.82	2.2370497824190574
15.83	1.7490607405704375
15.84	1.5634920328703001
15.85	1.390125001171776
15.86	1.0150839130411549
15.87	0.8684611620535886
15.88	0.5212432628279177
15.89	0.6971106405320678
15.9	0.5154146161622228
15.91	0.012626922417526748
15.92	-0.012448097149183135
15.93	-0.011242879218482563
15.94	-0.03194040964827306
15.95	0.0014361845360583373
15.96	0.005783531813086706
15.97	0.5352146463297405
15.98	-0.0020500638183235244
15.99	0.8849991190070983
16.0	1.0356620969073524
16.01	1.0400366637569272
16.02	1.2198330228755698
16.03	1.5612761963195734
16.04	2.2617038581962006
16.05	2.2534188268811044
16.06	2.7635240339457834
16.07	2.7728017359300328
16.08	3.6603164158229244
16.09	4.165129914543461
16.1	4.699296178989958
16.11	5.370306925170784
16.12	5.547948754741119
16.13	6.421647359562539
16.14	7.284897490306049
16.15	7.995391096587607
16.16	8.662735607373989
16.17	9.551476389269377
16.18	10.248173179747894
16.19	10.752450721630547
16.2	11.621561932550224
16.21	12.679001019859031
16.22	13.383738664100083
16.23	13.894773662453114
16.24	14.92813466988933
16.25	15.455379046529947
16.26	16.303892603201728
16.27	17.3608537176254
16.28	17.70940668145625
16.29	18.572561380928605
16.3	19.28028061443201
16.31	19.795750442249243
16.32	20.48242857553937
16.33	21.178743795798024
16.34	21.711597536030663
16.35	22.22728454508911
16.36	22.579130511486767
16.37	23.07688640959166
16.38	23.793126659306942
16.39	23.92559484092011
16.4	24.46936108129508
16.41	24.998934346606728
16.42	25.519114573094797
16.43	25.52625396697982
16.44	26.05037321618473
16.45	26.229439115890585
16.46	26.734048395145756
16.47	26.746070193518644
16.48	27.25169969696054
16.49	27.42504456692077
16.5	27.42596603532335
16.51	27.605215369116998
16.52	27.616513779683018
16.53	27.602487137708124
16.54	27.78307815656242
16.55	27.747572512902465
16.56	27.778610176689742
16.57	28.30674006818171
16.58	28.477821000028865
16.59	28.12154470358333
16.6	28.127465766548163
16.61	28.287928688837773
16.62	27.782995187770283
16.63	27.772109623460846
16.64	27.78840074241977
16.65	27.77334164458267
16.66	27.425181005434407
16.67	27.238609113197388
16.68	27.271391234894477
16.69	26.757421103985333
16.7	26.56025536504212
16.71	26.21887245902572
16.72	25.866861028573272
16.73	25.680260085085614
16.74	25.017267099922428
16.75	25.009741249651295
16.76	24.485050135027105
16.77	23.788574091209163
16.78	23.438514394100288
16.79	23.073845621967397
16.8	22.20360089868678
16.81	21.849741658565904
16.82	21.351049056648453
16.83	21.014948827246897
16.84	20.326204374230386
16.85	19.461780335831232
16.86	18.912213736448464
16.87	18.40223397241446
16.88	17.701460654925935
16.89	17.176841534481195
16.9	16.32244904556001
16.91	15.787907783132422
16.92	14.923334007383927
16.93	14.746520039520497
16.94	13.884206799594011
16.95	13.370155859363592
16.96	12.683321449337958
16.97	11.984828147206272
16.98	11.115179811855228
16.99	11.104617741470705
17.0	10.593002559528548
17.01	9.899645652833719
17.02	9.368393424727172
17.03	8.860634190213487
17.04	8.338246840707935
17.05	7.823171840087562
17.06	7.820525207274604
17.07	7.129835475121004
17.08	6.958630156043426
17.09	6.422844162562146
17.1	5.5459338597980965
17.11	5.553613035068159
17.12	5.206823096894781
17.13	5.20488955572334
17.14	4.8706966307199355
17.15	5.020203323195087
17.16	4.345438399144
17.17	4.169752623879014
17.18	3.993284159938372
17.19	4.1703039167425
17.2	3.843550724233015
17.21	4.169196176623262
17.22	3.988637647231729
17.23	3.8363989644811625
17.24	3.8270901076321433
17.25	3.659251281777036
17.26	3.6407796327623907
17.27	3.6574784024494926
17.28	3.8171929349783555
17.29	3.996638897989746
17.3	4.003590606760297
17.31	4.363400957865105
17.32	4.325320872576602
17.33	4.330926307802162
17.34	4.858435565699627
17.35	5.024230528470349
17.36	5.364942360646462
17.37	5.555885407644383
17.38	6.068895253803304
17.39	6.431658416502733
17.4	6.77002092067629
17.41	7.115768904767671
17.42	7.803035958067676
17.43	8.005200207358701
17.44	8.855638402802198
17.45	9.379097381957447
17.46	9.904789390604323
17.47	10.606969201134552
17.48	11.10327874842864
17.49	11.622692432726796
17.5	12.325107237848197
17.51	13.005492105011625
17.52	13.894687241351166
17.53	14.765426851308684
17.54	15.277353331357487
17.55	16.134497130293962
17.56	16.660625494721206
17.57	17.19234648395124
17.58	18.22894545264433
17.59	18.59824046078621
17.6	18.921373009224666
17.61	19.975808142961398
17.62	20.652594897228084
17.63	21.180203733830588
17.64	21.70963516419883
17.65	22.2406041135472
17.66	22.750569931500227
17.67	23.414196630583227
17.68	23.79209166917063
17.69	24.47383794313836
17.7	24.831128718797356
17.71	24.984431921592375
17.72	24.998685001990907
17.73	25.86626527904772
17.74	26.046201356329213
17.75	26.222327351463452
17.76	26.75591346489103
17.77	26.913864996275645
17.78	26.909428671377853
17.79	26.913595380440263
17.8	27.27255651180437
17.81	27.256038567306682
17.82	27.617223151827055
17.83	27.619652583073318
17.84	27.592465566334035
17.85	27.624672843023863
17.86	27.24800369398935
17.87	27.254220675184676
17.88	27.450158273984847
17.89	27.240138768126545
17.9	26.924647322878194
17.91	26.730201782264277
17.92	26.387927529875917
17.93	26.212787382222388
17.94	25.857095249945676
17.95	25.335528124384176
17.96	24.98284412648089
17.97	24.46802887881633
17.98	24.123751455519596
17.99	23.447862005191517
18.0	23.096232170191914
18.01	22.23548370487506
18.02	21.710963240911926
18.03	21.377675682191274
18.04	20.49667519753322
18.05	19.4315855236327
18.06	19.0898382341267
18.07	18.38950641753933
18.08	17.87934832938455
18.09	16.6737321863513
18.1	16.50366285755314
18.11	15.634414956783168
18.12	14.93554663794015
18.13	13.907360843721065
18.14	13.705959418560685
18.15	13.034849136539933
18.16	12.339746352438528
18.17	11.79492693083952
18.18	11.104287928592637
18.19	10.754677767934464
18.2	10.069779472742665
18.21	9.548887959153857
18.22	9.216777772414083
18.23	8.344420810658185
18.24	8.155912461204922
18.25	7.978284045954522
18.26	7.29157238583776
18.27	6.772919847210708
18.28	6.399101042313741
18.29	6.407971818869703
18.3	5.8926440648610665
18.31	5.549089971736517
18.32	5.211764896471409
18.33	5.0345830614454945
18.34	4.870428056424758
18.35	4.5045176879116005
18.36	4.517791273483767
18.37	4.514222478702109
18.38	4.003894969709737
18.39	3.842483680482659
18.4	3.8066515971772104
18.41	3.8123830164359336
18.42	3.9930661837574197
18.43	3.6429673829783953
18.44	3.648854751288929
18.45	3.9981589405865434
18.46	3.644934492416627
18.47	3.6386995643411018
18.48	3.8323969785627936
18.49	3.9928726059225204
18.5	3.986078176579487
18.51	4.003715982797849
18.52	4.34638489904489
18.53	4.339921313381554
18.54	5.032013679840813
18.55	5.206365135966643
18.56	5.562407399533501
18.57	5.907094804733154
18.58	6.588932189884103
18.59	7.125249280463076
18.6	7.804454207337225
18.61	7.985028054745912
18.62	8.679505256689076
18.63	9.206760298285703
18.64	10.054412408165813
18.65	10.767278203291362
18.66	11.11986773805749
18.67	12.14478989382163
18.68	13.361398481779297
18.69	13.550414297274052
18.7	13.897079865755332
18.71	15.102445991569446
18.72	16.153582501529097
18.73	16.667154129137394
18.74	17.522160866983935
18.75	18.22574617556589
18.76	18.91593439445635
18.77	19.45459062795784
18.78	20.32800019398382
18.79	21.00294170045857
18.8	21.697312267160203
18.81	22.2208193576585
18.82	22.742887842275437
18.83	23.416460541189757
18.84	23.97434282761793
18.85	24.484264740165553
18.86	24.996588048980154
18.87	24.99095087342443
18.88	25.35267531484356
18.89	25.863546481839318
18.9	26.388877134982163
18.91	26.57978474994564
18.92	26.56594716420116
18.93	27.094043264376644
18.94	27.274544459461378
18.95	27.239982315520123
18.96	27.613301979455994
18.97	27.607396975536098
18.98	27.616157317921264
18.99	27.607796421018264
19.0	27.60907023884871
19.01	27.618152606965403
19.02	27.59246360872076
19.03	27.597326595637533
19.04	27.60133570729263
19.05	27.58605185111815
19.06	27.250887521018036
19.07	27.25920366473568
19.08	27.248369106956762
19.09	26.908773266925287
19.1	26.551740870517904
19.11	26.551414787972046
19.12	26.01894878541574
19.13	25.868195441835585
19.14	25.521340237576858
19.15	24.99554103079589
19.16	24.642072709605877
19.17	24.1294942065643
19.18	23.44111305638556
19.19	23.257712156267306
19.2	22.925305770045703
19.21	22.04121781784663
19.22	21.706753621691302
19.23	21.000657876361334
19.24	20.66318076768099
19.25	19.432953731103314
19.26	18.928068068401597
19.27	18.407186094981675
19.28	17.699368352333856
19.29	16.679164702756555
19.3	16.297611375750012
19.31	15.447556866321806
19.32	14.76446981428426
19.33	13.885190758824768
19.34	13.376652884856512
19.35	12.664747064999712
19.36	12.129152423654364
19.37	11.116163514328203
19.38	10.76064686702892
19.39	9.884581528903675
19.4	9.20648579189637
19.41	8.331118883218773
19.42	7.835300683035015
19.43	7.296274021946069
19.44	6.770172032200651
19.45	6.432324604475875
19.46	5.5528347800260205
19.47	5.207729449467184
19.48	5.0418563066165065
19.49	4.337572405033283
19.5	3.985168171501736
19.51	3.65459623669829
19.52	3.133444263921106
19.53	2.790271838141479
19.54	2.4482169181144515
19.55	2.082443752742696
19.56	2.055343479837921
19.57	1.7292922515880946
19.58	1.5571272939744782
19.59	1.2164531731530412
19.6	1.2194525221438715
19.61	1.052176710174352
19.62	0.8751369817627694
19.63	0.8631239866162037
19.64	0.5360627078552289
19.65	-0.009548355215319408
19.66	0.5243122451537862
19.67	0.5108227881151071
19.68	0.3623111161655679
19.69	-0.009865345619307053
19.7	-0.0030929276078489804
19.71	0.015147027911543412
19.72	0.8740332206240959
19.73	0.8603328267262362
19.74	0.7070267950697691
19.75	0.6654379531306088
19.76	1.2166033481722651
19.77	1.3956318870509805
19.78	1.5712658524868992
19.79	1.5591077839146883
19.8	1.5595390060437184
19.81	1.915312596427029
19.82	2.4443688282088747
19.83	2.6145675008653795
19.84	2.780313264494836
19.85	3.313073866026062
19.86	3.8201932093537034
19.87	4.52043592441606
19.88	4.704571544631235
19.89	5.01759952466564
19.9	5.5617281515133286
19.91	6.059167872452717
19.92	7.108067381915133
19.93	7.474337928543302
19.94	7.993359353097405
19.95	8.354588940871668
19.96	9.199604056705134
19.97	9.887175976728804
19.98	10.588404353242527
19.99	10.926222732465236
20.0	11.117746610256544
