10.01	5.572154249320584
10.02	5.8593940644501
10.03	6.151102861344163
10.04	6.921267127480132
10.05	7.5179030237284366
10.06	8.12356227609717
10.07	8.265448387545835
10.08	9.332685964897461
10.09	9.785669765009981
10.1	10.068486518260865
10.11	10.694814253592035
10.12	11.422875898149657
10.13	11.74372197630957
10.14	12.6373774808116
10.15	12.768926525587325
10.16	13.389299461360464
10.17	14.129951631436922
10.18	14.43303259483166
10.19	14.750061931844405
10.2	15.176271105649164
10.21	15.504490077595593
10.22	16.24896101039687
10.23	16.551938125151434
10.24	16.846285587405898
10.25	17.293886310538316
10.26	17.59709788678004
10.27	17.889271448237135
10.28	17.89350273776997
10.29	18.359334446556105
10.3	18.644305869007155
10.31	18.792459622464808
10.32	18.946663782044787
10.33	19.233522018182605
10.34	19.251367692461145
10.35	19.53558418903172
10.36	19.54793186767461
10.37	19.538324230354544
10.38	19.53936790588212
10.39	19.549184779405035
10.4	19.83020484473035
10.41	19.857380546224874
10.42	19.842333674091122
10.43	19.71120679280855
10.44	19.84873842838966
10.45	19.70979209490745
10.46	19.545603020841266
10.47	19.845119536755174
10.48	19.533180376687408
10.49	19.53966460201761
10.5	19.57668526496141
10.51	19.402332041779257
10.52	19.257456000728084
10.53	19.251958708784823
10.54	18.637307976804482
10.55	18.634951113705934
10.56	18.66449440577476
10.57	17.89965600294554
10.58	17.898104441217974
10.59	17.75114383563503
10.6	17.74383419568083
10.61	17.457290171902425
10.62	16.845355812619925
10.63	16.824015659159123
10.64	16.38650095124961
10.65	16.2487241640417
10.66	15.943981620713188
10.67	15.329431466405403
10.68	14.892202517650055
10.69	14.724511739896727
10.7	14.14880691522542
10.71	13.853146976901142
10.72	13.075299237303817
10.73	12.630949461616508
10.74	12.47878637454306
10.75	11.736846150792129
10.76	11.43873442199266
10.77	10.676596420147826
10.78	10.230605544024499
10.79	9.935450807548321
10.8	9.328760360844754
10.81	9.15140328070083
10.82	8.71869929998828
10.83	8.11671173820445
10.84	7.539475249860569
10.85	7.2117970152979884
10.86	6.924903356771578
10.87	6.314214741890297
10.88	5.865400659886272
10.89	5.434551087320381
10.9	5.122079377610676
10.91	4.8074074738599375
10.92	4.785927406945452
10.93	4.21951961912333
10.94	3.9010394117243083
10.95	3.465558015352057
10.96	3.286578924379962
10.97	3.298552724114328
10.98	2.8689873201736695
10.99	2.7039999225921685
11.0	2.4141636133898996
11.01	2.4212514530514224
11.02	2.4102067778948797
11.03	2.394651037660723
11.04	2.097162501643315
11.05	1.7913625057635811
11.06	1.8025998514827255
11.07	1.808353012782347
11.08	1.8010801165220915
11.09	2.1094336951104213
11.1	1.8029491861833735
11.11	2.106192163153942
11.12	2.1087977726653375
11.13	2.3986146150271797
11.14	2.7079893235546875
11.15	2.7260557754000625
11.16	3.1471478211078217
11.17	3.321281933944518
11.18	3.8982983390035058
11.19	3.8898452344970544
11.2	4.5103290920416015
11.21	5.118118146983773
11.22	5.431545890953804
11.23	5.847684391195044
11.24	6.325323633463625
11.25	6.913055432548837
11.26	7.515965098902833
11.27	8.123133142990511
11.28	8.723119738879648
11.29	9.169011513634926
11.3	9.76818968118893
11.31	10.531278425971335
11.32	10.84275083828036
11.33	12.026761255027044
11.34	12.341006651624928
11.35	12.932433910355396
11.36	13.24268504230278
11.37	14.131655657449429
11.38	14.752028546475888
11.39	15.342864574921236
11.4	15.930896611161089
11.41	16.244742712047984
11.42	16.846384924342704
11.43	17.12955923691237
11.44	17.58985348528186
11.45	17.898406070753552
11.46	18.638330984338552
11.47	18.93626923372855
11.48	19.553720450159684
11.49	19.69081765395012
11.5	20.154051511170927
11.51	20.295475498083036
11.52	20.75736384704072
11.53	20.750843039189586
11.54	20.899900343705152
11.55	21.3552471404522
11.56	21.329210786202683
11.57	21.364062471618066
11.58	21.503976638693437
11.59	21.341724920570012
11.6	21.36900538042602
11.61	21.338171879695736
11.62	21.05484243890936
11.63	21.05578692230242
11.64	20.738155959886555
11.65	20.75115774712722
11.66	20.299053922360756
11.67	20.153670128426654
11.68	19.54733564743425
11.69	19.244542618974215
11.7	19.25173092910388
11.71	18.649094388316755
11.72	17.89723904686973
11.73	17.75806447464613
11.74	17.135545832053644
11.75	17.149310026393685
11.76	16.230308695463293
11.77	15.628503335025686
11.78	14.725585716057731
11.79	14.72686381306421
11.8	13.983324647116824
11.81	13.537734791104178
11.82	12.930544709578824
11.83	12.330844211957476
11.84	11.721917190324673
11.85	11.113097075516036
11.86	10.53476025747676
11.87	9.949652958046718
11.88	9.61531392968397
11.89	9.015630863799409
11.9	8.268444411772434
11.91	7.959230499780451
11.92	7.5364524671695285
11.93	6.912968578904652
11.94	6.62748782213852
11.95	5.869819104983343
11.96	5.717416957346432
11.97	5.116431764508086
11.98	5.121149573396359
11.99	4.49429817263999
12.0	4.218075701584484
12.01	3.905816091145062
12.02	3.7470362779941166
12.03	3.3191877069306854
12.04	3.171725110560373
12.05	2.7161031686386434
12.06	2.718187477658315
12.07	2.3950264682949136
12.08	2.400535961879564
12.09	2.1128898967237477
12.1	2.4158896136450356
12.11	2.1138267666852792
12.12	2.0899515065709102
12.13	2.093335972480797
12.14	2.111566330772884
12.15	1.9611196800710415
12.16	1.8042374759240054
12.17	2.102759687124119
12.18	2.117856912182382
12.19	2.415724275225296
12.2	2.39938818017845
12.21	2.399456577892039
12.22	2.692360570450818
12.23	2.6890972088368987
12.24	3.0073907027848468
12.25	3.2995728143319116
12.26	3.4598393240599137
12.27	4.188646603009149
12.28	4.513721096142609
12.29	4.81032668291904
12.3	5.125470608698772
12.31	5.419037981543664
12.32	5.871968671671711
12.33	6.46227647263893
12.34	7.2136099921135965
12.35	7.53301911169814
12.36	7.800969453041743
12.37	8.276053179889669
12.38	9.023927124818055
12.39	9.628482171470578
12.4	10.220561245152204
12.41	10.686175905302893
12.42	11.295809869899434
12.43	11.737872495003508
12.44	12.337151749534915
12.45	12.94196962351865
12.46	13.82601245461036
12.47	14.420272575489859
12.48	14.742119406648154
12.49	15.498721440194187
12.5	15.940206984890839
12.51	16.85998962482635
12.52	17.28782124511511
12.53	17.871754889637614
12.54	18.34062845035436
12.55	19.235553604960945
12.56	19.55933830694499
12.57	20.148461530104534
12.58	20.308500779709536
12.59	21.041837170531764
12.6	21.356330085643116
12.61	21.959506622048977
12.62	21.96327766750668
12.63	22.553845875490495
12.64	22.55112048568971
12.65	22.712881090319495
12.66	23.15899041658531
12.67	23.477914727049846
12.68	23.465499272688238
12.69	23.609425689281917
12.7	23.755735187107387
12.71	23.76517578283371
12.72	23.465797104374982
12.73	23.772446304974043
12.74	23.778792924125547
12.75	23.468369097995446
12.76	23.443375847842365
12.77	22.709555480799285
12.78	22.723781885404314
12.79	22.556507578249512
12.8	22.555127361510973
12.81	22.090652969326367
12.82	21.974186076836524
12.83	21.65961360464184
12.84	21.05281943558448
12.85	20.737293396187365
12.86	20.14773641898615
12.87	20.145578641655025
12.88	19.553335382086235
12.89	18.942335488341
12.9	18.63518108562475
12.91	17.91597386723965
12.92	17.458224870260707
12.93	17.148633668976487
12.94	16.545957185058008
12.95	15.952031172092928
12.96	15.47932536799512
12.97	14.75722922364188
12.98	14.45449498503342
12.99	14.129885994235865
13.0	13.085332599509146
13.01	12.93151230068251
13.02	12.34523535657653
13.03	11.748030544231613
13.04	11.142963153184757
13.05	10.668799646545347
13.06	10.236083637750546
13.07	9.628871071062068
13.08	9.347481317408132
13.09	8.874039981058917
13.1	8.28199842532838
13.11	8.119739955755971
13.12	7.5231427189050155
13.13	7.202684003507138
13.14	6.913187339464881
13.15	6.306276664725257
13.16	5.862072615546841
13.17	5.406329078453921
13.18	5.393228902406406
13.19	5.120996023426015
13.2	4.81920727348084
13.21	4.507068638125124
13.22	4.496252882062913
13.23	4.211386717112013
13.24	4.216129217941008
13.25	3.452280438398168
13.26	3.4462810234498096
13.27	3.3082690192381428
13.28	3.311379838649643
13.29	3.2919174514169707
13.3	2.993188660274018
13.31	3.2973977912616865
13.32	3.0035892711502377
13.33	3.0174219092242827
13.34	2.996167200904537
13.35	3.313612143318195
13.36	3.2987560330544357
13.37	3.000797125858146
13.38	3.3104296130483752
13.39	3.475947202761614
13.4	3.297090755727255
13.41	3.9010869652807307
13.42	4.213391265275576
13.43	4.220407645815154
13.44	4.799651905780781
13.45	4.8346167684864
13.46	5.253393571807695
13.47	5.725326720121568
13.48	5.848972949322199
13.49	6.623021892619095
13.5	6.900613908422839
13.51	7.494547478670022
13.52	8.111560156621513
13.53	8.286917595170657
13.54	9.03040303992014
13.55	9.6200442794093
13.56	10.218613218273992
13.57	10.538037589997092
13.58	11.14618343365553
13.59	11.735892958262667
13.6	12.3225038562314
13.61	12.922968347420072
13.62	13.22715099336392
13.63	13.827181501815303
13.64	14.42547177707533
13.65	14.74029430241778
13.66	15.33914208876983
13.67	15.496738780511457
13.68	15.91658748179255
13.69	16.824619097097052
13.7	16.987829469986472
13.71	17.30696283863263
13.72	17.74451119954968
13.73	17.903193707833946
13.74	17.896504820361542
13.75	18.487348921145056
13.76	18.64499223244911
13.77	18.936717174152523
13.78	18.948189652068436
13.79	19.2605348096463
13.8	19.541303871003493
13.81	19.547449012456497
13.82	19.56820693074093
13.83	19.557093844324207
13.84	19.557580776598293
13.85	19.558104153590943
13.86	19.553850200650114
13.87	19.251148807140147
13.88	19.556520599630183
13.89	19.543514299320698
13.9	19.55062656644019
13.91	19.255980453171777
13.92	18.950201682247613
13.93	18.934056717072863
13.94	18.942125332275904
13.95	18.642819041155743
13.96	18.343135005134354
13.97	18.331162127624626
13.98	17.894566350284542
13.99	17.75285140497782
14.0	17.14670989393639
14.01	17.151298163891205
14.02	16.536833597350416
14.03	16.559744867070485
14.04	15.92252388029127
14.05	15.50363120709188
14.06	15.328080901337916
14.07	14.75018568897561
14.08	14.437802487751286
14.09	13.846893786498109
14.1	13.535298604868698
14.11	12.930834195377244
14.12	12.478755837584169
14.13	11.911191665757803
14.14	11.446688797995828
14.15	10.688904309500206
14.16	10.23637053309698
14.17	9.927416273371191
14.18	9.340680543901913
14.19	8.72053685322803
14.2	8.269678327362714
14.21	7.542185860727445
14.22	7.2395795382376695
14.23	6.766906603790021
14.24	6.327801970765736
14.25	5.7251521208413285
14.26	5.2665169658382025
14.27	4.948009744661995
14.28	4.813167250801987
14.29	4.509342252597444
14.3	3.906936175136118
14.31	3.3168684380866496
14.32	3.289984948294609
14.33	2.7119364448664403
14.34	2.691066627562271
14.35	2.4006346256845914
14.36	2.1026347166176804
14.37	1.7887069605559707
14.38	1.8015116133193634
14.39	1.515568847209241
14.4	1.0445227765417995
14.41	1.0566702345688952
14.42	0.9026815375539858
14.43	0.8963275205735936
14.44	0.9010770060360037
14.45	0.9001400448697805
14.46	0.9005473332660059
14.47	0.9075895163782544
14.48	0.5915466774242092
14.49	0.9069843196418573
14.5	0.613501187621757
14.51	0.6038469660728544
14.52	0.6028444852499798
14.53	0.5928673970692326
14.54	0.8937894098854896
14.55	1.0401596657723804
14.56	1.20762192661097
14.57	1.491742921524222
14.58	1.4901148765478043
14.59	1.7906584276959483
14.6	1.804310907314457
14.61	2.111459711592083
14.62	2.408098558002945
14.63	2.7141525334025984
14.64	3.0004989326273583
14.65	3.4626946993113425
14.66	3.4574807413370148
14.67	4.213486897458904
14.68	4.507351000015502
14.69	5.12462999054952
14.7	5.41887472757756
14.71	5.8530067348347306
14.72	6.32399018858059
14.73	6.903973150418857
14.74	6.89737755621072
14.75	7.522235594295756
14.76	8.12038347867478
14.77	8.569876246354433
14.78	9.013067500525379
14.79	9.635683699904348
14.8	9.922797391524812
14.81	10.216339269779471
14.82	10.524315954416748
14.83	11.116687131333482
14.84	11.430802251017438
14.85	11.718875173311602
14.86	12.027599312851663
14.87	12.34504276201871
14.88	12.932608932593746
14.89	12.942499774106484
14.9	13.09070411567609
14.91	13.523077575639281
14.92	13.854119797120596
14.93	14.137531133910965
14.94	14.43829861620009
14.95	14.41981088525669
14.96	14.430260205542195
14.97	15.032616882385403
14.98	14.882255198058171
14.99	15.05138467225266
15.0	15.18239538154838
15.01	15.352579285097084
15.02	15.48687054882037
15.03	15.501480336130545
15.04	15.489640101068337
15.05	15.505969900254364
15.06	15.936218839142214
15.07	15.94314131261352
15.08	15.94332755518924
15.09	15.942928355505947
15.1	15.946745358561454
15.11	16.24455767692043
15.12	15.935465324762134
15.13	16.0848955993359
15.14	16.239316615401066
15.15	16.255033256769742
15.16	16.236945644812145
15.17	16.226479537912923
15.18	16.552451542318284
15.19	16.229223068967762
15.2	16.24207424987368
15.21	16.238189962759932
15.22	16.256140735233952
15.23	16.25636547623464
15.24	16.392660902248316
15.25	16.40367316777538
15.26	16.5603742471617
15.27	16.238054986715238
15.28	16.234562742275358
15.29	16.251660787910584
15.3	16.261767202386814
15.31	16.089472388853785
15.32	16.25105964493559
15.33	16.247262085044582
15.34	15.954466141279045
15.35	15.93660868932978
15.36	15.509439419674612
15.37	15.490701865002917
15.38	15.46572579105308
15.39	15.201009501996893
15.4	15.19076143023969
15.41	14.582723452381646
15.42	14.585515171695116
15.43	14.434695724531895
15.44	13.842591610054399
15.45	13.533935015386113
15.46	13.06957874775227
15.47	12.63187861917997
15.48	12.324123955943008
15.49	12.018033276665903
15.5	11.432373574981874
15.51	10.684840115193772
15.52	10.369548816292076
15.53	9.932459575221918
15.54	9.312853023173195
15.55	9.025618727310043
15.56	8.272441205528525
15.57	7.969669896646761
15.58	7.674500723308678
15.59	6.75052081754837
15.6	6.604168884828796
15.61	5.8675312019968
15.62	5.860872960728218
15.63	5.12699045325104
15.64	4.821782072097999
15.65	4.214654761567154
15.66	3.4656366025551795
15.67	3.3057960511258075
15.68	3.1597891227054693
15.69	2.7104817130068057
15.7	2.41766181365372
15.71	1.9483685364531695
15.72	1.8149900078501193
15.73	1.3404003290480482
15.74	1.0566832465114808
15.75	1.038966265566035
15.76	1.0534038405970871
15.77	0.7538314494300962
15.78	0.6050060064116419
15.79	0.5887769704137903
15.8	0.6010042057665278
15.81	0.15779612677345378
15.82	0.31615010285219575
15.83	0.29545968741743034
15.84	0.29908878529491084
15.85	0.1531187328447775
15.86	0.5977642624640307
15.87	0.5882143087812784
15.88	0.7648365174940549
15.89	0.7588168510781361
15.9	1.0526354250676477
15.91	1.045276482036349
15.92	1.039809329248564
15.93	1.7977142486032172
15.94	1.9634484797300518
15.95	2.4150601521327046
15.96	2.9999065459171295
15.97	3.166570206742645
15.98	3.4582005818726236
15.99	4.209768628434976
16.0	4.372945480275191
16.01	4.807955406892298
16.02	5.421899109585999
16.03	5.870626331875743
16.04	6.598236971493254
16.05	6.928877251895426
16.06	7.372225252885615
16.07	7.821422903777418
16.08	8.26198762376977
16.09	9.014722026767625
16.1	9.622748532400351
16.11	10.226835518929652
16.12	10.23619641642956
16.13	10.688834284110714
16.14	11.42350047742884
16.15	11.567036423313317
16.16	12.188994418470129
16.17	12.465130764522838
16.18	12.933858642364326
16.19	13.088430525611182
16.2	13.396195911814782
16.21	13.873379267206415
16.22	14.153537435511705
16.23	14.436394470151669
16.24	14.724396138855143
16.25	14.72673824189994
16.26	14.732578890694002
16.27	15.025131895509903
16.28	15.338589341787644
16.29	15.481954742187012
16.3	15.50273608579026
16.31	15.486988187856515
16.32	15.480063417062425
16.33	15.48863385316057
16.34	15.483309626695329
16.35	15.49436597936751
16.36	15.500041914805898
16.37	15.487113320909746
16.38	15.495057559145224
16.39	15.494615943950242
16.4	15.343488886801756
16.41	15.358167451717767
16.42	15.189344196905086
16.43	15.195309083729374
16.44	15.03479604577976
16.45	14.744391796190891
16.46	14.585989140757208
16.47	14.444284668819595
16.48	13.83574802314966
16.49	13.853509415591763
16.5	13.528682764607417
16.51	13.08060805186157
16.52	12.936495591721004
16.53	12.487386137428548
16.54	12.33120830999072
16.55	11.738061992639457
16.56	11.43204179966437
16.57	11.132915813629307
16.58	10.533580318116208
16.59	10.22304809753428
16.6	9.776756943744896
16.61	9.622132408465905
16.62	9.022191003914442
16.63	8.729830410046945
16.64	8.271851955060804
16.65	7.8219009628483525
16.66	7.367258390500515
16.67	6.931489225712784
16.68	6.626909938708843
16.69	6.1705960207525825
16.7	5.849204516992311
16.71	5.4095173939836
16.72	5.123266682485741
16.73	4.805946736527765
16.74	4.345553199402724
16.75	4.222965732026629
16.76	3.913777196001558
16.77	3.4510232758884922
16.78	3.3112980165809978
16.79	3.0104967258484225
16.8	3.0170311059577903
16.81	2.3959950441002076
16.82	2.411059979401469
16.83	2.251615914605667
16.84	1.9624604550075762
16.85	1.8000667138203115
16.86	1.8153897204089073
16.87	1.6398285216746886
16.88	1.5036162990858961
16.89	1.3421307413683379
16.9	1.0805167492168917
16.91	1.0466141646678275
16.92	1.04581498077145
16.93	1.0345291060085855
16.94	1.357383441655599
16.95	1.3435821119089781
16.96	1.5047711474220917
16.97	1.202927639835992
16.98	1.6523003650186054
16.99	1.778900589722799
17.0	1.8105445384573862
17.01	2.1147770568807114
17.02	2.0919300034908916
17.03	3.0071357571847135
17.04	2.7107182636625367
17.05	2.9931421006363985
17.06	3.447098086720892
17.07	3.908127856513869
17.08	4.37075634899848
17.09	4.819326476315123
17.1	5.258534269957489
17.11	5.538890949782478
17.12	5.86978858860931
17.13	6.767056131313544
17.14	7.211620254988641
17.15	7.5179719724490415
17.16	8.1100715062422
17.17	8.277698925150151
17.18	9.023757407807123
17.19	9.636253126177508
17.2	10.23955228966623
17.21	10.680880974815157
17.22	10.667774104521769
17.23	11.583750043518982
17.24	12.036581839459568
17.25	12.633386950463612
17.26	12.931005831994879
17.27	13.073620040582643
17.28	13.82659157208285
17.29	13.83811209578882
17.3	14.12820249834908
17.31	14.591330247362713
17.32	14.873410064591411
17.33	15.326816245703474
17.34	15.350518834076315
17.35	15.47900462708996
17.36	15.936284447953645
17.37	16.395532428030943
17.38	16.2354436239003
17.39	16.386837518765297
17.4	16.548262634501167
17.41	16.845769211117673
17.42	16.858165251238145
17.43	17.15887521683449
17.44	17.155221444760382
17.45	16.999634694611924
17.46	17.14144241115595
17.47	16.988210316985974
17.48	16.991032942787204
17.49	16.85405792108159
17.5	16.699075492839455
17.51	16.86043104882701
17.52	16.536667341442666
17.53	16.395696400321437
17.54	16.236931656143547
17.55	15.939058789524609
17.56	15.466118265250103
17.57	15.477916007280474
17.58	15.346616340968328
17.59	15.04698239212859
17.6	14.740295919651714
17.61	14.442502465451517
17.62	14.2759412017496
17.63	13.983114106018444
17.64	13.084181128523415
17.65	12.76660766075561
17.66	12.480089715951063
17.67	12.028176216053936
17.68	11.576715897483705
17.69	11.423873599107237
17.7	10.657457994866753
17.71	10.385342123583934
17.72	9.929236695060121
17.73	9.624217114979643
17.74	8.999468463991548
17.75	8.27625751380527
17.76	8.095030843522117
17.77	7.828482669442574
17.78	7.363382833201841
17.79	6.617543926332408
17.8	6.620690145490048
17.81	5.907124867990414
17.82	5.862835183324883
17.83	5.419460242929373
17.84	5.098092422248847
17.85	4.504154900218966
17.86	4.215164098501275
17.87	3.9127165165828965
17.88	3.4443676141673047
17.89	3.155559678718791
17.9	3.0105537477992703
17.91	2.9913280874506833
17.92	2.3845630534517874
17.93	2.422004532137127
17.94	2.1167940480021463
17.95	1.9459487995023956
17.96	1.9485872705565088
17.97	1.7819538327130982
17.98	1.6542181659507096
17.99	1.0452819869227767
18.0	1.0588553602987754
18.01	1.0628826822553348
18.02	1.0562026060812963
18.03	1.0567378257984696
18.04	1.0472381512878952
18.05	0.9048025430174469
18.06	0.7605821868947519
18.07	0.912107101164562
18.08	1.0632849977858059
18.09	0.9040271533966499
18.1	1.045358361058537
18.11	1.049188666942949
18.12	1.0486805149781813
18.13	1.0462211212521384
18.14	1.046345870577534
18.15	1.6378533499039691
18.16	1.8041282349133363
18.17	1.9607242827843592
18.18	2.400637501112204
18.19	2.6969187252787155
18.2	3.0119927837491574
18.21	3.14979209279814
18.22	3.438834504593418
18.23	3.893233921836485
18.24	4.213058611172489
18.25	4.810042840106303
18.26	5.117050952988244
18.27	5.696800428713891
18.28	5.868150490717115
18.29	6.477417321332267
18.3	7.222635086178437
18.31	7.505873847313421
18.32	7.820358744727804
18.33	8.258513920771913
18.34	8.875137452904351
18.35	9.310924347984322
18.36	9.758156359149742
18.37	10.519833724601106
18.38	10.682218749203793
18.39	11.424482422131213
18.4	11.866211857829404
18.41	12.325692853252137
18.42	12.631929397263827
18.43	12.946451955877302
18.44	12.93222224464005
18.45	13.702264022346933
18.46	13.969167848702314
18.47	14.444570898923374
18.48	14.594288881373014
18.49	14.567827525552696
18.5	15.042097693523555
18.51	15.489541346125886
18.52	15.491192806535947
18.53	15.492656211149518
18.54	15.48409549411835
18.55	15.93357968478076
18.56	16.23968506251863
18.57	16.254332478500597
18.58	16.390999493885147
18.59	16.24205313640796
18.6	16.237116870312892
18.61	16.24488819700959
18.62	16.243213414409528
18.63	16.235782252494037
18.64	16.07838772780073
18.65	16.230723435485288
18.66	15.470307387237296
18.67	15.799783248785756
18.68	15.499992907511528
18.69	15.473021535607108
18.7	15.17975091181531
18.71	15.035678373309194
18.72	14.908994448616639
18.73	14.459249260409328
18.74	14.296626941777818
18.75	13.835528246060981
18.76	13.524020782371693
18.77	13.083951504463224
18.78	12.631005678653217
18.79	12.638645301046507
18.8	12.030823766221728
18.81	11.420697709419043
18.82	11.127686634209779
18.83	10.675004018831988
18.84	10.226731503620552
18.85	9.9292335812108
18.86	9.482972001195263
18.87	9.016647697539845
18.88	8.268197856168657
18.89	7.970240272129126
18.9	7.678317304053206
18.91	7.227441920891585
18.92	6.611040499912527
18.93	6.304832684055795
18.94	5.570423290526657
18.95	5.4151616345210964
18.96	4.971413707525656
18.97	4.794801452215812
18.98	4.207264027579849
18.99	3.913572219484457
19.0	3.4571945869193113
19.01	3.4767874274337065
19.02	3.0161345174265874
19.03	2.701693161330437
19.04	2.391872707018444
19.05	2.0916691156708356
19.06	1.790091018783134
19.07	1.8035637543551213
19.08	1.04091934065433
19.09	1.0324776511845577
19.1	0.892910185735791
19.11	0.7393341328381287
19.12	0.7338540381752493
19.13	0.44985102406017624
19.14	0.47285792996462656
19.15	0.31147767283315575
19.16	0.30873237361967243
19.17	0.1391402627117336
19.18	-0.0020929581955965986
19.19	0.1768408276209706
19.2	0.0005147213679658727
19.21	0.16117635413026735
19.22	0.18158690756742346
19.23	0.16536077057275675
19.24	0.5996363849216659
19.25	0.602114181626975
19.26	0.594046190942716
19.27	0.73471855704244
19.28	1.052745525195611
19.29	1.043241598441076
19.3	1.505762308053313
19.31	1.8147159316097472
19.32	1.8126122766309045
19.33	2.4134250210378627
19.34	2.714524385316947
19.35	2.7221885421348873
19.36	3.2970862624427393
19.37	3.475059274081421
19.38	4.21953736563244
19.39	4.821497677492896
19.4	5.116871961744377
19.41	5.419956537626248
19.42	5.853300084791728
19.43	6.455486883344333
19.44	6.899188306136711
19.45	7.511337250758373
19.46	7.811595491531463
19.47	8.260217654069779
19.48	8.877927720849648
19.49	9.61708246000093
19.5	10.052331430165564
19.51	10.555690123667596
19.52	10.681142168816837
19.53	11.431022060949052
19.54	12.04498400119603
19.55	12.338574198785013
19.56	12.624322458719464
19.57	13.078134435505502
19.58	13.699246026550405
19.59	13.982756127603134
19.6	14.425119811298517
19.61	14.738923696401441
19.62	15.318064024135538
19.63	15.500064079667089
19.64	15.933978336866977
19.65	16.24351468673041
19.66	16.371776523162165
19.67	16.546973817293075
19.68	16.833297303528447
19.69	17.15220392238915
19.7	17.443285609135163
19.71	17.446454572113417
19.72	17.76729726118431
19.73	17.73678615219368
19.74	17.745802873349156
19.75	17.89283091721975
19.76	17.89598661461575
19.77	17.739291988583915
19.78	17.90632154759427
19.79	17.88786918702578
19.8	17.882846865347826
19.81	17.896432847449613
19.82	17.727441665337725
19.83	17.749658496199274
19.84	17.751842704572837
19.85	17.738444051888457
19.86	17.432001491440143
19.87	17.44249589286315
19.88	16.847946216136407
19.89	16.53259621074518
19.9	16.39850663401311
19.91	15.934499069230279
19.92	15.787056489169334
19.93	15.184852926589482
19.94	15.037053447840677
19.95	14.429909298204501
19.96	14.134509165275949
19.97	13.517663010225625
19.98	12.93163155034523
19.99	12.630645367069828
20.0	12.033893302222268
