10.01	2.851496748392332
10.02	2.9878464417222466
10.03	2.855233278924408
10.04	3.1139898931629237
10.05	3.1165205504445406
10.06	3.111653392649797
10.07	2.8498538967509166
10.08	2.8511792524074226
10.09	2.852203554503387
10.1	2.845811754982882
10.11	2.848804885809966
10.12	2.870838480255387
10.13	2.594627134205257
10.14	2.8445461281233277
10.15	2.8371835525502207
10.16	2.594931597561387
10.17	2.588759283972464
10.18	2.3369849598357613
10.19	2.329246723128154
10.2	2.3409319744945503
10.21	2.3250898836063896
10.22	2.3380106674769876
10.23	2.1828576615995847
10.24	2.069185509197926
10.25	2.069948820430555
10.26	1.678583739398975
10.27	1.6701794758023383
10.28	1.5418631985725602
10.29	1.5595416353561888
10.3	1.5493473060704865
10.31	1.5687014560443584
10.32	1.2894710532669589
10.33	1.0451214291374575
10.34	1.286794001246862
10.35	1.0347388205992616
10.36	1.0570876269395473
10.37	0.7925388080762733
10.38	0.7882026513519232
10.39	0.5239191799321861
10.4	0.5147545902673298
10.41	0.532694706889363
10.42	0.5266701729646945
10.43	0.2381447555806779
10.44	-0.007526875680179045
10.45	0.27603393174236374
10.46	0.2503751872473432
10.47	0.2558601083855204
10.48	0.12034368091409743
10.49	0.011242101212705635
10.5	-0.020464942450433964
10.51	0.2663579954025332
10.52	-0.017278788315484784
10.53	0.0023079115195854118
10.54	0.013615977905305107
10.55	0.007285515105007254
10.56	0.016330113429098934
10.57	-0.008617491954976018
10.58	-0.006339346927728513
10.59	-0.002632895517673712
10.6	-0.003595589822035309
10.61	0.005989493416563368
10.62	0.00575519631651259
10.63	0.12871581487759953
10.64	0.1226284108803226
10.65	-0.00688799428285572
10.66	0.2570826106910898
10.67	0.257105253029028
10.68	0.23523583206512688
10.69	0.2516358571686339
10.7	0.2644961452474646
10.71	0.5188422130946866
10.72	0.5336549084744221
10.73	0.519765161534194
10.74	0.5046749217128019
10.75	0.5301096346685258
10.76	0.6587509217113718
10.77	0.77613468013469
10.78	0.5089802545412125
10.79	0.5262005515622962
10.8	0.7700095008768022
10.81	0.7904779234541253
10.82	0.7838716341664288
10.83	0.7676218515016962
10.84	0.7754897498927765
10.85	0.7977635427314848
10.86	1.047926744099633
10.87	1.0244375869984583
10.88	1.0135718248917434
10.89	1.031492424879005
10.9	0.9005028898514247
10.91	1.039142602572623
10.92	1.0587313464122314
10.93	1.0243947419794157
10.94	0.7772346842938375
10.95	1.0277242499348225
10.96	0.7606449684824592
10.97	1.0335831369846722
10.98	1.01902808268462
10.99	0.9004216271165916
11.0	0.7675542461581791
11.01	0.7804099435358471
11.02	0.9278090966394497
11.03	0.9096793282835055
11.04	0.9032692402496498
11.05	1.053277907094242
11.06	1.0439164627532993
11.07	1.0233192240361706
11.08	1.0393227540265646
11.09	1.0372543752180512
11.1	0.8986874545478636
11.11	0.9032703487088787
11.12	0.771275518652268
11.13	1.049277327210503
11.14	1.0345421015860792
11.15	0.7890085167433305
11.16	0.7934270648754602
11.17	1.032028525059433
11.18	0.9018293893658019
11.19	1.041117010176765
11.2	1.0264936539845333
11.21	1.0428128560434136
11.22	0.7799775905699033
11.23	1.0312050126431496
11.24	1.026533853160721
11.25	1.0321193164576086
11.26	1.3121392734901405
11.27	1.4243777192709492
11.28	1.0260699400469577
11.29	1.3030802205903382
11.3	1.1685396957076681
11.31	1.2926596260389855
11.32	1.163470893359343
11.33	1.2870565632893687
11.34	1.5591271664541049
11.35	1.5536386064693914
11.36	1.6917846409304251
11.37	1.5760577937716893
11.38	1.6997890391319654
11.39	1.554748404730332
11.4	1.5588843435887967
11.41	1.5489383119554536
11.42	1.6868960516964195
11.43	1.8357261764265056
11.44	1.9578536093849845
11.45	2.05665052724288
11.46	1.8127940670047662
11.47	2.0757411693650614
11.48	2.0719980783927685
11.49	2.063101100039952
11.5	2.3244004488006698
11.51	2.0758308348736256
11.52	2.313588162235138
11.53	2.332062876798899
11.54	2.612911084818047
11.55	2.6168770593392705
11.56	2.3184134258635036
11.57	2.6091638932012833
11.58	2.5945806888945793
11.59	2.593332815267098
11.6	2.6053460292623156
11.61	2.839718571646905
11.62	2.598589154457782
11.63	2.6079627723991954
11.64	2.5973294073467748
11.65	2.5742490091609564
11.66	2.5864737994964337
11.67	2.597019175590481
11.68	2.5890270461626064
11.69	2.847937263734241
11.7	2.8473391400644124
11.71	2.5908249747848995
11.72	2.6017600406416297
11.73	2.335602537220954
11.74	2.5889140248293354
11.75	2.6033477582616045
11.76	2.583755360646767
11.77	2.4569176168713724
11.78	2.5920591813836387
11.79	2.591243627697943
11.8	2.3302003044565174
11.81	2.342343098000857
11.82	2.055424325456369
11.83	2.3182955845322
11.84	2.073022080251616
11.85	2.075546526967223
11.86	2.3316976263185936
11.87	2.212740887441295
11.88	2.07064426799717
11.89	2.0754335923103335
11.9	2.2120243516537017
11.91	2.076191391140679
11.92	2.3264735783402335
11.93	2.0882904999979433
11.94	2.054936625269094
11.95	2.0749406054917703
11.96	2.075278138668605
11.97	2.083356328455071
11.98	2.078936334874331
11.99	2.2033237000987165
12.0	2.335377862704571
12.01	2.339163612430163
12.02	2.0830300137609385
12.03	2.0635997012643803
12.04	2.205093309575026
12.05	2.08294046772892
12.06	2.0708761771914483
12.07	2.3236837908423023
12.08	2.217650244567573
12.09	2.075338746219746
12.1	2.19427587899932
12.11	2.0719274526104243
12.12	2.0661665230598683
12.13	2.0559042614470804
12.14	2.069480885099363
12.15	2.087841480900613
12.16	2.0731635449852917
12.17	2.0563978771323743
12.18	2.0708202118385866
12.19	2.0836612088145117
12.2	2.065421202743535
12.21	1.6796113900388352
12.22	2.092567351112824
12.23	2.082612525329385
12.24	2.0950758106960574
12.25	2.074334473656756
12.26	2.0747389174842827
12.27	1.6917158012046354
12.28	1.6773477145395213
12.29	1.6903421733585147
12.3	1.687111979781831
12.31	1.6815766385659658
12.32	1.6972158490883889
12.33	1.6761955029400204
12.34	2.0621070467771467
12.35	1.6975935235555841
12.36	2.0842679305852365
12.37	1.686532287465079
12.38	1.6790305472835132
12.39	1.6788140611700089
12.4	1.673278214918392
12.41	1.6532830503888616
12.42	1.541424947609428
12.43	1.6970981011222492
12.44	1.6984165856459086
12.45	1.6793846515264306
12.46	1.6887113158283042
12.47	1.5596965855946245
12.48	1.6976813942739153
12.49	1.6978093006134267
12.5	1.6822353697134829
12.51	2.076053127235669
12.52	1.6960848734898515
12.53	1.680008348577151
12.54	1.6949152462047263
12.55	2.0732296249227105
12.56	2.07139070802553
12.57	2.0660556736323143
12.58	2.34517064613978
12.59	2.069191421959038
12.6	2.335735922443107
12.61	2.0816505075481553
12.62	2.5979706093225685
12.63	2.6000057432636665
12.64	2.3389405450555216
12.65	2.5961582919406405
12.66	2.5944681896900916
12.67	2.8473550010440554
12.68	2.855056906619254
12.69	3.1204090158551288
12.7	3.1057063498305806
12.71	3.109312835590684
12.72	3.114498983835208
12.73	3.129384027387596
12.74	3.109826443166307
12.75	3.2270174095538846
12.76	3.242401024295425
12.77	3.3532507870349346
12.78	3.384068682274276
12.79	3.371828257355832
12.8	3.3574195277241197
12.81	3.360130069103896
12.82	3.6379234500519533
12.83	3.4861762550489432
12.84	3.6458686765106143
12.85	3.638791982483106
12.86	3.6329899195057314
12.87	3.5058417946835316
12.88	3.502465679478172
12.89	3.63847676907872
12.9	3.376979505048577
12.91	3.6289126281398976
12.92	3.636935017548854
12.93	3.4890472458580324
12.94	3.3738241491402894
12.95	3.630773311518861
12.96	3.3571950293076673
12.97	3.6359440882499316
12.98	3.3904725404791467
12.99	3.372878127805818
13.0	3.2550702623950873
13.01	3.377624672164293
13.02	3.3782585113671284
13.03	3.112226608279064
13.04	3.3775718153732726
13.05	3.3586273438286667
13.06	3.370334462372314
13.07	3.1241051141374134
13.08	3.1115648936435356
13.09	3.093674953205417
13.1	3.1216442749953948
13.11	3.1256491122579795
13.12	2.854462726460161
13.13	2.8694089321238136
13.14	2.983317809067154
13.15	2.8495067818304767
13.16	2.835117721233659
13.17	2.7095700752627923
13.18	2.871395625272155
13.19	2.858483027812124
13.2	2.5963791148750412
13.21	2.602177784891993
13.22	2.6144090902221
13.23	2.577013028486136
13.24	2.6016249884421487
13.25	2.734029598430115
13.26	2.327702417641955
13.27	2.4665667302636005
13.28	2.3275057020341126
13.29	2.338971039134201
13.3	2.6012557548806434
13.31	2.344019586004015
13.32	2.3393604798739034
13.33	2.211439517750129
13.34	2.3356093589909728
13.35	2.340322231832476
13.36	2.3317547260793465
13.37	2.34453194109831
13.38	2.0751957185224255
13.39	2.076646879878241
13.4	2.0707442726686454
13.41	2.333215736699593
13.42	2.328263951755276
13.43	2.3127402409474365
13.44	2.3409505538489785
13.45	2.3199444371239473
13.46	2.3247138266333485
13.47	2.332618749996248
13.48	2.3368883053193668
13.49	2.3429313763827544
13.5	2.357939086606468
13.51	2.193263505629656
13.52	2.3358920743813973
13.53	2.31210926405725
13.54	2.336053512741287
13.55	2.5895676365439164
13.56	2.338894203688819
13.57	2.4597187972108507
13.58	2.3137726456709418
13.59	2.336296319863134
13.6	2.3436251596928623
13.61	2.5937354276504268
13.62	2.5832532737601563
13.63	2.589451804285907
13.64	2.5792458267506593
13.65	2.5846335835204375
13.66	2.6011383692757213
13.67	2.5849430821474026
13.68	2.5918201538621966
13.69	2.5973560428816715
13.7	2.583933396262323
13.71	2.588274712836352
13.72	2.5881424603334087
13.73	2.7146167271999695
13.74	2.60868156273768
13.75	2.865903320863932
13.76	2.589278646847984
13.77	2.5875126841393374
13.78	2.882116420893135
13.79	2.846122938952128
13.8	2.8528854682601357
13.81	2.8427376873758012
13.82	2.8485155785807996
13.83	2.731769743005698
13.84	2.851955348891028
13.85	2.8439123164791345
13.86	2.5876755500620083
13.87	2.8596241639667546
13.88	2.6082363726368847
13.89	2.581047914081674
13.9	2.4642207138381274
13.91	2.609109667943783
13.92	2.587252297256262
13.93	2.4623552883093547
13.94	2.338173109026108
13.95	2.3438475227249227
13.96	2.065157038051859
13.97	2.0949782919772217
13.98	1.6940867627227472
13.99	1.9475827422218162
14.0	1.6882795715352985
14.01	1.6883539292786158
14.02	1.6757785905035925
14.03	2.0733700195011866
14.04	1.5566541233338012
14.05	1.5624470926028784
14.06	1.5521788751362215
14.07	1.5578545636103314
14.08	1.5630118198140712
14.09	1.5476935264157778
14.1	1.5495298716327381
14.11	1.5572763567331922
14.12	1.2804860839029093
14.13	1.3086935327999656
14.14	1.5567897942257942
14.15	1.4449280323037552
14.16	1.2958559922422128
14.17	1.305509333344027
14.18	1.2834443207801853
14.19	1.2938631971370171
14.2	1.290272982153721
14.21	1.2950587841018582
14.22	1.1645348641485136
14.23	1.3086350324747715
14.24	1.2912000445510778
14.25	1.4391996575265704
14.26	1.3037447213272713
14.27	1.5636044435518648
14.28	1.2870680985914305
14.29	1.2942346280795791
14.3	1.2881671719613739
14.31	1.3058117135817415
14.32	1.302177806028209
14.33	1.5774389300375524
14.34	1.5449535629515636
14.35	1.4212767358688374
14.36	1.5413726089251538
14.37	1.55610314549463
14.38	1.2767676021876875
14.39	1.5587746268851244
14.4	1.560113148922114
14.41	1.2967181138879713
14.42	1.5535778680186405
14.43	1.5748075066211453
14.44	1.5700852541200767
14.45	1.567840060734074
14.46	1.683553974415904
14.47	1.284517046787476
14.48	1.5589804733799146
14.49	1.562443991040535
14.5	1.546306759468596
14.51	1.5411069953280676
14.52	1.5349878788507787
14.53	1.6886937349233109
14.54	1.5449305495331906
14.55	1.6753516904294043
14.56	1.693833747273231
14.57	1.5573509636435052
14.58	1.5576729144414794
14.59	1.6809492461913957
14.6	1.5599318241200375
14.61	1.6882940488515623
14.62	1.6731300856508113
14.63	1.6728703371895952
14.64	1.8233603639155243
14.65	2.0719808202495043
14.66	1.694391640969339
14.67	2.0684216890862848
14.68	1.6681971475636657
14.69	2.0775304194378004
14.7	2.0753398151160383
14.71	2.0883532619401723
14.72	2.077335280179507
14.73	2.3482913748556666
14.74	2.199670971980783
14.75	2.0711649196917215
14.76	2.333649570135174
14.77	2.3470659658214394
14.78	2.3456178509117667
14.79	2.3487379916191613
14.8	2.338464978305696
14.81	2.341038087588159
14.82	2.4921167253698138
14.83	2.6006414738733827
14.84	2.3432078605996614
14.85	2.3395543260947083
14.86	2.5967229674759573
14.87	2.3353475550337293
14.88	2.346187463195251
14.89	2.3385804970830835
14.9	2.337535602696362
14.91	2.3345187501885256
14.92	2.3098791165258565
14.93	2.3296750340111663
14.94	2.33382629006438
14.95	2.080689222140798
14.96	2.330866899779933
14.97	2.0754784150808
14.98	2.059651717014524
14.99	2.0633696839205053
15.0	1.680439744553194
15.01	1.6835003366789416
15.02	1.696004340887197
15.03	1.684660860273352
15.04	1.6848666505322862
15.05	1.5654169905797846
15.06	1.689192495046985
15.07	1.5615200302536654
15.08	1.5720804292294634
15.09	1.5750466822556957
15.1	1.568434759723148
15.11	1.5578235386862458
15.12	1.5553249935144309
15.13	1.3021560928312088
15.14	1.5648663154038343
15.15	1.5725962811927168
15.16	1.4420979065383264
15.17	1.5646462516951947
15.18	1.2954748695090965
15.19	1.3020948001791233
15.2	1.2706430037530416
15.21	1.2934227228330062
15.22	1.167724564381174
15.23	1.3047521150703076
15.24	1.0470208931081288
15.25	1.2900638992276896
15.26	1.313589970162363
15.27	1.2917885232690836
15.28	1.300970490177215
15.29	1.0393453081727577
15.3	1.0352973123825344
15.31	1.0315474564143363
15.32	1.1701477563227902
15.33	1.3153358101805046
15.34	1.2946324780926508
15.35	1.0392461252522545
15.36	1.1680107887318636
15.37	1.0570965886761718
15.38	1.0498615584044164
15.39	1.1779212691536105
15.4	1.0326429603723342
15.41	1.0488240349211215
15.42	1.1742457141045977
15.43	1.0344746398127682
15.44	1.026289546823984
15.45	1.051529245364351
15.46	1.0472432766266002
15.47	1.0483624286625144
15.48	1.056346860285854
15.49	1.0378581549784163
15.5	0.7765971148715115
15.51	1.0439745223197614
15.52	1.0451174241270689
15.53	1.0427350286295418
15.54	0.774546528968717
15.55	0.8964572620782691
15.56	1.0467790527088128
15.57	0.7913929409419675
15.58	0.9147067850996563
15.59	0.7827519297671516
15.6	1.0320758480890901
15.61	0.7849877084685727
15.62	1.0433349516345165
15.63	0.7716406185402294
15.64	1.0595098270143846
15.65	1.057825689291112
15.66	1.0279218501687444
15.67	1.0524335100684472
15.68	1.015411951742387
15.69	1.0513610907613362
15.7	1.0390300610839625
15.71	1.2822606630869093
15.72	1.0478965450918754
15.73	1.3147134415681068
15.74	1.3028947929231849
15.75	1.4258697634006035
15.76	1.4388131476747175
15.77	1.5672627754458957
15.78	1.2861563450413083
15.79	1.5512103917629123
15.8	1.5534991030879024
15.81	1.5564155033539748
15.82	1.5425634113061883
15.83	1.691895469281117
15.84	1.5582774230766632
15.85	1.678817925188199
15.86	1.693051847150434
15.87	1.6757310880361933
15.88	1.6934278946319496
15.89	1.7036565580011396
15.9	1.676403987058214
15.91	1.6759009622212464
15.92	1.6908615504232547
15.93	2.05203712325316
15.94	1.6993340450724093
15.95	1.6886528215299588
15.96	1.6975282071874598
15.97	2.0810923505267716
15.98	1.6930554197371732
15.99	1.684197176535889
16.0	2.0709082805706838
16.01	2.08878341934103
16.02	1.6826781745408943
16.03	1.6830928482068552
16.04	1.681716631497481
16.05	1.6831251178042117
16.06	1.6803260963093134
16.07	1.689380399435949
16.08	1.683540817910789
16.09	1.6955324956320477
16.1	1.6805262735858686
16.11	1.6660521248765603
16.12	1.9432634154136463
16.13	1.6783856697848705
16.14	1.6974678506694343
16.15	1.6828495429754868
16.16	1.5692281560477006
16.17	1.5549652636569296
16.18	1.6917702886361836
16.19	1.568168348635056
16.2	1.6847696600481614
16.21	1.5523013512986144
16.22	1.6803063577283812
16.23	1.545938726030893
16.24	1.5440779695954068
16.25	1.4144805367797548
16.26	1.291635760279509
16.27	1.5519985721998157
16.28	1.6859048030618977
16.29	1.3016037927678459
16.3	1.546686573699265
16.31	1.4367414800728864
16.32	1.5472821292213867
16.33	1.3066914717132623
16.34	1.4306953387923231
16.35	1.304347938503176
16.36	1.4455275441317526
16.37	1.2993408670892674
16.38	1.2885009330163553
16.39	1.4266648049680875
16.4	1.551273460535446
16.41	1.2890958028699349
16.42	1.290916617470152
16.43	1.4266668321355045
16.44	1.3005683345963814
16.45	1.2908273283100895
16.46	1.3163452604388264
16.47	1.3008775243200668
16.48	1.298339385480239
16.49	1.2946459636249799
16.5	1.3002310784427256
16.51	1.4331450571969515
16.52	1.2976360592671976
16.53	1.2927238107879675
16.54	1.283746352393382
16.55	1.2990939992980646
16.56	1.2955884073812978
16.57	1.5781508920562406
16.58	1.0292033427012812
16.59	1.4368230181591568
16.6	1.287826911805103
16.61	1.3074222135387576
16.62	1.3015855394731304
16.63	1.3010187335189995
16.64	1.3028627982698744
16.65	1.5466952446308935
16.66	1.289690704209666
16.67	1.29597675482384
16.68	1.2844463020851444
16.69	1.2937745508075378
16.7	1.2915970978473115
16.71	1.295425650693021
16.72	1.3031115421293034
16.73	1.2679976007222948
16.74	1.2792549732867031
16.75	1.2861403575089718
16.76	1.0458305489863542
16.77	1.0389707881505101
16.78	1.1568700550149644
16.79	1.2856215917071305
16.8	1.1734106408685951
16.81	1.2779217279701496
16.82	1.2913306291254543
16.83	1.3056633796144719
16.84	1.2990035800169306
16.85	1.1773782697430324
16.86	1.281286081102365
16.87	1.2934221419089451
16.88	1.311115197796811
16.89	1.428002297117155
16.9	1.2978421764237418
16.91	1.2832392181772623
16.92	1.5506657277109006
16.93	1.556264303671031
16.94	1.4286658809592057
16.95	1.5662029062357425
16.96	1.6804832434465038
16.97	1.564037125888406
16.98	1.5456246741184703
16.99	1.5612706659548985
17.0	1.5793759507915723
17.01	1.6962469899055344
17.02	1.6866529610545467
17.03	1.6897096544635188
17.04	1.6878151009966942
17.05	1.6819703441453777
17.06	1.700235515087583
17.07	1.6788103099764853
17.08	1.6749411134706325
17.09	1.7066674407058906
17.1	1.6903863028721107
17.11	1.6882099193220443
17.12	1.677375826018813
17.13	1.6891449500469387
17.14	1.6954036308607947
17.15	1.6863134756955973
17.16	1.6903117383695205
17.17	1.9502161084775231
17.18	1.68704239976841
17.19	2.203615060925172
17.2	2.3311016928463983
17.21	2.342530911525743
17.22	2.061682573165534
17.23	2.335797279681166
17.24	2.329370571750862
17.25	2.339939843714656
17.26	2.3159465471252476
17.27	2.3358238555109367
17.28	2.3458818528367344
17.29	2.339383323044721
17.3	2.332507690397297
17.31	2.3386966297537217
17.32	2.460162190893115
17.33	2.4689034496901727
17.34	2.3163615405702394
17.35	2.4821351187714353
17.36	2.3383213990998315
17.37	2.477292200128894
17.38	2.8600297975763715
17.39	2.716159047798505
17.4	2.5922435784098536
17.41	2.8545113415671337
17.42	2.8634851853195173
17.43	2.840718427749239
17.44	2.8542937202042764
17.45	2.986925050957806
17.46	2.839548932445879
17.47	2.9810074613653885
17.48	3.119826136004248
17.49	2.9896164995663854
17.5	3.00168760016125
17.51	3.108521019093263
17.52	3.111255248198395
17.53	3.3813166825602723
17.54	3.3831682036083937
17.55	3.5080065782404004
17.56	3.3687005434238073
17.57	3.381067995774656
17.58	3.4921285362906445
17.59	3.3714740296030787
17.6	3.4876065989665737
17.61	3.5118186362804877
17.62	3.5137082437397935
17.63	3.5178807250155124
17.64	3.498512077168478
17.65	3.513412740643862
17.66	3.768479645613224
17.67	3.647205616784887
17.68	3.765421526830855
17.69	3.766516508774942
17.7	3.772642330779758
17.71	3.7647386101869835
17.72	3.7549167091709807
17.73	3.7751560715249934
17.74	3.7626422096611876
17.75	3.764930513109312
17.76	3.7550199990076014
17.77	4.008688883044879
17.78	3.7570127881415782
17.79	4.003490515780827
17.8	3.7708609906727766
17.81	4.151286493035465
17.82	3.773435637750614
17.83	3.781469486913118
17.84	3.767394289285106
17.85	4.275925585737184
17.86	4.40753114063596
17.87	4.40957669308819
17.88	4.404183543052719
17.89	4.402762435209774
17.9	4.412473941511566
17.91	4.406599970455791
17.92	4.544906738311499
17.93	4.401703034694916
17.94	4.405347277002311
17.95	4.531497273976541
17.96	4.524281404696847
17.97	4.54425149223441
17.98	4.534948545253942
17.99	4.538286833651698
18.0	4.6765666528330785
18.01	4.658003358368655
18.02	4.67898321753524
18.03	4.955086848881044
18.04	4.670808752548529
18.05	4.527754656135668
18.06	4.923272227305002
18.07	4.919132026978997
18.08	4.9347979648174745
18.09	4.533295656225035
18.1	4.926623983936829
18.11	4.65639241162639
18.12	4.913872387515516
18.13	4.932996883603832
18.14	4.793845642362406
18.15	4.798161192318399
18.16	4.5360170038843455
18.17	4.676979242129082
18.18	4.795923023096453
18.19	4.666523202468551
18.2	4.550211429208772
18.21	4.768367948870168
18.22	4.533358315265668
18.23	4.5287222096796125
18.24	4.542536983592894
18.25	4.412984851216559
18.26	4.398542092742432
18.27	4.432795190797395
18.28	4.392672283153047
18.29	4.2809249501666855
18.3	4.405417612885224
18.31	4.1409793434344495
18.32	3.767176325552518
18.33	4.1645925767150445
18.34	4.031288939898967
18.35	4.141885351653012
18.36	3.7643509471872676
18.37	3.763869112625242
18.38	3.777780360607576
18.39	3.7717823351370057
18.4	3.7684647631740233
18.41	3.5164888781074293
18.42	3.758049887725529
18.43	3.646979861405619
18.44	3.6349587099336365
18.45	3.500684883923795
18.46	3.5106903005328802
18.47	3.4916366278659154
18.48	3.5112317220089246
18.49	3.5138510743086333
18.5	3.3724164592639863
18.51	3.3843211999333636
18.52	3.381750806174392
18.53	3.373614176519805
18.54	3.0924489028911593
18.55	3.10965614026267
18.56	2.825964509935882
18.57	2.989514231538515
18.58	2.9713618534653476
18.59	2.989390645457573
18.6	2.973379007565318
18.61	2.8585086185858164
18.62	2.8687340554827547
18.63	2.9884562696051975
18.64	2.845620834038632
18.65	2.7159771369924695
18.66	2.5941881062057477
18.67	2.853265732467808
18.68	2.6047480679629893
18.69	2.5910736161058856
18.7	2.8771247257013313
18.71	2.582628486959626
18.72	2.4805465931417294
18.73	2.5859413404978087
18.74	2.5868649001235977
18.75	2.4619394528860927
18.76	2.6073751375279066
18.77	2.59818991327807
18.78	2.5910720251469894
18.79	2.841020629328256
18.8	2.4599666442774666
18.81	2.6127786021004273
18.82	2.586088048714245
18.83	2.597103831066692
18.84	2.5812147756477533
18.85	2.4568657029212235
18.86	2.5806056823432297
18.87	2.588771848256499
18.88	2.5839708200143225
18.89	2.5873135975816615
18.9	2.5975203907278646
18.91	2.4450808310144705
18.92	2.4756154832726147
18.93	2.4767760593350725
18.94	2.614132821157878
18.95	2.58605745728644
18.96	2.595208034299197
18.97	2.601274385953489
18.98	2.460341311613279
18.99	2.5885234989759147
19.0	2.6015298299432232
19.01	2.576183284518113
19.02	2.4501282666107826
19.03	2.8569990681758486
19.04	2.7212340100255625
19.05	2.7188515130552564
19.06	2.8587969416172627
19.07	2.712927754322545
19.08	2.458549213747642
19.09	2.5934799916675173
19.1	2.4677380802698248
19.11	2.716652357945966
19.12	2.8507340775186623
19.13	2.850514315101613
19.14	2.4733192345352424
19.15	2.7067072713465006
19.16	2.848548890708089
19.17	2.8470976987920347
19.18	2.852895258507613
19.19	2.5876255707846
19.2	2.597163610737584
19.21	2.7182371406517243
19.22	2.8488658985581052
19.23	2.5990293097602604
19.24	2.5874766232738082
19.25	2.5962543758090377
19.26	2.6166037791949095
19.27	2.855884575539667
19.28	2.589834788255847
19.29	2.8404896454349786
19.3	2.5970387003623596
19.31	2.6091186046513375
19.32	2.5945905755016287
19.33	2.454381513794005
19.34	2.596709666731815
19.35	2.4630438063049724
19.36	2.6020524350161787
19.37	2.718538242308618
19.38	2.4615637073064973
19.39	2.464906358200492
19.4	2.5974759085032453
19.41	2.6070062770894133
19.42	2.4706140386634634
19.43	2.856521227311687
19.44	2.8775214647123697
19.45	2.5861684068880826
19.46	2.6000728554787904
19.47	2.8439311695405203
19.48	2.9704811221322944
19.49	3.12454660049597
19.5	2.995372170449747
19.51	2.9916076960061013
19.52	2.983719133429142
19.53	2.9738462633238356
19.54	3.1003661171684898
19.55	3.3735167174874183
19.56	3.382087478401487
19.57	3.385844933985359
19.58	3.2567377886802764
19.59	3.359250570022158
19.6	3.348799014885326
19.61	3.3756245547661035
19.62	3.502721213943891
19.63	3.379421720890521
19.64	3.3800759858797944
19.65	3.4965785567471324
19.66	3.514535498451954
19.67	3.6289496364048124
19.68	3.643439881226079
19.69	3.4836349051832998
19.7	3.62229815554257
19.71	3.5075821366325823
19.72	3.741873714816092
19.73	3.3672987997395096
19.74	3.6244400541211195
19.75	3.7664250973585296
19.76	3.6353701517939436
19.77	3.6219808587558595
19.78	3.496886568939821
19.79	3.497802875245064
19.8	3.749708609871922
19.81	3.6221909672502055
19.82	3.493336838204623
19.83	3.623995065015784
19.84	3.638605703707642
19.85	3.6236794959765075
19.86	3.6355582905020865
19.87	3.620991203437577
19.88	3.5110324327370837
19.89	3.3633203454797505
19.9	3.4937656176681418
19.91	3.490777152443244
19.92	3.4817851075339457
19.93	3.4856519257114993
19.94	3.4980810259933177
19.95	3.4953734258648774
19.96	3.385609386079791
19.97	3.3760937539153537
19.98	3.3674572461420245
19.99	3.365014166997888
20.0	3.3595284466533193
