10.0	0.22131572725846305
10.01	0.22354724168903628
10.02	0.20660672023873558
10.03	0.21271473503326785
10.04	0.2225113760701277
10.05	0.20036075403711706
10.06	0.20112512908207844
10.07	0.20465721409102586
10.08	0.21039271668073045
10.09	0.2029986200789755
10.1	0.18992784247335662
10.11	0.20808782028554526
10.12	0.20954920009696643
10.13	0.21528454801998836
10.14	0.19727924623597945
10.15	0.20336971322318223
10.16	0.22390910882708523
10.17	0.20566530030147004
10.18	0.1948518775066161
10.19	0.19179587985004057
10.2	0.1956667807919864
10.21	0.19434220828938265
10.22	0.19997351258211912
10.23	0.19449033941284066
10.24	0.20485199789818653
10.25	0.19638741137675159
10.26	0.2077913783521117
10.27	0.19708939097346845
10.28	0.18514427458954896
10.29	0.18782635832584657
10.3	0.19519543426416475
10.31	0.19537329440049156
10.32	0.1904316285698324
10.33	0.20725001784668415
10.34	0.1888892931147556
10.35	0.20292998996122222
10.36	0.2079497773543752
10.37	0.19295904687161702
10.38	0.19895358380264946
10.39	0.20010857495832518
10.4	0.20246203745688274
10.41	0.18319949753896253
10.42	0.20856469745084413
10.43	0.205532388896985
10.44	0.21737230109264777
10.45	0.2025812814083869
10.46	0.20190313782634506
10.47	0.207371792992192
10.48	0.19346033080353867
10.49	0.20912437783680074
10.5	0.20631426159219488
10.51	0.19906346999907587
10.52	0.2111132032224874
10.53	0.22441328236904584
10.54	0.20536079161900997
10.55	0.20570236778590592
10.56	0.20854942283470046
10.57	0.209404215016375
10.58	0.2075564371747376
10.59	0.1917233736253988
10.6	0.20661701840161956
10.61	0.23134687754939098
10.62	0.2063798683281958
10.63	0.21797453141777437
10.64	0.2308794770277796
10.65	0.20036976828212394
10.66	0.2180502659872537
10.67	0.21855317005731736
10.68	0.22772674178992602
10.69	0.20541238583213905
10.7	0.21901728107760263
10.71	0.2348110992658514
10.72	0.20979857924533976
10.73	0.22798227062207063
10.74	0.20212376568883783
10.75	0.19123170191856098
10.76	0.2265358577688549
10.77	0.22927388247780142
10.78	0.21455816375080222
10.79	0.213424230675598
10.8	0.20020562033524794
10.81	0.21659203012464898
10.82	0.23785936147807035
10.83	0.22534374079743752
10.84	0.21813157817049691
10.85	0.2078824232445317
10.86	0.21424624414364085
10.87	0.20247980412427916
10.88	0.2055301209226362
10.89	0.2102748136863566
10.9	0.1993117920455931
10.91	0.19355482740942193
10.92	0.20182402394948315
10.93	0.21684867500808275
10.94	0.2015135420956383
10.95	0.21599571333694317
10.96	0.1981133756776544
10.97	0.20339013778793874
10.98	0.22436462812362182
10.99	0.20200615671604832
11.0	0.1890826594066206
11.01	0.19667539230153672
11.02	0.2025942493386804
11.03	0.20496573070761748
11.04	0.1972447306327105
11.05	0.21338675991583178
11.06	0.20765586062023766
11.07	0.18586556215292932
11.08	0.20341025585125874
11.09	0.18776441468227578
11.1	0.20158071875788502
11.11	0.19979844557252574
11.12	0.20714291264293952
11.13	0.21047682901473655
11.14	0.19953494169315997
11.15	0.1996205445575642
11.16	0.1970616402751588
11.17	0.19448268393379642
11.18	0.17779318562102067
11.19	0.20802666080969626
11.2	0.21088055832907143
11.21	0.19960705699843245
11.22	0.20601925290831505
11.23	0.19780865393921074
11.24	0.20203569511131714
11.25	0.22353417205635814
11.26	0.21367024378466962
11.27	0.20406858999312533
11.28	0.22247034179656036
11.29	0.19936729252235205
11.3	0.2228242735103891
11.31	0.21286749845064884
11.32	0.2129095798696032
11.33	0.2332075263837608
11.34	0.21406410045239868
11.35	0.22696017871485422
11.36	0.21923437102603685
11.37	0.21618313374279838
11.38	0.21407864941821145
11.39	0.19455994938876126
11.4	0.21036454165143895
11.41	0.23815926375889315
11.42	0.2293873691576359
11.43	0.23419718297176353
11.44	0.20070936474123766
11.45	0.21541425115956792
11.46	0.2189430576220376
11.47	0.2063372642392561
11.48	0.23117034779616366
11.49	0.21776337286700118
11.5	0.2164715512088425
11.51	0.21641042136002478
11.52	0.21536098832194162
11.53	0.2155433807813172
11.54	0.2216100325195661
11.55	0.21748993344148307
11.56	0.21371257170533953
11.57	0.21809609357127988
11.58	0.18689997396792982
11.59	0.20920683237193274
11.6	0.21981998046347206
11.61	0.219911208685203
11.62	0.1821291005586517
11.63	0.21794312082980338
11.64	0.22003580319282623
11.65	0.20859014845257276
11.66	0.2142171716170697
11.67	0.21031259950568895
11.68	0.19375496998829808
11.69	0.216135412974904
11.7	0.19896073877269332
11.71	0.2165372745212337
11.72	0.19341377223142897
11.73	0.19508372085710873
11.74	0.2119563292276588
11.75	0.18738351631153086
11.76	0.19109204033902757
11.77	0.2004793811073464
11.78	0.19452909015234726
11.79	0.17451103000582655
11.8	0.18923856626508814
11.81	0.20249180359946725
11.82	0.19850098903943275
11.83	0.1832438564957331
11.84	0.19862694578278114
11.85	0.18599527219501819
11.86	0.201696635553149
11.87	0.2001909506062833
11.88	0.20739567726835334
11.89	0.20412228422054415
11.9	0.20098282291576877
11.91	0.1929294829796544
11.92	0.18519628423939474
11.93	0.20765173194708111
11.94	0.20437441577465995
11.95	0.1858125635952615
11.96	0.19930376581105563
11.97	0.19905680899591924
11.98	0.190997443430934
11.99	0.19822171470657965
12.0	0.19959060531806652
12.01	0.22918655886105924
12.02	0.18968380866632528
12.03	0.20213493120770132
12.04	0.20120297533069154
12.05	0.19952785618696436
12.06	0.21078451418145078
12.07	0.2141328402567463
12.08	0.2189555847229941
12.09	0.21284129582890926
12.1	0.20214469490111805
12.11	0.2156905367055319
12.12	0.19342967100278183
12.13	0.22556686686731345
12.14	0.21067196297924287
12.15	0.2031874218053734
12.16	0.19505271383530562
12.17	0.2031473684819213
12.18	0.19383672123583293
12.19	0.19118041348119083
12.2	0.22542799517254458
12.21	0.20900873934927364
12.22	0.22710411725709803
12.23	0.20742239172889565
12.24	0.22022618761130552
12.25	0.19340179681146483
12.26	0.21196361916849002
12.27	0.2134718520024299
12.28	0.21476828255536082
12.29	0.21602766336477297
12.3	0.21902215492757662
12.31	0.21016990561573057
12.32	0.19822304243208788
12.33	0.19847768850760822
12.34	0.2075276510652565
12.35	0.20445965740014785
12.36	0.21479245619934176
12.37	0.20173271388053132
12.38	0.21259345106758543
12.39	0.2187081230385828
12.4	0.205435324494907
12.41	0.20117441717074036
12.42	0.21012655174442885
12.43	0.20621320003864788
12.44	0.19698464353424208
12.45	0.19774998105199054
12.46	0.19378635246561615
12.47	0.2001475518894677
12.48	0.1831188417011967
12.49	0.20395592339185029
12.5	0.18756875146369195
12.51	0.18891923427201848
12.52	0.20031661555358532
12.53	0.19695761926268357
12.54	0.1981828518528132
12.55	0.20219929046258622
12.56	0.188285062040957
12.57	0.22646339861408013
12.58	0.20851262633051845
12.59	0.1813495620263093
12.6	0.1807600028138979
12.61	0.20374881883120044
12.62	0.18233368509099213
12.63	0.18590340044903483
12.64	0.19235115008092826
12.65	0.1958423544819402
12.66	0.18129674869850546
12.67	0.18473828630090688
12.68	0.20441163766560572
12.69	0.2041758279862928
12.7	0.1968823735148099
12.71	0.17510862581403908
12.72	0.18904233025446668
12.73	0.18763219147571472
12.74	0.21163107803883272
12.75	0.1809866018817661
12.76	0.20141365590599344
12.77	0.21497621194483646
12.78	0.19398737646218725
12.79	0.1960823959960951
12.8	0.2088602879398138
12.81	0.18406467904515458
12.82	0.2007308177817969
12.83	0.19821446995169884
12.84	0.2005794754124159
12.85	0.2169624842202516
12.86	0.22118768201476138
12.87	0.21246596998637624
12.88	0.19711244797328353
12.89	0.21338712696248585
12.9	0.20125036429578844
12.91	0.20387533596406088
12.92	0.21165912036627854
12.93	0.19618774209644588
12.94	0.20940877384986267
12.95	0.2171517465415256
12.96	0.19436499998849135
12.97	0.22877365636558142
12.98	0.2218704726436981
12.99	0.2213319871832307
13.0	0.21425698539957394
13.01	0.20650690680985684
13.02	0.21676973428632862
13.03	0.20318732699446035
13.04	0.2019211618719191
13.05	0.19546525609990392
13.06	0.21094126049612424
13.07	0.21929370855230063
13.08	0.207500040546339
13.09	0.18281572412697475
13.1	0.21798591369324868
13.11	0.21991439227077403
13.12	0.21102148131621787
13.13	0.2081683400409029
13.14	0.20147632546737984
13.15	0.1978270934437133
13.16	0.19971803506586253
13.17	0.21411353907141162
13.18	0.2096867923789916
13.19	0.19627494774591853
13.2	0.19914017813976526
13.21	0.2154982322031617
13.22	0.20011867523428775
13.23	0.19307923576726263
13.24	0.1923660280298555
13.25	0.21952292054981576
13.26	0.20607330263379223
13.27	0.1938574574247927
13.28	0.20177408478253148
13.29	0.20220486403378762
13.3	0.20095832478151768
13.31	0.19289566959487708
13.32	0.21143197444052578
13.33	0.18140159889504814
13.34	0.2095191638810971
13.35	0.20387174743924946
13.36	0.2114075799968373
13.37	0.19342770334711895
13.38	0.20099652163368237
13.39	0.17981886101778588
13.4	0.18293664290072695
13.41	0.17758140070351097
13.42	0.1916825045283461
13.43	0.2228082524525148
13.44	0.19212635568974049
13.45	0.21614155797698228
13.46	0.19866749684127896
13.47	0.18045854909162248
13.48	0.19771865208291262
13.49	0.1989306467006582
13.5	0.20171852657958977
13.51	0.20832967546198364
13.52	0.20259965535444915
13.53	0.20059008953000482
13.54	0.21212529548187078
13.55	0.2133093226973605
13.56	0.21507287667962321
13.57	0.21304273732300202
13.58	0.21585759341603902
13.59	0.2028547541233124
13.6	0.2256137977355275
13.61	0.19841249794926655
13.62	0.20821844130761233
13.63	0.21771736327922456
13.64	0.2237663310556889
13.65	0.21983591102521155
13.66	0.19903434850445073
13.67	0.2127910586264702
13.68	0.22375572215583753
13.69	0.21213095545434174
13.7	0.22557809819282154
13.71	0.2080383257305119
13.72	0.20722896253504097
13.73	0.2075936423808772
13.74	0.20355769483207176
13.75	0.22095155098417762
13.76	0.21002795377330857
13.77	0.2053329129429754
13.78	0.17728199958210977
13.79	0.20181332012430792
13.8	0.19875664678108454
13.81	0.217341706060014
13.82	0.21646579619776377
13.83	0.20905495303320215
13.84	0.1850489524070277
13.85	0.21194609909149212
13.86	0.1887336690906888
13.87	0.22095839290610858
13.88	0.21323199367583015
13.89	0.20451482013480343
13.9	0.18648858322002607
13.91	0.18858080798167612
13.92	0.1920023374048031
13.93	0.19502668485680813
13.94	0.21476957827342275
13.95	0.18933984089363914
13.96	0.19770094198031438
13.97	0.1882132350808657
13.98	0.20257922860664931
13.99	0.20044718039427034
14.0	0.2098704074313534
14.01	0.19168160694869327
14.02	0.20013116318192056
14.03	0.185844705008262
14.04	0.20687345215760464
14.05	0.20226286080946962
14.06	0.18068667682445003
14.07	0.18482587884267293
14.08	0.20013711058317865
14.09	0.17871675376506424
14.1	0.19581030866345275
14.11	0.19257884909304415
14.12	0.18884146494406018
14.13	0.189875340784775
14.14	0.20876293783965663
14.15	0.2037900050146617
14.16	0.1824447922065599
14.17	0.18962201641399123
14.18	0.19987679327549793
14.19	0.2191072451593765
14.2	0.20505916590035483
14.21	0.18209557894745151
14.22	0.19426102942261056
14.23	0.2091958380579475
14.24	0.20901065014290732
14.25	0.19439638320315597
14.26	0.19942379722059153
14.27	0.2154728405915899
14.28	0.19214636296772883
14.29	0.19378136487900327
14.3	0.21764790721770433
14.31	0.19972299809795838
14.32	0.2077072676633931
14.33	0.1954896986436008
14.34	0.2116822824310515
14.35	0.19593793820195543
14.36	0.19763455203865063
14.37	0.19616699710095903
14.38	0.2216309350995552
14.39	0.1908262847857592
14.4	0.1857575063489333
14.41	0.2150418937682486
14.42	0.22078615500233462
14.43	0.21931799052840906
14.44	0.18773746966823274
14.45	0.21733333376189656
14.46	0.2230092255952225
14.47	0.20702503217137264
14.48	0.20740063939521708
14.49	0.19412293900613428
14.5	0.20396753775977353
14.51	0.21953266995209622
14.52	0.20792988198841736
14.53	0.20558209933308028
14.54	0.20428551061848874
14.55	0.21051499769058596
14.56	0.195972210377546
14.57	0.20988512839198684
14.58	0.20982647050574554
14.59	0.21537905479855027
14.6	0.18839629351384773
14.61	0.19245769689188724
14.62	0.2278277936784796
14.63	0.21203325877189053
14.64	0.2098989833170265
14.65	0.2082549355464349
14.66	0.191904634111827
14.67	0.21735136269966662
14.68	0.21328267940429396
14.69	0.21943322157952275
14.7	0.18723042144873778
14.71	0.20550204671007835
14.72	0.18948301406128787
14.73	0.20569346545257022
14.74	0.19789096075190318
14.75	0.18154627766793435
14.76	0.1916744324811213
14.77	0.19845643278508113
14.78	0.18296634995182387
14.79	0.18781091887597887
14.8	0.21014687915443425
14.81	0.20346314457588216
14.82	0.19703659826009387
14.83	0.2012091803750926
14.84	0.19098947883347903
14.85	0.1906026205083906
14.86	0.18309346749935324
14.87	0.1980472927925417
14.88	0.19539351430315377
14.89	0.18830085871623173
14.9	0.21301559750314283
14.91	0.2156926268429282
14.92	0.21871538720613468
14.93	0.19393258557634166
14.94	0.17890675744727585
14.95	0.20914286869791082
14.96	0.2014724742806052
14.97	0.18730550766368242
14.98	0.20448154634445828
14.99	0.21249894669572972
15.0	0.19984199889311483
15.01	0.2003493292000151
15.02	0.1890229299148489
15.03	0.2073395170795836
15.04	0.18031525200116358
15.05	0.21280225960295354
15.06	0.20484179461146898
15.07	0.18920638445486515
15.08	0.22548972784128882
15.09	0.2125120486123258
15.1	0.19411259847271586
15.11	0.2026009148624336
15.12	0.22423000556849812
15.13	0.19965076494154932
15.14	0.22049118731710832
15.15	0.21185816731895138
15.16	0.19823049524261982
15.17	0.1994441877188051
15.18	0.22238914891595274
15.19	0.22260514675722648
15.2	0.20801319591682088
15.21	0.21990057666118445
15.22	0.21329945391940872
15.23	0.2064787823353138
15.24	0.23405183392408915
15.25	0.20916101022432418
15.26	0.21025377575154253
15.27	0.2292556082084999
15.28	0.2096152796166789
15.29	0.1919452902786506
15.3	0.19383575836899108
15.31	0.21214027064412017
15.32	0.21330273673709338
15.33	0.20790200003178413
15.34	0.20507711972639908
15.35	0.21580437731624175
15.36	0.2237743721593196
15.37	0.22961566515400617
15.38	0.20982701982831697
15.39	0.21095003710822158
15.4	0.209387495496239
15.41	0.20655079144985025
15.42	0.22023780978634588
15.43	0.18480389468297617
15.44	0.21968531549684783
15.45	0.18287618411685824
15.46	0.2107973026575194
15.47	0.20916725069079317
15.48	0.18872418708795574
15.49	0.21425551171015428
15.5	0.2054170907751997
15.51	0.1860811314052131
15.52	0.21561321440787493
15.53	0.19638391953118742
15.54	0.20029687345489822
15.55	0.19220287745619777
15.56	0.2057832945031494
15.57	0.20151282474879958
15.58	0.1919844273376974
15.59	0.17400497732094858
15.6	0.19742024018667748
15.61	0.19056780381547986
15.62	0.19527757617443225
15.63	0.1961975671994836
15.64	0.18859593731358829
15.65	0.19131591453755528
15.66	0.20434399306593384
15.67	0.2029862050749021
15.68	0.20040636463286707
15.69	0.20165194987975454
15.7	0.19538913534376787
15.71	0.18119876444096622
15.72	0.20223789198579956
15.73	0.20069641853619077
15.74	0.18646680900937662
15.75	0.18697620352405936
15.76	0.19931567790867832
15.77	0.18545822838622442
15.78	0.18356965918036292
15.79	0.19404103122685587
15.8	0.20182294438507561
15.81	0.21158053002055782
15.82	0.20145369271091548
15.83	0.20718054554235163
15.84	0.19194439857409012
15.85	0.19628380074290008
15.86	0.20775345798800607
15.87	0.1909275671046228
15.88	0.18669052867049699
15.89	0.18970494234207969
15.9	0.2038208198058565
15.91	0.21078034225401432
15.92	0.18741082457541022
15.93	0.1969527379653871
15.94	0.2158569683941268
15.95	0.2093219478253371
15.96	0.20725578482956014
15.97	0.208579646564688
15.98	0.2162899296433528
15.99	0.19470456415249587
16.0	0.21196099361313617
16.01	0.21336016375500524
16.02	0.22356742121485387
16.03	0.21499960462989098
16.04	0.2065511677372271
16.05	0.2021060790860724
16.06	0.21180524334720566
16.07	0.20866582948030205
16.08	0.18691931284282093
16.09	0.2145428390264093
16.1	0.2055818459527104
16.11	0.20657028901501387
16.12	0.2032268149807378
16.13	0.22550668429045287
16.14	0.21561348433593938
16.15	0.22423139517652524
16.16	0.20639883908797446
16.17	0.20437717145493478
16.18	0.21216483718907161
16.19	0.20122738927592596
16.2	0.21262530129326804
16.21	0.21730459099172234
16.22	0.19449572745976926
16.23	0.20565101924482865
16.24	0.19598543386050976
16.25	0.195686611578569
16.26	0.20636989897508154
16.27	0.2126600396360895
16.28	0.20259220463484906
16.29	0.23354456581562516
16.3	0.21052590594293716
16.31	0.19109143515690977
16.32	0.2250436490306195
16.33	0.19596267725328612
16.34	0.18976109108885506
16.35	0.1947504324613438
16.36	0.18466646445589333
16.37	0.18315260193464292
16.38	0.17196635206846067
16.39	0.1879685692235905
16.4	0.20245274884131223
16.41	0.1936321368880409
16.42	0.1972417461932854
16.43	0.19423637625925247
16.44	0.19721914770970148
16.45	0.18711285102304234
16.46	0.19927757224265952
16.47	0.1958951288222408
16.48	0.197337960689581
16.49	0.2023252702672221
16.5	0.1790502337850325
16.51	0.1835615045729696
16.52	0.1876642230250088
16.53	0.19259941896900168
16.54	0.20857759679295124
16.55	0.1976027639576167
16.56	0.21680193783882595
16.57	0.19343735809637316
16.58	0.19618542279442272
16.59	0.19366884903321904
16.6	0.18890168573939436
16.61	0.20680068129683046
16.62	0.21506033568022118
16.63	0.20185387354507564
16.64	0.1974502011763029
16.65	0.2022317531076002
16.66	0.21076127096299022
16.67	0.21094707061652604
16.68	0.19157779697045593
16.69	0.21536752515024893
16.7	0.18462162507844168
16.71	0.21981694239613597
16.72	0.20330969679029054
16.73	0.21013533965711859
16.74	0.21817605632231787
16.75	0.19111466752609566
16.76	0.20925972648210156
16.77	0.19941162594004716
16.78	0.20807022408393064
16.79	0.2121464725685065
16.8	0.20593217690762455
16.81	0.20095946709723156
16.82	0.2035226031937912
16.83	0.2231290560517824
16.84	0.2074238071914068
16.85	0.19979144380809172
16.86	0.21049909214040424
16.87	0.18964993590594048
16.88	0.2099330196212096
16.89	0.20345423924331907
16.9	0.20561447042724487
16.91	0.19029454705446538
16.92	0.22927589841124266
16.93	0.2206368822074132
16.94	0.21565128226016828
16.95	0.19686692887878646
16.96	0.23250752854341436
16.97	0.20492167439023543
16.98	0.2011553539669607
16.99	0.20928838712743109
17.0	0.20704405814259885
17.01	0.20681791300628619
17.02	0.2046485597301831
17.03	0.1857174220687754
17.04	0.20542359515539182
17.05	0.20395313900509673
17.06	0.2043622999430627
17.07	0.20394362025821178
17.08	0.20606976561584284
17.09	0.20761486908924903
17.1	0.19238800575973478
17.11	0.20149437802899317
17.12	0.181533877024546
17.13	0.2005011332179686
17.14	0.1781691710706274
17.15	0.19497216903882314
17.16	0.18458612252381043
17.17	0.18713150807870899
17.18	0.18990960294329864
17.19	0.19932047594060295
17.2	0.18354303746682346
17.21	0.22466782352489037
17.22	0.1841901420861164
17.23	0.18710367436325792
17.24	0.1807038980171037
17.25	0.21157900143497313
17.26	0.20784796478823092
17.27	0.20486981520005362
17.28	0.19521097107850022
17.29	0.2106136214613924
17.3	0.19895773084720828
17.31	0.18781769749090693
17.32	0.21242054040439223
17.33	0.20336035711768438
17.34	0.19402708010256298
17.35	0.20794252250553602
17.36	0.22796173663383035
17.37	0.198768210234371
17.38	0.2163960678485557
17.39	0.2026441945702846
17.4	0.2001881949884022
17.41	0.19768827078096918
17.42	0.19818737281672918
17.43	0.19745199175563535
17.44	0.20409565700800217
17.45	0.20215143575776834
17.46	0.2085657399575929
17.47	0.21140938873434434
17.48	0.21332911390299236
17.49	0.22745101273292187
17.5	0.20087747363234107
17.51	0.22013924373940374
17.52	0.21054086353627505
17.53	0.2071566685808092
17.54	0.21923794931175042
17.55	0.22635083316004617
17.56	0.23412940548570954
17.57	0.21645147143994975
17.58	0.20558265664045305
17.59	0.2147267737440709
17.6	0.21868684364063398
17.61	0.19821616171027018
17.62	0.22293187333738124
17.63	0.21449512712269939
17.64	0.1938028867383034
17.65	0.2142012342178991
17.66	0.21303297990134468
17.67	0.21320018774056135
17.68	0.18791297796452144
17.69	0.21250265228465487
17.7	0.20162725639203943
17.71	0.16850907362442197
17.72	0.2157171137750903
17.73	0.19294730152160355
17.74	0.20489973631984615
17.75	0.20988694894819476
17.76	0.21903605858117742
17.77	0.19276331794077706
17.78	0.21024830764358746
17.79	0.19019575572686379
17.8	0.20890841459452153
17.81	0.2065161872913098
17.82	0.1786828143824211
17.83	0.1933286854312948
17.84	0.18694516276029952
17.85	0.17567095502792876
17.86	0.20440708624646328
17.87	0.2171325157429918
17.88	0.20943741522150255
17.89	0.18309876068604122
17.9	0.17714544908243327
17.91	0.1800166579058503
17.92	0.19094674692871683
17.93	0.1852380578124639
17.94	0.19139747933804394
17.95	0.19870147026956436
17.96	0.18453525572000348
17.97	0.1963734586015573
17.98	0.20559046208881687
17.99	0.19894817472798226
18.0	0.18134542571158024
18.01	0.18743609706617848
18.02	0.19280364884711954
18.03	0.21397223929129425
18.04	0.18969730153807815
18.05	0.20152537671503698
18.06	0.20198066379154583
18.07	0.203209717943494
18.08	0.19857659748894768
18.09	0.18687240112886613
18.1	0.21045084883152881
18.11	0.20455409766376748
18.12	0.21949398222855868
18.13	0.19811126870667783
18.14	0.22302023326275922
18.15	0.20849950786427746
18.16	0.21394986969424454
18.17	0.2009131217921344
18.18	0.2180991392848965
18.19	0.21310327123149728
18.2	0.19384971928998387
18.21	0.2094339456362578
18.22	0.2127957350204859
18.23	0.19427411278830425
18.24	0.19822850191962904
18.25	0.21016727070868202
18.26	0.20124623108888273
18.27	0.22574606409873338
18.28	0.21259102876445213
18.29	0.20767789120130667
18.3	0.22199470176790595
18.31	0.1976857822959901
18.32	0.20215431840044457
18.33	0.20376504587741087
18.34	0.20731152185612406
18.35	0.2226495303864876
18.36	0.21453988913102104
18.37	0.22111722836949455
18.38	0.20145911692611426
18.39	0.1757721593625401
18.4	0.20297629392830288
18.41	0.2033450825851041
18.42	0.1913373527374611
18.43	0.2029952345755632
18.44	0.1922387191488063
18.45	0.19887982671822593
18.46	0.19987719252241232
18.47	0.19775213286451565
18.48	0.2081034640619958
18.49	0.20735776528429412
18.5	0.19809169491286036
18.51	0.18651688468010785
18.52	0.19702587704743266
18.53	0.19828664589507902
18.54	0.1861991757816983
18.55	0.18405486240595859
18.56	0.17620477810782306
18.57	0.17548270741421365
18.58	0.19834648213978087
18.59	0.188427149301085
18.6	0.1851828023083794
18.61	0.20161975227287626
18.62	0.19546108681483987
18.63	0.20525626147912462
18.64	0.19841277917916955
18.65	0.20688620642081643
18.66	0.20008822186872163
18.67	0.19340956497268028
18.68	0.20473152443638326
18.69	0.1855014147935947
18.7	0.18957450688126862
18.71	0.20002454134336217
18.72	0.19140058719113254
18.73	0.19429466969104495
18.74	0.19222736649308586
18.75	0.2042033060553672
18.76	0.19465668767311545
18.77	0.19592243679636442
18.78	0.2062648956167239
18.79	0.196368706292387
18.8	0.22040394518040807
18.81	0.2145287304380175
18.82	0.19337779519408332
18.83	0.18874504118819793
18.84	0.1915968311634606
18.85	0.19745861946281446
18.86	0.20654027487270651
18.87	0.20795183006288057
18.88	0.21835741024485392
18.89	0.20918735656220194
18.9	0.20012876899579668
18.91	0.2056119840601174
18.92	0.20720517067875746
18.93	0.19291123848810718
18.94	0.1960084014987074
18.95	0.22147855920737497
18.96	0.20225925777922335
18.97	0.21701112049104554
18.98	0.20665878809269123
18.99	0.21725498177698835
19.0	0.2150632525523902
19.01	0.1940813047252369
19.02	0.21978683242934502
19.03	0.1991536369075085
19.04	0.20493729985854517
19.05	0.2165248537106927
19.06	0.21115329119027357
19.07	0.19955781109634885
19.08	0.20601076523453576
19.09	0.21788902879983407
19.1	0.19306166609488412
19.11	0.21300747822827287
19.12	0.20596329892506196
19.13	0.21783034624534772
19.14	0.20809934779140407
19.15	0.19819367018897247
19.16	0.21940505062584148
19.17	0.22871103154312178
19.18	0.2012418808569095
19.19	0.22458596549309381
19.2	0.21410146305142386
19.21	0.2102368755585223
19.22	0.20875348053939066
19.23	0.1932617567224966
19.24	0.21815332784294245
19.25	0.2254677380114834
19.26	0.21809536942062568
19.27	0.19550676285792257
19.28	0.20660011707424586
19.29	0.1886984781704419
19.3	0.19236945694024404
19.31	0.19789761291275906
19.32	0.19738202588004117
19.33	0.19532977004915106
19.34	0.2060507503745125
19.35	0.19808496667994882
19.36	0.18548941110384923
19.37	0.188275209961727
19.38	0.196002857533582
19.39	0.19797089361414932
19.4	0.19593612203235297
19.41	0.19917098677909126
19.42	0.18831362289229142
19.43	0.20762244230120125
19.44	0.20115388069462628
19.45	0.19194169851706705
19.46	0.205695678654993
19.47	0.1977630130325689
19.48	0.20044961238834447
19.49	0.1967989091282957
19.5	0.20022719633626682
19.51	0.18732102853209798
19.52	0.21363108146568502
19.53	0.2064957793246089
19.54	0.22869796915339907
19.55	0.213654650347532
19.56	0.2023719405039528
19.57	0.183939644817132
19.58	0.1856270314860469
19.59	0.2213082183160445
19.6	0.21081548758128615
19.61	0.21699838171179794
19.62	0.18553383253652223
19.63	0.21418468498054408
19.64	0.2000440774618337
19.65	0.21699993644328253
19.66	0.2267889588943931
19.67	0.20644135436176686
19.68	0.2108169261787456
19.69	0.21860100460627482
19.7	0.2096495494880714
19.71	0.20033860801600856
19.72	0.23191340892299228
19.73	0.2208338883178971
19.74	0.20614366409095963
19.75	0.2027192938228523
19.76	0.2149577289672176
19.77	0.2129159453397247
19.78	0.21783649938220953
19.79	0.20925670281857164
19.8	0.21569886689242515
19.81	0.197828830742472
19.82	0.21611957291933556
19.83	0.20982185472251835
19.84	0.23264285490067677
19.85	0.19367897925744648
19.86	0.20861492922788064
19.87	0.2312848531336308
19.88	0.22710925874705218
19.89	0.20617911277026982
19.9	0.22121690773761024
19.91	0.22253872476142136
19.92	0.21519088066454792
19.93	0.20114492151365762
19.94	0.22202170897892162
19.95	0.20996951488973298
19.96	0.20381964768639776
19.97	0.20960707419458272
19.98	0.20147400730251921
19.99	0.20234546698886788
20.0	0.20269626964728996
20.01	0.22070572585561932
20.02	0.19704196613885655
20.03	0.20373516030171265
20.04	0.18895504227021775
20.05	0.19026836423430163
20.06	0.20858394192907198
20.07	0.21186619700697815
20.08	0.19915438338702396
20.09	0.18207156970812627
20.1	0.19804114362515282
20.11	0.21018606176371113
20.12	0.1940147426269144
20.13	0.22480047432576258
20.14	0.18376044810417597
20.15	0.18182367915384517
20.16	0.20439694977842485
20.17	0.19509798556735017
20.18	0.19127579240974918
20.19	0.21099303925677276
20.2	0.20031779641652228
20.21	0.18711812772587857
20.22	0.19014363024159114
20.23	0.2019314588998702
20.24	0.19409708421632774
20.25	0.20209567086400393
20.26	0.20401411579451736
20.27	0.20926819892769594
20.28	0.19391295181647752
20.29	0.2031686023770893
20.3	0.2022669822143914
20.31	0.18947530972192655
20.32	0.20494144291980868
20.33	0.21448717725329985
20.34	0.18853555116124165
20.35	0.21627733106674685
20.36	0.21126861527068883
20.37	0.20967619225924694
20.38	0.1995568846665489
20.39	0.2094908110118634
20.4	0.20032982069795813
20.41	0.2166881310447459
20.42	0.2164088650140832
20.43	0.2025253559930346
20.44	0.2200854824772328
20.45	0.20067723648751382
20.46	0.20021462113686528
20.47	0.2009166472799363
20.48	0.2023582207435273
20.49	0.21350067687370217
20.5	0.2063873312468317
20.51	0.20567059158475334
20.52	0.21241569313373532
20.53	0.20518464906408385
20.54	0.2065749197943677
20.55	0.20308023283239102
20.56	0.21000586558577786
20.57	0.20699766742814776
20.58	0.20087321816505654
20.59	0.22697610350251138
20.6	0.20462369326930005
20.61	0.19560971595210888
20.62	0.20309599626695
20.63	0.18921689928402854
20.64	0.20703460782103122
20.65	0.20281716617908635
20.66	0.2101373056398339
20.67	0.21788208126052278
20.68	0.20918340156458026
20.69	0.21118487908104877
20.7	0.19269508539067937
20.71	0.21253469961430957
20.72	0.21164032209096703
20.73	0.19463874265918252
20.74	0.20510430027542534
20.75	0.1936717839892485
20.76	0.1900027065200051
20.77	0.20117177826813049
20.78	0.21985883809667386
20.79	0.19563761138752264
20.8	0.2012415231349993
20.81	0.19292674637204354
20.82	0.21059895048545302
20.83	0.1932062534478282
20.84	0.19217412077556995
20.85	0.20909046162755782
20.86	0.19859969602431204
20.87	0.21538463483677722
20.88	0.20103139625053817
20.89	0.2118204466283822
20.9	0.21266324070987724
20.91	0.2079494756930966
20.92	0.20397531759107548
20.93	0.20281564228081364
20.94	0.1908078663955285
20.95	0.18620652825308387
20.96	0.1983438748546993
20.97	0.2013562752805569
20.98	0.18606335477470629
20.99	0.20286568711698408
21.0	0.20738368213585046
21.01	0.18975347937331147
21.02	0.20701923534167382
21.03	0.1926564589000349
21.04	0.19938533524447313
21.05	0.2061304075300893
21.06	0.18645129784195472
21.07	0.20474793946960668
21.08	0.19427749281754503
21.09	0.19265842155715054
21.1	0.21021410748296968
21.11	0.19545450112829693
21.12	0.2021693408228073
21.13	0.20026826067133588
21.14	0.19944510310725883
21.15	0.21115146880829766
21.16	0.21050236950230408
21.17	0.19820748053783294
21.18	0.20934266900582274
21.19	0.2095490822655762
21.2	0.20406974601520655
21.21	0.22105700859311225
21.22	0.21715214911178338
21.23	0.21961497338039634
21.24	0.21592836584255384
21.25	0.21844369493668223
21.26	0.20132893739749338
21.27	0.20823713243011338
21.28	0.21288829009094465
21.29	0.2342557596833119
21.3	0.2171578366518984
21.31	0.20376396879546368
21.32	0.21461308105193208
21.33	0.2059022600106358
21.34	0.21666093911417547
21.35	0.2031190741451401
21.36	0.21284019532628853
21.37	0.21056173580702056
21.38	0.20291302488797142
21.39	0.21591136472865277
21.4	0.20719604030803535
21.41	0.22552071773165075
21.42	0.2007607886622527
21.43	0.2097839044668433
21.44	0.2022325492600709
21.45	0.22161135428765671
21.46	0.19720123626264965
21.47	0.2151738354249094
21.48	0.19809032456719738
21.49	0.22298206709892063
21.5	0.20030125150195083
21.51	0.19246066985585775
21.52	0.2051007530701283
21.53	0.19672895979502364
21.54	0.22059853961013262
21.55	0.21658225595146213
21.56	0.19566725594425502
21.57	0.2066733118826005
21.58	0.2109256524317799
21.59	0.1775248925531749
21.6	0.19587228643152002
21.61	0.1913146645463904
21.62	0.19751498861458547
21.63	0.18734457721879758
21.64	0.1977610423996289
21.65	0.19940111648612766
21.66	0.20371290539733772
21.67	0.1990049731853465
21.68	0.18136971363388366
21.69	0.18562984801224783
21.7	0.18680101873824526
21.71	0.2054202513612592
21.72	0.18279887995846816
21.73	0.1791956394214334
21.74	0.20723097256993947
21.75	0.193694475369563
21.76	0.1859633470235458
21.77	0.2109717034847061
21.78	0.18602612208767944
21.79	0.19864041380676367
21.8	0.20112383750105287
21.81	0.20510232798534223
21.82	0.19071082324674113
21.83	0.1896230985804316
21.84	0.19982599564336903
21.85	0.19833546452950887
21.86	0.204734958643595
21.87	0.20120373740500447
21.88	0.20278421206332878
21.89	0.19273790087274076
21.9	0.1918849622028444
21.91	0.20964363729704738
21.92	0.20304218058586512
21.93	0.20446261039496758
21.94	0.19385934282206257
21.95	0.19225378619513936
21.96	0.19005786106996372
21.97	0.21101304852375366
21.98	0.208678561892755
21.99	0.2070417909366191
22.0	0.19408597322290622
