10.0	0.229145233337445
10.01	0.24108710396053534
10.02	0.22559150018866747
10.03	0.2199181762845199
10.04	0.22570519162878858
10.05	0.22838220621941796
10.06	0.2181272141894162
10.07	0.19385643219460164
10.08	0.22417883761564142
10.09	0.2158286814713261
10.1	0.22830116400553063
10.11	0.22001067894447282
10.12	0.22419852252409625
10.13	0.21866693536253998
10.14	0.21771350854329924
10.15	0.20946468446536376
10.16	0.22194957727963266
10.17	0.22118371516390012
10.18	0.23415752339754714
10.19	0.22988995497203973
10.2	0.20234613962080655
10.21	0.19529582590715283
10.22	0.20548326300148173
10.23	0.2110048380542921
10.24	0.21048721380747812
10.25	0.20641726803217034
10.26	0.1937839117743655
10.27	0.20225565290558373
10.28	0.21101871529819047
10.29	0.19434312869654158
10.3	0.18480914396844786
10.31	0.187275160575336
10.32	0.20647740094748743
10.33	0.1970182501932628
10.34	0.1932302165268616
10.35	0.201462721418867
10.36	0.18648392135491973
10.37	0.2001267306095011
10.38	0.17665713524262133
10.39	0.16647854350135954
10.4	0.18206326951720508
10.41	0.1755500150389385
10.42	0.18672308884371594
10.43	0.19802506694434396
10.44	0.167261502762005
10.45	0.17568794254525225
10.46	0.18731995591011585
10.47	0.20205152953416108
10.48	0.19204434484225905
10.49	0.17251578563513298
10.5	0.1970570231380727
10.51	0.188152785654778
10.52	0.1784226910834707
10.53	0.16622353131798134
10.54	0.1741730960411348
10.55	0.2025782623962895
10.56	0.1953767196640052
10.57	0.18472910505617546
10.58	0.1746405438738817
10.59	0.18692845662318158
10.6	0.15769482494890932
10.61	0.1812907170262905
10.62	0.1775868387916345
10.63	0.20127071028235616
10.64	0.1882771379684174
10.65	0.2038014282768798
10.66	0.18237309419605785
10.67	0.19355849196926145
10.68	0.2046809546734155
10.69	0.19051464145377814
10.7	0.18224219070331016
10.71	0.17868643795942135
10.72	0.19237033955115354
10.73	0.19186666617129375
10.74	0.17993452730932988
10.75	0.19727683471274868
10.76	0.1816974756931627
10.77	0.20756162787501417
10.78	0.21708951489463357
10.79	0.19386098874740518
10.8	0.1936385439893638
10.81	0.19910857110331207
10.82	0.21923693154040044
10.83	0.22098464158507697
10.84	0.217332804571987
10.85	0.2057309898645852
10.86	0.21391826683697998
10.87	0.22220800552540898
10.88	0.20596256014746087
10.89	0.2203627088401822
10.9	0.2155394551477374
10.91	0.22435874164443526
10.92	0.2125844796728173
10.93	0.2360406280393959
10.94	0.2152798213651774
10.95	0.21603088248143146
10.96	0.22077900662445382
10.97	0.23274144104729244
10.98	0.22458561448492048
10.99	0.22526057960266388
11.0	0.2397518513846749
11.01	0.2337679513558536
11.02	0.21843929708500814
11.03	0.21387327832538217
11.04	0.22215475043502525
11.05	0.24844219292618047
11.06	0.2157163481996683
11.07	0.23701809236946272
11.08	0.2143095025052661
11.09	0.208185789863795
11.1	0.2221762922277631
11.11	0.23075799162977942
11.12	0.22853164295553588
11.13	0.2254801068687107
11.14	0.21633057779975054
11.15	0.22796387909418056
11.16	0.23548841007046795
11.17	0.2289658724427774
11.18	0.22863159784537404
11.19	0.24147617543146402
11.2	0.2230800318742968
11.21	0.23059628325373832
11.22	0.2179688546286222
11.23	0.23048063827771376
11.24	0.22703052896789983
11.25	0.2243902775492089
11.26	0.23914336688566723
11.27	0.21968342570677288
11.28	0.23572474314736952
11.29	0.23225065499120967
11.3	0.23291452643119626
11.31	0.23189618487272826
11.32	0.22177574446638199
11.33	0.22388486081680015
11.34	0.2126761485972154
11.35	0.2149546823998398
11.36	0.19655000224343497
11.37	0.19726452721596732
11.38	0.22565759648405692
11.39	0.21766962918413713
11.4	0.20158510820567044
11.41	0.22431928836417708
11.42	0.2087453179770423
11.43	0.19134648651696828
11.44	0.20767906675032619
11.45	0.2092453390028664
11.46	0.2123977111881147
11.47	0.19544417477269704
11.48	0.2154026327251456
11.49	0.18302477843583448
11.5	0.19229732526751733
11.51	0.19918930851318248
11.52	0.18383460315052635
11.53	0.20757662896619242
11.54	0.19243324462421138
11.55	0.19721990799856973
11.56	0.20303110477265846
11.57	0.1717934417697178
11.58	0.1864084423504581
11.59	0.1923931781446313
11.6	0.18760964035982194
11.61	0.18970540441028225
11.62	0.1775157048020567
11.63	0.17192834158997514
11.64	0.17660157229067747
11.65	0.19491778689047748
11.66	0.19000866473537764
11.67	0.1642233212708047
11.68	0.18763410557767513
11.69	0.18327548518414258
11.7	0.1865444434319808
11.71	0.19206550996461644
11.72	0.1967953897054802
11.73	0.17581189767644612
11.74	0.18359112150594734
11.75	0.15754790250915196
11.76	0.17818556419853743
11.77	0.17701776221150506
11.78	0.18204081380710863
11.79	0.15639325084755284
11.8	0.16892930631094383
11.81	0.18270950054282192
11.82	0.1812853092367019
11.83	0.17974197633283917
11.84	0.1724320313798015
11.85	0.1719763047620254
11.86	0.18310702195286283
11.87	0.1895693383441554
11.88	0.17964922588871554
11.89	0.17778843332972136
11.9	0.17180024224079785
11.91	0.18385706622529469
11.92	0.1858247013836898
11.93	0.18425172039272716
11.94	0.20137430419318453
11.95	0.1759142560321946
11.96	0.20323573925731309
11.97	0.16405662614921854
11.98	0.1991365766111921
11.99	0.1960593447181689
12.0	0.18847439376539793
12.01	0.18494393639734127
12.02	0.1796893526116822
12.03	0.17290147136203826
12.04	0.17122251396915228
12.05	0.21302551392107671
12.06	0.20307488082516714
12.07	0.19271250837662415
12.08	0.19931342847373945
12.09	0.19170961752261406
12.1	0.2095389110825678
12.11	0.19866025809016297
12.12	0.18494838424002996
12.13	0.21040332268470693
12.14	0.18913500010749953
12.15	0.20452462569815447
12.16	0.18322058598889596
12.17	0.2027482721511718
12.18	0.21437659889442306
12.19	0.18768023407671786
12.2	0.22228154617546614
12.21	0.21240280138502546
12.22	0.22545021404851684
12.23	0.2159717052854251
12.24	0.21062176307105174
12.25	0.22057960236076105
12.26	0.2087285942176565
12.27	0.21490053937399084
12.28	0.21043694204640995
12.29	0.22639133908531364
12.3	0.21363199643533426
12.31	0.23140207719841757
12.32	0.2200515906662784
12.33	0.2196176256935936
12.34	0.2193398719954286
12.35	0.208616024700705
12.36	0.21141479701417693
12.37	0.2175792615711058
12.38	0.22739709026754
12.39	0.21024449746631502
12.4	0.21664234871565508
12.41	0.20303586202648766
12.42	0.21957249303231285
12.43	0.2235426710419924
12.44	0.24095530918062286
12.45	0.21638582424783298
12.46	0.23589536092480773
12.47	0.2432600216064886
12.48	0.21047781760915416
12.49	0.2244934668092887
12.5	0.23041352006408886
12.51	0.21473532094444467
12.52	0.21419270141380764
12.53	0.23033878666666502
12.54	0.22497450833629143
12.55	0.23852107609064568
12.56	0.22255916376073742
12.57	0.21794167262542496
12.58	0.22945205740853797
12.59	0.2372365744144634
12.6	0.22229171762938876
12.61	0.23691953404100297
12.62	0.2401724760418406
12.63	0.22214929688308122
12.64	0.2193531468826503
12.65	0.23968813368809996
12.66	0.23464142732441204
12.67	0.24451414374813518
12.68	0.23138357136702725
12.69	0.22059196170942239
12.7	0.2183344833496006
12.71	0.2176728774576278
12.72	0.22597870834393657
12.73	0.23687620878605684
12.74	0.2084280410346362
12.75	0.21591821917673207
12.76	0.22516636539572635
12.77	0.22538939059447965
12.78	0.2196052687103539
12.79	0.22504265831666828
12.8	0.20022914971804742
12.81	0.21426137271618317
12.82	0.21384580047016344
12.83	0.1969647370561595
12.84	0.21550585119795324
12.85	0.21071653151263936
12.86	0.2023373798614465
12.87	0.1945202992201889
12.88	0.21380469132131633
12.89	0.19743452861758837
12.9	0.21957962757820243
12.91	0.18112487950501913
12.92	0.20585749776864043
12.93	0.205638174925589
12.94	0.19724292084945963
12.95	0.19822179612061985
12.96	0.19576240141546053
12.97	0.18400152787139637
12.98	0.1952840884462892
12.99	0.20427867411844003
13.0	0.19288416900217809
13.01	0.2066585367830316
13.02	0.1740879477827538
13.03	0.21909905718037745
13.04	0.19207103907861348
13.05	0.1935346212697366
13.06	0.1967603385210447
13.07	0.20677848595721304
13.08	0.1955982675631963
13.09	0.1791774902104487
13.1	0.18507523988966817
13.11	0.19327382218157274
13.12	0.18579430309849587
13.13	0.1931304634371661
13.14	0.18650294976901166
13.15	0.19650241431639948
13.16	0.180175840040914
13.17	0.1870075477532841
13.18	0.18063559571428034
13.19	0.1876244870604204
13.2	0.1750180474465169
13.21	0.18599708559258119
13.22	0.16960317470459269
13.23	0.2045351839122019
13.24	0.18420817526806482
13.25	0.17455905471520936
13.26	0.2045925186394581
13.27	0.16833876351575897
13.28	0.16906508461529865
13.29	0.19358883227222842
13.3	0.17626223728434506
13.31	0.18732092624449265
13.32	0.19311903068961123
13.33	0.17566243053843347
13.34	0.18159963130364035
13.35	0.1864340904812013
13.36	0.17344133115133376
13.37	0.1775037492668941
13.38	0.17351149207526334
13.39	0.18049734451045946
13.4	0.19002460614295333
13.41	0.18822306369572922
13.42	0.17141722948583382
13.43	0.1819365569070457
13.44	0.19625805597459509
13.45	0.1855902202170184
13.46	0.21492943044404794
13.47	0.20974514042716488
13.48	0.18915079077134275
13.49	0.1970305343200539
13.5	0.20279575884971252
13.51	0.1875992665636727
13.52	0.1781003132463551
13.53	0.20161881896390318
13.54	0.1937196812712266
13.55	0.18111208544439322
13.56	0.19503677251633986
13.57	0.18132375202970522
13.58	0.18410447354343215
13.59	0.19627507719239154
13.6	0.20463236239551874
13.61	0.20877940330753625
13.62	0.20318766773337285
13.63	0.2107066104672919
13.64	0.21101380027333305
13.65	0.20582397666880092
13.66	0.1975015422830024
13.67	0.2162378072806804
13.68	0.2275690253986662
13.69	0.22244040293196635
13.7	0.21251996894112424
13.71	0.21469424209973195
13.72	0.21408917795308932
13.73	0.21713520034067502
13.74	0.19493685980226197
13.75	0.2121218493100399
13.76	0.20691025671033994
13.77	0.22137503325003569
13.78	0.20518492859389528
13.79	0.2257617776975718
13.8	0.21875323610166045
13.81	0.21677770665091414
13.82	0.21985476638468918
13.83	0.2372806124923665
13.84	0.20451427594717814
13.85	0.21032532154348532
13.86	0.20954429490004814
13.87	0.23013564021481625
13.88	0.22797460620804333
13.89	0.2245814108012738
13.9	0.21055467599030958
13.91	0.20850817976961333
13.92	0.22562347553385698
13.93	0.2264037360195724
13.94	0.2340433146370833
13.95	0.23458797483596228
13.96	0.20651351506854917
13.97	0.22376816623562176
13.98	0.24149875655528677
13.99	0.21636488252017202
14.0	0.23573940402522064
14.01	0.22526951488155178
14.02	0.2213611918788249
14.03	0.222408017522935
14.04	0.22121483023792532
14.05	0.20428705483740062
14.06	0.22666390152592705
14.07	0.21504747746684977
14.08	0.22909216372516683
14.09	0.223647348803381
14.1	0.22395691503037402
14.11	0.21343641292364113
14.12	0.22106716507932983
14.13	0.2159120227152054
14.14	0.21951145180358303
14.15	0.24054304731437617
14.16	0.22760926059425973
14.17	0.2257631904466006
14.18	0.21539150879082336
14.19	0.22323870077020477
14.2	0.21351014264538087
14.21	0.21742094813792387
14.22	0.2200169676020083
14.23	0.2040031032087071
14.24	0.2137550632964637
14.25	0.20921978106528138
14.26	0.2228483340583999
14.27	0.20847534087097278
14.28	0.20897680431510138
14.29	0.21266673355328036
14.3	0.21666049310040494
14.31	0.20315201301668562
14.32	0.19375949403655962
14.33	0.1913794289116242
14.34	0.19825449527538458
14.35	0.19755368446985738
14.36	0.18607654616096161
14.37	0.18493612025062398
14.38	0.21661659734731287
14.39	0.19700799321800344
14.4	0.18221298958927473
14.41	0.19599148342364642
14.42	0.20173550763340736
14.43	0.1883878003195175
14.44	0.19584574868214946
14.45	0.1886551130453164
14.46	0.17780053563462367
14.47	0.19133360692697995
14.48	0.20556715888511656
14.49	0.17669931996066557
14.5	0.16647506694001624
14.51	0.18383044226306466
14.52	0.19446479526157506
14.53	0.19200944232255698
14.54	0.18099341837437244
14.55	0.181316244207717
14.56	0.19224935253868866
14.57	0.1849195302591149
14.58	0.19779631035668138
14.59	0.1881902018359661
14.6	0.18765746961991034
14.61	0.16244775427166677
14.62	0.18429729472110173
14.63	0.1684510407970406
14.64	0.17844253995903106
14.65	0.16886110709675217
14.66	0.18179892361108851
14.67	0.16962405643370285
14.68	0.17113372748000244
14.69	0.18078384459271746
14.7	0.18183684567068437
14.71	0.16968239328550194
14.72	0.17464896283438874
14.73	0.16963592943461667
14.74	0.18450365432462038
14.75	0.17413284045239943
14.76	0.1916304631713493
14.77	0.16954556830799655
14.78	0.16417372768661662
14.79	0.17397265517181562
14.8	0.1745941499192525
14.81	0.1980088923617404
14.82	0.18025094658041468
14.83	0.1777804976359728
14.84	0.17559908532498358
14.85	0.17656098969925432
14.86	0.18291947760129587
14.87	0.1807955855198343
14.88	0.18992904174350195
14.89	0.18788912823655168
14.9	0.1896815114368386
14.91	0.19143335981245294
14.92	0.18983151428439002
14.93	0.22289133121297827
14.94	0.19798587241462992
14.95	0.18676836198831007
14.96	0.212943194429499
14.97	0.19672001406603265
14.98	0.2030604011833877
14.99	0.20018683490010053
15.0	0.21269137715862566
15.01	0.2049820469856409
15.02	0.2074116205547783
15.03	0.204722985747607
15.04	0.20648974349366112
15.05	0.20657308872174762
15.06	0.20475557728834604
15.07	0.21692746127097562
15.08	0.21492656667286122
15.09	0.22014258049847704
15.1	0.220651631538008
15.11	0.21441045961525904
15.12	0.22324085584990871
15.13	0.20572664059582144
15.14	0.22547012830880003
15.15	0.21821527941103702
15.16	0.20961393953214658
15.17	0.22799199825687505
15.18	0.21395661494033985
15.19	0.21887361035221345
15.2	0.21731211894387625
15.21	0.22621676069610286
15.22	0.22797378881919897
15.23	0.21993464614497352
15.24	0.21120113064743384
15.25	0.23841102491134625
15.26	0.2263099025714073
15.27	0.2243427719942419
15.28	0.23544849095931808
15.29	0.23269084210404944
15.3	0.21143847562509177
15.31	0.22824845910793626
15.32	0.21361235106613338
15.33	0.21891697486835296
15.34	0.22788872518685
15.35	0.2123355126324429
15.36	0.2441314839944748
15.37	0.23043897695062385
15.38	0.22268812921387426
15.39	0.2084571291191189
15.4	0.2292897969905993
15.41	0.23944425523508384
15.42	0.2187396540761912
15.43	0.21943210352480352
15.44	0.221840506344433
15.45	0.21393684272093333
15.46	0.21237814766184135
15.47	0.21671687914018697
15.48	0.19763545269178923
15.49	0.2218008864009977
15.5	0.19762977446067942
15.51	0.1964584238396963
15.52	0.20378990808374264
15.53	0.19655596441389092
15.54	0.1913087211182852
15.55	0.2165294821176596
15.56	0.21089423287006526
15.57	0.20402645531401456
15.58	0.19170208613864387
15.59	0.19642340466155633
15.6	0.20005784473600285
15.61	0.20529246404448484
15.62	0.2059392968199254
15.63	0.1949315029689516
15.64	0.19965833229167732
15.65	0.1994570602222238
15.66	0.20269889271565988
15.67	0.19091674869436853
15.68	0.20493137138497222
15.69	0.18677619136688592
15.7	0.18246824314933816
15.71	0.20597139539536594
15.72	0.16966476454333748
15.73	0.1765227651953889
15.74	0.198597337619925
15.75	0.197662326125654
15.76	0.1786436533054748
15.77	0.16601377614626256
15.78	0.17162301299011853
15.79	0.17629941981866637
15.8	0.1731772690252772
15.81	0.18260019920734044
15.82	0.1609817633326195
15.83	0.16102549467328095
15.84	0.19227237523816515
15.85	0.17933110399026841
15.86	0.17207018841547012
15.87	0.1531179594150692
15.88	0.18128327758211754
15.89	0.1790252850280261
15.9	0.18429172886788142
15.91	0.18179158458148126
15.92	0.15448194815360725
15.93	0.17382620468635684
15.94	0.17064226889087772
15.95	0.16777398900524204
15.96	0.1788301665243644
15.97	0.16902080155708218
15.98	0.1746100730034814
15.99	0.17756576220097176
16.0	0.1809072894109552
16.01	0.1643057717913362
16.02	0.18734783974324137
16.03	0.15256119623566594
16.04	0.18364448447788972
16.05	0.1910884693626449
16.06	0.19092690267374204
16.07	0.18730664265423339
16.08	0.18553193478309557
16.09	0.1973562128839028
16.1	0.1907695967891124
16.11	0.1714006033156919
16.12	0.1955732747483627
16.13	0.1939621694073066
16.14	0.2043414241656968
16.15	0.20739269242756464
16.16	0.16166007120169168
16.17	0.1809824817280313
16.18	0.19173114148881237
16.19	0.1979577554851232
16.2	0.2018928990310948
16.21	0.19584282663483343
16.22	0.20297173542933766
16.23	0.20129426452285604
16.24	0.22592310988486142
16.25	0.2050825548866168
16.26	0.20028060082957913
16.27	0.18983604857013572
16.28	0.21296741435658845
16.29	0.20462012702657822
16.3	0.203778855752512
16.31	0.2251553208491804
16.32	0.2039814154123238
16.33	0.21452962698472766
16.34	0.2164952403250748
16.35	0.22366365584834721
16.36	0.21995627634965872
16.37	0.2076392674327891
16.38	0.2073469870269248
16.39	0.21820229407805805
16.4	0.21955860937625254
16.41	0.21931653374996232
16.42	0.2368894735510771
16.43	0.22529917918865475
16.44	0.22996695320182364
16.45	0.24088330054848126
16.46	0.2131990558081867
16.47	0.22720516953502962
16.48	0.21670255982481185
16.49	0.2323360478161701
16.5	0.23599867148349954
16.51	0.22719908914981918
16.52	0.23212447600663774
16.53	0.22475648903104314
16.54	0.22715728690942041
16.55	0.23940598949567596
16.56	0.21317520846130897
16.57	0.22439457319804115
16.58	0.2293680590542288
16.59	0.2091259511020995
16.6	0.20916274278693664
16.61	0.22040505714444933
16.62	0.22490989297733305
16.63	0.22313797774852712
16.64	0.21869922249957416
16.65	0.22201730872319686
16.66	0.22427735476224622
16.67	0.22686673565609755
16.68	0.22004419418714646
16.69	0.21994683818716873
16.7	0.21331773246518038
16.71	0.2081496941973717
16.72	0.2088075879008047
16.73	0.21395970518186408
16.74	0.2447811744845528
16.75	0.23751546060933518
16.76	0.23347456520644475
16.77	0.21456242473373757
16.78	0.2136745768334639
16.79	0.233396290892259
16.8	0.21986979905281737
16.81	0.22964088111962455
16.82	0.20360718554829366
16.83	0.21443355105830347
16.84	0.21723159329068356
16.85	0.20799608674277512
16.86	0.21896941539653786
16.87	0.20204741788918187
16.88	0.21068924056532054
16.89	0.21134807375409964
16.9	0.2122108988550168
16.91	0.19079024869841676
16.92	0.20033817547927635
16.93	0.1943184801772776
16.94	0.19532192676879176
16.95	0.2049140965991043
16.96	0.19580178382358718
16.97	0.20078225272278669
16.98	0.18442802127325994
16.99	0.20361761453791102
17.0	0.20075685530200926
17.01	0.17668120580468
17.02	0.1868345487387164
17.03	0.164239874499841
17.04	0.1871696293572546
17.05	0.20525798064369602
17.06	0.19469791544033194
17.07	0.18006219027951623
17.08	0.16702650726598958
17.09	0.17925594655649324
17.1	0.18532856228117306
17.11	0.18730085551012945
17.12	0.19325631073557395
17.13	0.16239906481045793
17.14	0.18910960810974986
17.15	0.17532187563520377
17.16	0.1884902607436366
17.17	0.18010506758484734
17.18	0.18891576086125136
17.19	0.18249082130069577
17.2	0.17297472783916004
17.21	0.17271211939163944
17.22	0.18773805572481128
17.23	0.17949332329247414
17.24	0.17485502341921114
17.25	0.18398056840161955
17.26	0.1769840954988014
17.27	0.19196080571280855
17.28	0.19371306149435114
17.29	0.18129057771097934
17.3	0.18072203779302032
17.31	0.17141555430839703
17.32	0.1833638330086134
17.33	0.18877779920588497
17.34	0.18690128346295207
17.35	0.20101166974527507
17.36	0.1811378107695268
17.37	0.18896874683134127
17.38	0.20120557367480685
17.39	0.17405532447407246
17.4	0.1976169942555641
17.41	0.18150992760371143
17.42	0.20314441373367453
17.43	0.17847869974349223
17.44	0.19413183555638522
17.45	0.19739680958916778
17.46	0.181100722874771
17.47	0.19159081876250564
17.48	0.19459756402975695
17.49	0.19463912790036064
17.5	0.19075658287520797
17.51	0.20225226086090542
17.52	0.2107531296106396
17.53	0.21265596467342104
17.54	0.20276370968923946
17.55	0.19572199271069313
17.56	0.19702955825988536
17.57	0.19179626060354846
17.58	0.19544890855755723
17.59	0.20602367728018026
17.6	0.20941823668272444
17.61	0.20998324127129034
17.62	0.2163189190076558
17.63	0.20555246968659968
17.64	0.22354788076218923
17.65	0.2194275148532497
17.66	0.21636425715105786
17.67	0.22285263064721067
17.68	0.22502465590555532
17.69	0.22180024867659345
17.7	0.2236185433844518
17.71	0.227371957974433
17.72	0.24072981022136347
17.73	0.2243919739271129
17.74	0.2307676394294009
17.75	0.21810554273085256
17.76	0.23424718205829542
17.77	0.21553243446139092
17.78	0.22464146320955802
17.79	0.2261138178337252
17.8	0.23181681026775733
17.81	0.23575697829660178
17.82	0.20718038228888866
17.83	0.21223596236204573
17.84	0.21327575134769228
17.85	0.2095454903438052
17.86	0.22996680767710398
17.87	0.21207997826773622
17.88	0.2196289066437202
17.89	0.22280164539512906
17.9	0.21700754909880698
17.91	0.2282313702166666
17.92	0.2169170865175633
17.93	0.23253209581177733
17.94	0.22285566105000115
17.95	0.2080736621291807
17.96	0.2312226600642994
17.97	0.22504504504247494
17.98	0.21691262572240716
17.99	0.20892262003460882
18.0	0.23176703002857646
18.01	0.21402346055938137
18.02	0.21909742092601933
18.03	0.24057340030803517
18.04	0.21632840636532644
18.05	0.20691231349365952
18.06	0.200242931902092
18.07	0.19237279645584202
18.08	0.19335601548970677
18.09	0.1976586950882716
18.1	0.20090964807925712
18.11	0.2095106231117449
18.12	0.21102891496511897
18.13	0.18601026630584008
18.14	0.2084291048986999
18.15	0.19433745320053789
18.16	0.19802795507410512
18.17	0.18792928318483376
18.18	0.19723374082561937
18.19	0.192688407294335
18.2	0.1832663633131368
18.21	0.18587156100351618
18.22	0.19573476409975485
18.23	0.1697729070971609
18.24	0.19791399684800787
18.25	0.1914666532970527
18.26	0.19468609975789866
18.27	0.19066059239863517
18.28	0.1822907619811442
18.29	0.17650471215897678
18.3	0.1881837041419933
18.31	0.1888490711217701
18.32	0.1744091324440597
18.33	0.1935544898811811
18.34	0.18097947936413986
18.35	0.18791701704526753
18.36	0.17144753786272077
18.37	0.177481685749318
18.38	0.191014617600592
18.39	0.1924311217653077
18.4	0.17294890382128653
18.41	0.16417820642333963
18.42	0.17532333902505814
18.43	0.16329603755252817
18.44	0.18829642829199353
18.45	0.19551627673548255
18.46	0.17985297482173948
18.47	0.17984096786844
18.48	0.18948768494193333
18.49	0.21087533297043404
18.5	0.16804384059630112
18.51	0.18228272919442
18.52	0.1816478115514536
18.53	0.18387839586580149
18.54	0.19872671460828834
18.55	0.2140396120967198
18.56	0.20146274303707598
18.57	0.19491800247675808
18.58	0.17797426974973382
18.59	0.20836821102779038
18.6	0.18134928728230795
18.61	0.18807624255270955
18.62	0.19019741480028798
18.63	0.1934727275044351
18.64	0.17951076298278273
18.65	0.20436499227250646
18.66	0.1795519832834463
18.67	0.21116642589444062
18.68	0.18966491339784436
18.69	0.19523043342575624
18.7	0.18917969652863434
18.71	0.20516703535281725
18.72	0.21455942942740197
18.73	0.2170634165744179
18.74	0.21503123881146663
18.75	0.18886177037314628
18.76	0.19666969881628057
18.77	0.19512757547567391
18.78	0.18762378221825995
18.79	0.22339011545611917
18.8	0.23998893965687637
18.81	0.22324286600850615
18.82	0.21247070394512452
18.83	0.2127026345036069
18.84	0.20823469525269406
18.85	0.1995010805550351
18.86	0.20820750570776098
18.87	0.22325514395958856
18.88	0.21826979811334316
18.89	0.23014125387099385
18.9	0.20728308512793378
18.91	0.23615805591868247
18.92	0.19949023439477737
18.93	0.20487045438424056
18.94	0.2204438476985921
18.95	0.22711576998869157
18.96	0.21053491803708704
18.97	0.22557633924198126
18.98	0.2348074404517127
18.99	0.21740539176329984
19.0	0.23795866143828587
19.01	0.22363703330515153
19.02	0.23524563813251234
19.03	0.23081897688953154
19.04	0.232233491176839
19.05	0.217779526319272
19.06	0.21993054319044616
19.07	0.22394279864698366
19.08	0.22801810744359782
19.09	0.22697042337169746
19.1	0.2297534471756145
19.11	0.20271348897582228
19.12	0.22408197071850694
19.13	0.20626115695486769
19.14	0.21894840225582005
19.15	0.23677624652172857
19.16	0.2166608777171242
19.17	0.21411294066310332
19.18	0.22077931346509574
19.19	0.21558157570100503
19.2	0.21258664640038288
19.21	0.21257200509393187
19.22	0.20891904795672706
19.23	0.19996846071402993
19.24	0.22070980580608665
19.25	0.21907106517430677
19.26	0.20523238084577708
19.27	0.20954472241027564
19.28	0.22181237536747866
19.29	0.2043069497631472
19.3	0.21872751541405627
19.31	0.2058811897111933
19.32	0.1993321510602565
19.33	0.20534889420693303
19.34	0.19824259454206086
19.35	0.20635878785105635
19.36	0.21409961039316963
19.37	0.1962568446731455
19.38	0.18413743914502942
19.39	0.18873977604640296
19.4	0.20984295740044773
19.41	0.2007870964834593
19.42	0.17337346165119888
19.43	0.20613578609967692
19.44	0.19420832406329902
19.45	0.19050468829715947
19.46	0.1892089883358512
19.47	0.190421475726805
19.48	0.18054929306885856
19.49	0.1787540149767456
19.5	0.18238709008455853
19.51	0.1993154796218638
19.52	0.18409126601405637
19.53	0.18782788871224518
19.54	0.18692629140701336
19.55	0.18586699373902957
19.56	0.18662640792078794
19.57	0.17939149914670793
19.58	0.18641584226840854
19.59	0.20648239886514605
19.6	0.16810258552067997
19.61	0.16245415141114525
19.62	0.1790184667752306
19.63	0.16510027341769842
19.64	0.1884002926704264
19.65	0.17829445271235864
19.66	0.1780987949454343
19.67	0.1825888725477786
19.68	0.18375849501988525
19.69	0.1638308763316282
19.7	0.17448153229974
19.71	0.15822698191288576
19.72	0.18261977245849897
19.73	0.17526110864548455
19.74	0.1836357597547371
19.75	0.17231220505744782
19.76	0.1662132848726452
19.77	0.18153279968792274
19.78	0.1653867183354022
19.79	0.1951941483612134
19.8	0.18884008348770023
19.81	0.1830167900308913
19.82	0.1716676198985392
19.83	0.16067134200739092
19.84	0.19003363132963483
19.85	0.17463662183386847
19.86	0.16552204463220352
19.87	0.18297370274293193
19.88	0.20134467799363598
19.89	0.18492556521632722
19.9	0.19484414389307847
19.91	0.1801432905621917
19.92	0.18932051607362374
19.93	0.17473937930360575
19.94	0.17940332063875247
19.95	0.18296394196379126
19.96	0.19248960152847455
19.97	0.20492042563329085
19.98	0.19507459577609185
19.99	0.1836232625813047
20.0	0.18438676665070067
20.01	0.19654260990954542
20.02	0.2009346626956073
20.03	0.20506897165373839
20.04	0.21334507672701353
20.05	0.2205576255101188
20.06	0.20907100281859786
20.07	0.2305908301318189
20.08	0.2189810376048624
20.09	0.2120094217459651
20.1	0.20721002463829855
20.11	0.19764406166507537
20.12	0.20764670181728206
20.13	0.22590701830878943
20.14	0.2091144855793777
20.15	0.2144551558307955
20.16	0.2049803436569332
20.17	0.21867681911402564
20.18	0.21678675917754178
20.19	0.20827822454322087
20.2	0.20990728911142423
20.21	0.22570263115048667
20.22	0.21383563936958644
20.23	0.2109824505419141
20.24	0.22677029980432914
20.25	0.2135941371698119
20.26	0.21125178481624665
20.27	0.22188403156011385
20.28	0.20761692997214798
20.29	0.21677780277959832
20.3	0.20461812965043663
20.31	0.21002865962431133
20.32	0.20594718905573375
20.33	0.2026508415756998
20.34	0.21867428786199464
20.35	0.19487974875599148
20.36	0.19676542032143907
20.37	0.19260359804357635
20.38	0.21606058040886997
20.39	0.18149195820692815
20.4	0.19882201155439594
20.41	0.20802666016135887
20.42	0.2031697063626544
20.43	0.21680237437562438
20.44	0.22618825418301136
20.45	0.19378242108917165
20.46	0.1997605423271968
20.47	0.23154097303815777
20.48	0.18783522824306387
20.49	0.19476601064522267
20.5	0.19794018915996284
20.51	0.1976294711290633
20.52	0.19526117153615957
20.53	0.20553877259293676
20.54	0.1975687210662568
20.55	0.19504830578616197
20.56	0.19888792314447526
20.57	0.19908021963337785
20.58	0.20482647224693204
20.59	0.20576481275167585
20.6	0.1667253506258251
20.61	0.19787994536886577
20.62	0.20207197361694235
20.63	0.1905486957188794
20.64	0.1870632891619453
20.65	0.16623853655676102
20.66	0.18281052442218654
20.67	0.1898286754353343
20.68	0.17887561488168252
20.69	0.17606460450443231
20.7	0.17668014232607923
20.71	0.1871056773899085
20.72	0.18743344520361443
20.73	0.17557785096481568
20.74	0.17411338887980166
20.75	0.19585486610048208
20.76	0.16156362447304376
20.77	0.16418107613767352
20.78	0.18006693759836664
20.79	0.1681022947967105
20.8	0.17235027833659844
20.81	0.1775224849073637
20.82	0.16068492169933704
20.83	0.16949307632542338
20.84	0.178148495089744
20.85	0.17803014713887072
20.86	0.16770446286130913
20.87	0.1548012493823895
20.88	0.1798760847396388
20.89	0.17528349918721794
20.9	0.18463890020104085
20.91	0.15914850623457963
20.92	0.17611512402807225
20.93	0.17165902594996915
20.94	0.1651530852743554
20.95	0.17699341360219492
20.96	0.15677153814576716
20.97	0.17662496783199227
20.98	0.18925638557956326
20.99	0.15543177103064507
21.0	0.17922289160928573
21.01	0.17914384003452968
21.02	0.17589121745507436
21.03	0.17082284547220475
21.04	0.17936410086840218
21.05	0.17537311402557357
21.06	0.1813406615989043
21.07	0.16225852674156682
21.08	0.1790500749014498
21.09	0.1810250169674647
21.1	0.18339238435295072
21.11	0.18472833231952432
21.12	0.15832723266432008
21.13	0.17741216590234785
21.14	0.18486634551786765
21.15	0.20286266052784596
21.16	0.1590127570643673
21.17	0.17880904952711957
21.18	0.17826835255709061
21.19	0.1792523211320665
21.2	0.18256284930338143
21.21	0.20884561858432885
21.22	0.19494264933544264
21.23	0.21526151928942333
21.24	0.1880416390277329
21.25	0.19794502134442074
21.26	0.2004239405240034
21.27	0.2008967513622381
21.28	0.19373464769919518
21.29	0.2207825172864596
21.3	0.19704610473297623
21.31	0.18715706092782786
21.32	0.1844783215291603
21.33	0.21501343709884302
21.34	0.21017528462079443
21.35	0.20109056752979412
21.36	0.21377798284368726
21.37	0.20561058524793174
21.38	0.21336735736519435
21.39	0.21502706870372904
21.4	0.2187002967293171
21.41	0.203842841948151
21.42	0.20963691434297008
21.43	0.20219091325133787
21.44	0.20247606620129152
21.45	0.22294568960065572
21.46	0.20776977914845646
21.47	0.2072417262436023
21.48	0.2345697016335983
21.49	0.19066617531957353
21.5	0.22658657986264358
21.51	0.2109572844214161
21.52	0.2187281546229841
21.53	0.21194787054789793
21.54	0.22754380552683345
21.55	0.21492591803692396
21.56	0.21143144075376058
21.57	0.21958785950048515
21.58	0.20815728184120166
21.59	0.22630050809878058
21.6	0.20486428930912381
21.61	0.22077862195553682
21.62	0.20648346070921875
21.63	0.20472751601741937
21.64	0.22045124131985505
21.65	0.20361823762683148
21.66	0.2045430020445613
21.67	0.2020401939687485
21.68	0.2147810995207955
21.69	0.20819442654466128
21.7	0.2024451924792902
21.71	0.20315879021134797
21.72	0.2086356668033371
21.73	0.19646235892041894
21.74	0.19943594357834543
21.75	0.17792556763793507
21.76	0.1952687451049819
21.77	0.18651681556356708
21.78	0.21447382179109978
21.79	0.183563123644603
21.8	0.1974493125952469
21.81	0.18583438573928263
21.82	0.18731776570389305
21.83	0.20192242113862918
21.84	0.19926077148545737
21.85	0.18956992668660527
21.86	0.18585751770992529
21.87	0.18360448814869113
21.88	0.19045119081509806
21.89	0.18855182066832615
21.9	0.19282754106449557
21.91	0.19925272760155288
21.92	0.18776443154849773
21.93	0.19356673885548056
21.94	0.1780359725228723
21.95	0.17755914258558522
21.96	0.171679969092987
21.97	0.17484502792847303
21.98	0.15416371175494725
21.99	0.18183702819147024
22.0	0.1822572109562214
