10.0	0.22500566863817983
10.01	0.23372723277729018
10.02	0.23688084495715403
10.03	0.24680751316124871
10.04	0.2220837164931869
10.05	0.2371587314487995
10.06	0.23754874422492328
10.07	0.2209763065451133
10.08	0.22805129599559
10.09	0.23189474311136274
10.1	0.2585542276592859
10.11	0.23943979072498828
10.12	0.23690542900676897
10.13	0.2364620467531057
10.14	0.22461816433638765
10.15	0.2375537522643612
10.16	0.2338985707351852
10.17	0.25357354445315555
10.18	0.25400965758704475
10.19	0.22640105727619006
10.2	0.2404022166518835
10.21	0.23132135384546015
10.22	0.2318347748223257
10.23	0.248586759139864
10.24	0.23595215804554226
10.25	0.2368348231052153
10.26	0.2564760898721387
10.27	0.23041016113854035
10.28	0.2341281408097703
10.29	0.22988524090434578
10.3	0.23584570965221022
10.31	0.22843243188814014
10.32	0.24017956818320516
10.33	0.23401520744789817
10.34	0.25652966235781643
10.35	0.22876772142812468
10.36	0.2187367692908862
10.37	0.23944755365692932
10.38	0.2382550080203552
10.39	0.23498363130575292
10.4	0.23281551228554245
10.41	0.2345759043414076
10.42	0.227785118397222
10.43	0.2289760933992041
10.44	0.24024128392226599
10.45	0.23536614374051873
10.46	0.2551562309082872
10.47	0.23952132868349385
10.48	0.23082848662154345
10.49	0.22953047941039842
10.5	0.2516946977480678
10.51	0.2328968458334924
10.52	0.23815306010349874
10.53	0.23918852311121983
10.54	0.23538599700307478
10.55	0.25703512654731203
10.56	0.2378689943061541
10.57	0.2333766752358175
10.58	0.22444563305201712
10.59	0.23434866378301952
10.6	0.23051584707217304
10.61	0.2221348003133155
10.62	0.24117556604246648
10.63	0.239330908033131
10.64	0.22914085758056799
10.65	0.2333998292656861
10.66	0.2349149256426314
10.67	0.2415772421895245
10.68	0.22976333781362734
10.69	0.21351201607351655
10.7	0.23834472633059992
10.71	0.2245475883765149
10.72	0.22821003849167448
10.73	0.23697328675066498
10.74	0.2562250154946004
10.75	0.2369797850099403
10.76	0.23758833644279775
10.77	0.2550590825661766
10.78	0.24604879715705644
10.79	0.24600115919170512
10.8	0.2494038184096646
10.81	0.246051107702552
10.82	0.24258368564503582
10.83	0.24973590803245072
10.84	0.27900205458422056
10.85	0.23717680810161343
10.86	0.24475926260994674
10.87	0.2210159161631137
10.88	0.2474071302055401
10.89	0.2324260424501181
10.9	0.2358499113053906
10.91	0.23791559003364662
10.92	0.21755244677716284
10.93	0.2389924437382827
10.94	0.23373924020111086
10.95	0.23985868354645637
10.96	0.24598580627436387
10.97	0.24000079700787566
10.98	0.2550433418395361
10.99	0.24959942037936386
11.0	0.22745690308086358
11.01	0.2232997569942224
11.02	0.23210902158516294
11.03	0.2482968591460136
11.04	0.22868718648797717
11.05	0.25142981713151913
11.06	0.23561674553508388
11.07	0.23870755978391608
11.08	0.22643701800342608
11.09	0.22192614075736006
11.1	0.23477659723050595
11.11	0.23473873066551862
11.12	0.2403460058485356
11.13	0.245449894693621
11.14	0.2521764165295532
11.15	0.23230772097559818
11.16	0.2346996695276839
11.17	0.22412917182826222
11.18	0.24426822564173437
11.19	0.2414324743830899
11.2	0.23186284151579128
11.21	0.22445290002558155
11.22	0.22173138616016455
11.23	0.23702789573211552
11.24	0.2546218074586221
11.25	0.22123785302706378
11.26	0.2476377162296582
11.27	0.2258769017904245
11.28	0.2396649659683162
11.29	0.24972283372214388
11.3	0.21732128934084047
11.31	0.23638521056244868
11.32	0.24707103330234928
11.33	0.23416328148423038
11.34	0.22976224827214461
11.35	0.24300166200661102
11.36	0.2462158961690998
11.37	0.2286860132443194
11.38	0.24410551789983276
11.39	0.24415441798760398
11.4	0.24465151481565697
11.41	0.24846286835397793
11.42	0.21834968608729557
11.43	0.23032686205339056
11.44	0.24430194923610993
11.45	0.24395661633177415
11.46	0.23338541696863432
11.47	0.23367428498624507
11.48	0.2299696359901265
11.49	0.23692446405812134
11.5	0.262719627347039
11.51	0.2398593702751789
11.52	0.22942071916173223
11.53	0.2511787539358653
11.54	0.24224301830061104
11.55	0.23333202736738065
11.56	0.23340327492404034
11.57	0.24346063675047236
11.58	0.23676782551375392
11.59	0.23814527923154127
11.6	0.23650662393425553
11.61	0.2312669346729311
11.62	0.21783193447730542
11.63	0.23350661867739655
11.64	0.23304064307840744
11.65	0.22684112122923253
11.66	0.24548750577089717
11.67	0.21773355451578044
11.68	0.23845558244125675
11.69	0.2478030616959811
11.7	0.23104731115269408
11.71	0.23966238087587785
11.72	0.2467475514045356
11.73	0.2382890392536496
11.74	0.21873068443259597
11.75	0.24686366634522908
11.76	0.24421695023713544
11.77	0.22801608635029147
11.78	0.2387622165482405
11.79	0.23530906209020555
11.8	0.2215739634006186
11.81	0.24707943676272703
11.82	0.22728690677339755
11.83	0.24458727277248268
11.84	0.24885698196626832
11.85	0.22677581365443022
11.86	0.23947808515183164
11.87	0.2431552645514338
11.88	0.23532196278401848
11.89	0.23571306327214014
11.9	0.24264488355907018
11.91	0.24421275127354378
11.92	0.23924022936670056
11.93	0.2272730876957142
11.94	0.2239510791637182
11.95	0.24710786911322338
11.96	0.23230180881793028
11.97	0.24060763968363558
11.98	0.23851712744250475
11.99	0.23609773570818227
12.0	0.2329810048494963
12.01	0.26716901101891055
12.02	0.2360425028122879
12.03	0.23842741120628638
12.04	0.23820576666894028
12.05	0.23575585647285477
12.06	0.24136354955149267
12.07	0.24250900371277778
12.08	0.24667276277596245
12.09	0.23325913584937136
12.1	0.23228548499903418
12.11	0.23886528801758117
12.12	0.2459330764604501
12.13	0.23476878555104486
12.14	0.23248404022545074
12.15	0.22566920999977916
12.16	0.24034451605818774
12.17	0.23186290272851154
12.18	0.2553910634866628
12.19	0.22576577354655022
12.2	0.23908526612912673
12.21	0.24451180764928565
12.22	0.2559218946508067
12.23	0.25837095631180157
12.24	0.24629385463538603
12.25	0.234836671075197
12.26	0.2283200135445423
12.27	0.24951778056505255
12.28	0.22672263038019252
12.29	0.2495698900046724
12.3	0.2606698360559178
12.31	0.2445291029591991
12.32	0.2291634165635319
12.33	0.2570532324254888
12.34	0.2294342235397312
12.35	0.2689617412731652
12.36	0.23782486552557988
12.37	0.23750087683051196
12.38	0.2444525146224029
12.39	0.2552726958067987
12.4	0.2279082346296161
12.41	0.2199804490185225
12.42	0.22953855766562611
12.43	0.2386548527648922
12.44	0.2299693292426434
12.45	0.21710195258071766
12.46	0.2513595583794822
12.47	0.22502504964619355
12.48	0.25123781330485284
12.49	0.24586495556011648
12.5	0.24590838473246363
12.51	0.2346919357543526
12.52	0.24072960271462693
12.53	0.25589149030815594
12.54	0.24364717558909743
12.55	0.2326118033642761
12.56	0.2408678219251101
12.57	0.2549197179967854
12.58	0.2422668882392416
12.59	0.23605570174098425
12.6	0.2389534991824655
12.61	0.24906713132689273
12.62	0.24697579477063147
12.63	0.24644081991450684
12.64	0.2348882287669675
12.65	0.25542134489960244
12.66	0.24440693526979315
12.67	0.23058023524573512
12.68	0.2411817789859412
12.69	0.2218185447443576
12.7	0.24930219909522924
12.71	0.2374877232340337
12.72	0.2469210524089707
12.73	0.2434903226674649
12.74	0.2533997485116648
12.75	0.22990133820997155
12.76	0.24582058387890768
12.77	0.24706569514990662
12.78	0.2471795228596512
12.79	0.2559307822374036
12.8	0.23974572399955602
12.81	0.23308828181100566
12.82	0.25105136507366643
12.83	0.2439519165275548
12.84	0.24107069637459208
12.85	0.24204884397403914
12.86	0.23077714151372822
12.87	0.2562811038973681
12.88	0.2609159161710298
12.89	0.24312125607886662
12.9	0.24720880656633398
12.91	0.23723184150666143
12.92	0.22764720910216907
12.93	0.24817503164728613
12.94	0.25170840871483874
12.95	0.23271630740793148
12.96	0.2400110977008549
12.97	0.23804474890305957
12.98	0.25848955989150324
12.99	0.2564033256089503
13.0	0.24828368294024925
13.01	0.26305829727723395
13.02	0.24679880348195288
13.03	0.24769174277495373
13.04	0.22218744415282454
13.05	0.24708564395755847
13.06	0.24291110190104884
13.07	0.2510142373123153
13.08	0.25054340966043825
13.09	0.2503544807161895
13.1	0.2517076452180088
13.11	0.23902487071999937
13.12	0.2532024297104292
13.13	0.2440338011429885
13.14	0.25150573572985335
13.15	0.25065995510428096
13.16	0.2496272896565937
13.17	0.24324798754953872
13.18	0.21635548156305837
13.19	0.24001734329465946
13.2	0.24542395643140252
13.21	0.24781944140611634
13.22	0.2458968347279037
13.23	0.23167966599958537
13.24	0.2508421999889775
13.25	0.24011112747717162
13.26	0.23834019650572177
13.27	0.24396305081312167
13.28	0.24336160132007795
13.29	0.23796337616352384
13.3	0.24378210906530737
13.31	0.2302507241335294
13.32	0.24469959157146115
13.33	0.2619200488753652
13.34	0.2513597279103484
13.35	0.24222876892479558
13.36	0.2596243718604594
13.37	0.22327911236470357
13.38	0.24730694880221238
13.39	0.24269349895871095
13.4	0.269111073779577
13.41	0.2307987786187388
13.42	0.23964656807202486
13.43	0.23119740382355827
13.44	0.26143857793579744
13.45	0.241869272201048
13.46	0.2370582296725458
13.47	0.25100936039731514
13.48	0.24165994770757163
13.49	0.24104450186804055
13.5	0.23356632902406388
13.51	0.2360319331062914
13.52	0.2495803254234379
13.53	0.24353315108867812
13.54	0.26413488077989666
13.55	0.24682780584852784
13.56	0.23946956755630505
13.57	0.23331390397074445
13.58	0.23830674236243848
13.59	0.2363417581259321
13.6	0.23275837545092362
13.61	0.2237353135547989
13.62	0.262787430626079
13.63	0.2392895774800877
13.64	0.24533593498328957
13.65	0.23789366978763468
13.66	0.2419042666344886
13.67	0.24320405886994853
13.68	0.24487009474467342
13.69	0.23135710835611692
13.7	0.24452618872796056
13.71	0.22949311962552182
13.72	0.23906208663343312
13.73	0.22545472856711807
13.74	0.24097206214304032
13.75	0.2398596755381207
13.76	0.25213599047376567
13.77	0.23739011954335176
13.78	0.24815924216881388
13.79	0.2518939689122004
13.8	0.2506770151666287
13.81	0.24059403893154332
13.82	0.24397616068134004
13.83	0.2488338045895835
13.84	0.2520861128332469
13.85	0.2383889126829323
13.86	0.2605400954666074
13.87	0.2491705006329018
13.88	0.24388470745006327
13.89	0.2426878183078669
13.9	0.24318972540585745
13.91	0.2450615722106707
13.92	0.24175532856618007
13.93	0.24493141781231514
13.94	0.2519131488297452
13.95	0.26147368418355843
13.96	0.2439128895596572
13.97	0.24492064172997904
13.98	0.2380534987537101
13.99	0.2247490793118719
14.0	0.23100549861101466
14.01	0.2339214514674389
14.02	0.23558445464210193
14.03	0.24811689863261074
14.04	0.2249616188087413
14.05	0.2366253751023057
14.06	0.2631631722208292
14.07	0.24832335916369397
14.08	0.23065469351975082
14.09	0.23806380559003054
14.1	0.24888411092562354
14.11	0.24865117940361034
14.12	0.22734721081144033
14.13	0.2418203678715505
14.14	0.2323753788316622
14.15	0.22386121760890718
14.16	0.22987553767207072
14.17	0.23899754081382907
14.18	0.24454023219826596
14.19	0.23036133906796855
14.2	0.23945207788617032
14.21	0.24191879759649743
14.22	0.23061977378617385
14.23	0.22161281384023518
14.24	0.22873027025843687
14.25	0.23866122254292133
14.26	0.241443531020939
14.27	0.22851195865210988
14.28	0.23848519340068852
14.29	0.23566011557025773
14.3	0.22761891917995403
14.31	0.2307598267785561
14.32	0.23564241938428862
14.33	0.2563117826172563
14.34	0.2532607495286907
14.35	0.23879814462059787
14.36	0.23972400332566476
14.37	0.24413307686159746
14.38	0.2513212933297796
14.39	0.2501990273208097
14.4	0.23612742642212944
14.41	0.24314023239921284
14.42	0.2329122622105568
14.43	0.2302485615980583
14.44	0.22983212448476037
14.45	0.25338422095949265
14.46	0.23378547732316948
14.47	0.2414828448742777
14.48	0.24088907113540906
14.49	0.23965082807627353
14.5	0.22757847900585543
14.51	0.22527717264769542
14.52	0.2299145710504644
14.53	0.2348694539817852
14.54	0.2348304398489197
14.55	0.24187391087043417
14.56	0.23951509561834192
14.57	0.23109316526781598
14.58	0.23370451909934978
14.59	0.2453737174650804
14.6	0.24284355785720046
14.61	0.2274121161249111
14.62	0.2406468438828402
14.63	0.22660889108409987
14.64	0.23115191313979808
14.65	0.23701149776823874
14.66	0.24680318249574085
14.67	0.2301160407016093
14.68	0.25832383140287485
14.69	0.24772825238266252
14.7	0.2464620629564904
14.71	0.22740600018166773
14.72	0.20908905811287345
14.73	0.23785861228559985
14.74	0.23481656908870954
14.75	0.2310337458756528
14.76	0.24927281198312526
14.77	0.2287268646568024
14.78	0.24794310156978305
14.79	0.242511365756053
14.8	0.24852777397620268
14.81	0.24101435359890477
14.82	0.2402452340585051
14.83	0.23822682913681303
14.84	0.24238128370431325
14.85	0.21755386365974771
14.86	0.24641255775094792
14.87	0.2236165555487973
14.88	0.24910667567062272
14.89	0.23269378667855156
14.9	0.23821166489726828
14.91	0.23605301879546908
14.92	0.25466638727452484
14.93	0.23736617835724122
14.94	0.24331289239912043
14.95	0.23958162950692694
14.96	0.23482935576175373
14.97	0.23665786716350748
14.98	0.25257064354363906
14.99	0.2250501019288222
15.0	0.2380524515396985
15.01	0.25172415919664715
15.02	0.2433333720685807
15.03	0.2577105807062578
15.04	0.236129179085594
15.05	0.2376229521466457
15.06	0.234376568116803
15.07	0.22948087465774866
15.08	0.23619132315830263
15.09	0.2406636406657574
15.1	0.23239149102559675
15.11	0.2355757801439655
15.12	0.24964991573219672
15.13	0.25020769855083314
15.14	0.23767893190680062
15.15	0.23992576206185842
15.16	0.243954957497324
15.17	0.22789736816459538
15.18	0.2393149973568089
15.19	0.23808988646421536
15.2	0.22167375313214657
15.21	0.23044720077479727
15.22	0.2455374086081322
15.23	0.2447859095903893
15.24	0.2470033933249629
15.25	0.24045522273815678
15.26	0.24415199274839813
15.27	0.2148596733264575
15.28	0.22267496249545882
15.29	0.24427290965680223
15.3	0.22586061241306704
15.31	0.23499895581801866
15.32	0.24421976610604118
15.33	0.26164928145851446
15.34	0.2280384094739686
15.35	0.2451277459719336
15.36	0.23566099937989993
15.37	0.2362087446924279
15.38	0.23145497182316124
15.39	0.23941149683149565
15.4	0.2201337056361889
15.41	0.2411903955678992
15.42	0.23237368509575018
15.43	0.2464162220010243
15.44	0.23160650687551634
15.45	0.24524063332875076
15.46	0.24637213055690876
15.47	0.21857981072759666
15.48	0.24210417333022058
15.49	0.2486606066200956
15.5	0.24785003334710512
15.51	0.24609911171365542
15.52	0.2464524575329292
15.53	0.23460360947732456
15.54	0.22784746588761995
15.55	0.23471636915915686
15.56	0.23880348737507404
15.57	0.21954186333725328
15.58	0.24434302772856917
15.59	0.23498195011023176
15.6	0.22866579300147594
15.61	0.2255870957243394
15.62	0.22955538889677618
15.63	0.22369147064305978
15.64	0.24896888853512203
15.65	0.2271412606998273
15.66	0.24713737880593237
15.67	0.22910020457079555
15.68	0.25286023377377576
15.69	0.2385073219282713
15.7	0.2437709583958514
15.71	0.2185294887081581
15.72	0.23260089520868468
15.73	0.24164472441051194
15.74	0.23950353084032552
15.75	0.22309741354245916
15.76	0.24259101588094062
15.77	0.23578745336707335
15.78	0.23626790470946168
15.79	0.23522803567947811
15.8	0.2426828100808049
15.81	0.22808646889259693
15.82	0.22630452533014783
15.83	0.24633659871793448
15.84	0.24547852337734924
15.85	0.24135745438178274
15.86	0.25164172936410717
15.87	0.23640709499787074
15.88	0.2447150402973858
15.89	0.23901579968898498
15.9	0.23018984502171522
15.91	0.2455188066705637
15.92	0.2255070155491454
15.93	0.2300169222368783
15.94	0.23596514708324537
15.95	0.24010169688800911
15.96	0.23343249168375993
15.97	0.22252713162708912
15.98	0.23644553981208855
15.99	0.24080543212201866
16.0	0.23659055456864958
16.01	0.23604153051385499
16.02	0.24394778461621427
16.03	0.2383938717635485
16.04	0.2565345424981743
16.05	0.24391295274830366
16.06	0.26343356303700494
16.07	0.23599613633059574
16.08	0.23849680718273347
16.09	0.2603906552939361
16.1	0.24942947789688313
16.11	0.25408944935337685
16.12	0.23923537327152736
16.13	0.24518893062328626
16.14	0.22549991762660634
16.15	0.255460143501608
16.16	0.23423311202655406
16.17	0.22407001594616527
16.18	0.23776307199675745
16.19	0.24681894824415093
16.2	0.24120668070447943
16.21	0.2295234583842366
16.22	0.22682155359093856
16.23	0.22771340219574052
16.24	0.23132902944181621
16.25	0.23925677758977645
16.26	0.24383930166209158
16.27	0.24325308451231845
16.28	0.24320855251728324
16.29	0.22551861260765105
16.3	0.22779056774854936
16.31	0.25721537213352386
16.32	0.24373380657341992
16.33	0.24180412198488963
16.34	0.22114465819860119
16.35	0.24029644622165147
16.36	0.2584101642928436
16.37	0.25411965253644053
16.38	0.23055925716099424
16.39	0.21769088997878863
16.4	0.2281880107239715
16.41	0.24698438458676672
16.42	0.23223802438563268
16.43	0.24730622659996968
16.44	0.23793115003634288
16.45	0.25028626282847255
16.46	0.2565884010953946
16.47	0.235871665841646
16.48	0.23531395257427234
16.49	0.23321394749702806
16.5	0.23075557547996517
16.51	0.22133585515853754
16.52	0.2393236183247286
16.53	0.23067840338785062
16.54	0.2543463673836645
16.55	0.22128853639729984
16.56	0.24456242671514347
16.57	0.23766326441369404
16.58	0.2340602393265404
16.59	0.2264348545075913
16.6	0.23577669088156397
16.61	0.21896360754291944
16.62	0.2641217664705916
16.63	0.2388039600426128
16.64	0.2287348383689108
16.65	0.2386144469995725
16.66	0.23195486255407854
16.67	0.25414336966051826
16.68	0.24155552659128712
16.69	0.21899277665496303
16.7	0.2568822098439458
16.71	0.21961049759958925
16.72	0.2289649652518524
16.73	0.24099062681554884
16.74	0.2173844242187778
16.75	0.23295075513275004
16.76	0.2364715647675399
16.77	0.24860364566798604
16.78	0.21599311004990968
16.79	0.242471105754249
16.8	0.2382866531786687
16.81	0.24173806851605822
16.82	0.2457824780860248
16.83	0.24239527482911558
16.84	0.23193440722445374
16.85	0.23093932749935533
16.86	0.24622237745875483
16.87	0.2412792109124017
16.88	0.24235868123889695
16.89	0.2322319431840878
16.9	0.24078570401049826
16.91	0.22103619502276634
16.92	0.2463405449398793
16.93	0.25042509098368954
16.94	0.22674296473435296
16.95	0.2341079596500538
16.96	0.25175266089806814
16.97	0.24961479113184099
16.98	0.23864122236683918
16.99	0.23955719698768413
17.0	0.24886052451495114
17.01	0.23167849676618044
17.02	0.26051533600498383
17.03	0.24436563623940558
17.04	0.21761569071225154
17.05	0.24318352163600093
17.06	0.23612130596581074
17.07	0.23497046650710993
17.08	0.24181151092373393
17.09	0.23165520181048396
17.1	0.24220494299668163
17.11	0.23026974634289465
17.12	0.24472143474576152
17.13	0.24144355900484346
17.14	0.2372671426651688
17.15	0.22724944344625359
17.16	0.2386324648348668
17.17	0.24700450010718794
17.18	0.2497327707632887
17.19	0.23952957434139996
17.2	0.24866825420719685
17.21	0.23678044995308486
17.22	0.23280153371577142
17.23	0.2671421195255091
17.24	0.24746373753694015
17.25	0.23631898551888442
17.26	0.23723785574113393
17.27	0.23635440477327946
17.28	0.23392237328442841
17.29	0.2454591520672722
17.3	0.2332013361965472
17.31	0.23938795740312113
17.32	0.24590155866567157
17.33	0.23190705922360721
17.34	0.2528259109800715
17.35	0.2332595665890413
17.36	0.23130158543044688
17.37	0.23981811778754478
17.38	0.23968163725812716
17.39	0.2561187602875089
17.4	0.23955284373468955
17.41	0.2543568810978859
17.42	0.23611135594314944
17.43	0.26307485495091565
17.44	0.24579515241940447
17.45	0.2503627155675522
17.46	0.2304207099674866
17.47	0.24368849425378933
17.48	0.2335315328371152
17.49	0.2478519783526095
17.5	0.23514210404493888
17.51	0.24329775250290192
17.52	0.25485191854404027
17.53	0.2433006814326692
17.54	0.24664733455062815
17.55	0.24735452250075787
17.56	0.2246048281525898
17.57	0.23974128783615778
17.58	0.24712558799758913
17.59	0.24271606308006352
17.6	0.2262096885899553
17.61	0.26485278999708023
17.62	0.2537761124896795
17.63	0.2444060455567355
17.64	0.2633886261563487
17.65	0.21821919188544814
17.66	0.2449510024980389
17.67	0.24491070560334696
17.68	0.24508098507718862
17.69	0.24436353505627506
17.7	0.24941737789752963
17.71	0.25372573250504044
17.72	0.2568125987579361
17.73	0.23858995402133903
17.74	0.233042368406729
17.75	0.25226249576592435
17.76	0.256249969547092
17.77	0.2392165355506761
17.78	0.23872651207586065
17.79	0.24546047819454006
17.8	0.24998723830781797
17.81	0.22841760267962943
17.82	0.22545016011196484
17.83	0.24799303628890734
17.84	0.25607061737918824
17.85	0.2551971361108728
17.86	0.25026335988576537
17.87	0.23011382756441828
17.88	0.23491338354715613
17.89	0.23742413315652272
17.9	0.24516464018437817
17.91	0.2533076942624971
17.92	0.23234723143513955
17.93	0.23413648020212252
17.94	0.23818830736362942
17.95	0.25644601585201793
17.96	0.24340301988274463
17.97	0.24042467459515018
17.98	0.25446989729192476
17.99	0.2566335560372933
18.0	0.25174548564101007
18.01	0.2481084904503318
18.02	0.2581871809021615
18.03	0.24495574554142993
18.04	0.24797026032919703
18.05	0.2575573429724732
18.06	0.24534350035021613
18.07	0.24166619589576738
18.08	0.2497500502775411
18.09	0.23808477425463495
18.1	0.2459015049872759
18.11	0.2385266042271829
18.12	0.24422358899270688
18.13	0.2367297923942121
18.14	0.2571550028595581
18.15	0.2445412824799379
18.16	0.26845602616867104
18.17	0.25396681332921334
18.18	0.2647950166953842
18.19	0.25163487549374297
18.2	0.2543164479582923
18.21	0.26966159805740325
18.22	0.25279701519161457
18.23	0.24430603428366526
18.24	0.252001837136547
18.25	0.24521096941966083
18.26	0.22962175422202677
18.27	0.23640594346276034
18.28	0.25635525492649935
18.29	0.24790201727248073
18.3	0.23799444215228188
18.31	0.22675983208672396
18.32	0.230577572270994
18.33	0.2442500971786692
18.34	0.21957599534121733
18.35	0.24267481316107187
18.36	0.2557239014670104
18.37	0.24728677097814483
18.38	0.24618968687125
18.39	0.24407102362589772
18.4	0.25777584608813664
18.41	0.24040858021372555
18.42	0.2454111872040309
18.43	0.2444325845459296
18.44	0.22706937824118556
18.45	0.2543596278616419
18.46	0.2428673752420431
18.47	0.25103697462476904
18.48	0.23529804644424446
18.49	0.22973284656412568
18.5	0.23216688555072906
18.51	0.2362288833701888
18.52	0.24832532455165252
18.53	0.2644388511827373
18.54	0.23748940393450932
18.55	0.24848412072785572
18.56	0.2369705822084379
18.57	0.232591298407104
18.58	0.23914777700267129
18.59	0.2475010855260892
18.6	0.24558797113126118
18.61	0.23986611346352918
18.62	0.24213961917646185
18.63	0.25870066165052935
18.64	0.2569226735109914
18.65	0.2359151384873359
18.66	0.24290006071865985
18.67	0.23891789213616732
18.68	0.2590313535759997
18.69	0.24296708760112576
18.7	0.23445493905436707
18.71	0.24605700818855109
18.72	0.24546015025886614
18.73	0.22111410834479217
18.74	0.25303048980884546
18.75	0.2475832309674339
18.76	0.24325358063603533
18.77	0.24887582756405582
18.78	0.2322414273327238
18.79	0.23469964721689224
18.8	0.2272256974029764
18.81	0.24163228609731907
18.82	0.227524820103986
18.83	0.25468223762757447
18.84	0.2346786950294482
18.85	0.23635648676862914
18.86	0.23542475461763818
18.87	0.24279390884148258
18.88	0.24928723106516848
18.89	0.23981239851304867
18.9	0.24978323381386497
18.91	0.24256315435598058
18.92	0.2514235643123209
18.93	0.24813560859120573
18.94	0.2489867187304914
18.95	0.23005225901415796
18.96	0.24227270436438092
18.97	0.26503524332314693
18.98	0.23503245309662338
18.99	0.25135884103272005
19.0	0.24052478179469483
19.01	0.2581306902005566
19.02	0.24445729737364413
19.03	0.2557642234335122
19.04	0.2422300734759121
19.05	0.2545355722626848
19.06	0.20124080800187497
19.07	0.2509716507276622
19.08	0.24679908855315513
19.09	0.24358134172299928
19.1	0.22651622550084105
19.11	0.2366146411090446
19.12	0.22923345479552554
19.13	0.23711220435071637
19.14	0.23950936594775143
19.15	0.23639777225937447
19.16	0.22364956567108968
19.17	0.24781822145911486
19.18	0.2287806930415675
19.19	0.2580344691194169
19.2	0.23562990891306346
19.21	0.24006739673009184
19.22	0.25182283904752095
19.23	0.23532765817584314
19.24	0.23540173294294123
19.25	0.24653733179468826
19.26	0.23440266106817303
19.27	0.24095995991231625
19.28	0.23085309437153323
19.29	0.24131672963876882
19.3	0.2668562856411021
19.31	0.2270205707200518
19.32	0.2428075678854874
19.33	0.23529798064944998
19.34	0.24999407140906071
19.35	0.23742073457074686
19.36	0.2455385450322223
19.37	0.26600692999837844
19.38	0.24379427273266202
19.39	0.22972811807861626
19.4	0.25432465466691284
19.41	0.24513948866060026
19.42	0.25271381750925764
19.43	0.23922797601593168
19.44	0.2417845035719034
19.45	0.22031093941133584
19.46	0.22574800570779613
19.47	0.24831681707751804
19.48	0.23822117431689202
19.49	0.22668210404780292
19.5	0.2389741066173468
19.51	0.24636574140569936
19.52	0.22095954525430272
19.53	0.24906780526325337
19.54	0.23987429693662254
19.55	0.22325021565885755
19.56	0.24274962814991094
19.57	0.25030033091715764
19.58	0.2604872721427414
19.59	0.23950907787792375
19.6	0.231311909410228
19.61	0.2370443038131647
19.62	0.24718144039075202
19.63	0.23844411946829835
19.64	0.24276915012413489
19.65	0.22281137997464862
19.66	0.23405391873752093
19.67	0.26697664096744306
19.68	0.2394194060749647
19.69	0.23887311456997348
19.7	0.24079995359495654
19.71	0.23991737390603024
19.72	0.24551878726715878
19.73	0.23893618238548744
19.74	0.2682931661178721
19.75	0.25010384627726256
19.76	0.23364107496539976
19.77	0.25274482803673326
19.78	0.23760782910967687
19.79	0.2542549478362686
19.8	0.24572600909884576
19.81	0.24381238343622613
19.82	0.2537814935061107
19.83	0.2509609200438789
19.84	0.2389095402381178
19.85	0.2431599713672048
19.86	0.25163251416267846
19.87	0.2468732393029552
19.88	0.24453403162640575
19.89	0.24125532323720167
19.9	0.2392085190109076
19.91	0.24190412595431407
19.92	0.21960952779329976
19.93	0.2564724409512208
19.94	0.2432726281730792
19.95	0.24331372873963406
19.96	0.23447613842417356
19.97	0.23036228985651278
19.98	0.21712522401486917
19.99	0.25544191803650224
20.0	0.26174419061155346
20.01	0.24379319523961604
20.02	0.2285012814139874
20.03	0.23044796777199783
20.04	0.23109812741304986
20.05	0.2501585545631333
20.06	0.24191604353114812
20.07	0.2542843389579698
20.08	0.26018880252676585
20.09	0.25244173783606255
20.1	0.2566958038654901
20.11	0.23542860797122359
20.12	0.23786069087232536
20.13	0.2343353371054551
20.14	0.24304445865775465
20.15	0.23522037249611666
20.16	0.24577998742855112
20.17	0.22354182095331956
20.18	0.21461790843233358
20.19	0.2345804105419074
20.2	0.2370246114872562
20.21	0.2243939500944403
20.22	0.22310964405457248
20.23	0.2512511531397584
20.24	0.22823299306567493
20.25	0.2250005776855446
20.26	0.22851167318099128
20.27	0.25144296747524625
20.28	0.2462404978678446
20.29	0.25518539013395286
20.3	0.23637430558168565
20.31	0.2511184463880401
20.32	0.2451827386493416
20.33	0.22893287103463944
20.34	0.23510266816455683
20.35	0.23649473157069897
20.36	0.24409941123888132
20.37	0.23513200991475314
20.38	0.2522469292936942
20.39	0.2278268631895892
20.4	0.2343603064227366
20.41	0.2512915746660787
20.42	0.23655803209341209
20.43	0.22464533229518485
20.44	0.24148529646527758
20.45	0.23643524549846393
20.46	0.2581670936022415
20.47	0.2381994166643946
20.48	0.2227291864890107
20.49	0.2357317467551267
20.5	0.2470001254249577
20.51	0.25458605876024354
20.52	0.24748013663260196
20.53	0.2311063583991537
20.54	0.22452007931517198
20.55	0.25341505550732824
20.56	0.23321960789166318
20.57	0.2403037142558514
20.58	0.20945165600481463
20.59	0.244861675160749
20.6	0.2329495522313316
20.61	0.2509053681954732
20.62	0.23024794895631262
20.63	0.24244220621923007
20.64	0.2369424402551899
20.65	0.25535439623471745
20.66	0.22620062068245467
20.67	0.22109529905673453
20.68	0.2375698072076356
20.69	0.2144125110024257
20.7	0.24098136068625817
20.71	0.24284674770115944
20.72	0.2341133241229824
20.73	0.23487421812266066
20.74	0.23392840767092865
20.75	0.23948857593607392
20.76	0.24817928652511792
20.77	0.24000544592759204
20.78	0.24314374138412673
20.79	0.24408089474689063
20.8	0.21492084984467807
20.81	0.2408910479235309
20.82	0.24106562680538993
20.83	0.2283105693263334
20.84	0.24891891538398359
20.85	0.239525559264826
20.86	0.22932931131909753
20.87	0.24167014432049388
20.88	0.24527714593429373
20.89	0.24227023059218125
20.9	0.2476022400809388
20.91	0.25042685110495694
20.92	0.24617744949924397
20.93	0.2464469758658251
20.94	0.23785990271082166
20.95	0.22408994060200757
20.96	0.2518558202657188
20.97	0.2461510264457999
20.98	0.24878806678665855
20.99	0.22681755088148897
21.0	0.2304506570251279
21.01	0.23209083447694218
21.02	0.23695256368288212
21.03	0.2340987859352933
21.04	0.24271390754767938
21.05	0.24099295148728062
21.06	0.24455963693982397
21.07	0.24759259675355708
21.08	0.23996431205462632
21.09	0.24019888626162994
21.1	0.23563986967435466
21.11	0.2507734765535482
21.12	0.24743013304460085
21.13	0.2308094674391457
21.14	0.23024553624724045
21.15	0.23782025499149834
21.16	0.25317022523480015
21.17	0.2367559539348264
21.18	0.24741710385119306
21.19	0.24341726950935627
21.2	0.22973271061210043
21.21	0.24707452394416393
21.22	0.23696360048917675
21.23	0.23003886441586788
21.24	0.23452645862216756
21.25	0.2593427035246435
21.26	0.22654908659699394
21.27	0.24043813626229804
21.28	0.2393913090253315
21.29	0.23242247851511083
21.3	0.23511348423147013
21.31	0.23525626858290502
21.32	0.2535844399711006
21.33	0.2440330597386505
21.34	0.25592949440724794
21.35	0.24340229295109375
21.36	0.21853969932486095
21.37	0.23664820292840125
21.38	0.21380910568976663
21.39	0.235999354120317
21.4	0.24499947098895866
21.41	0.2284232389148744
21.42	0.23899138307483123
21.43	0.24143322907578887
21.44	0.24868075231125164
21.45	0.24835178562791943
21.46	0.23169828643637297
21.47	0.22998186120797656
21.48	0.23054904680807392
21.49	0.24464215149854773
21.5	0.23351863726836353
21.51	0.23781072991738578
21.52	0.2159792441451044
21.53	0.21440123045565979
21.54	0.2466520882981884
21.55	0.23758148451760436
21.56	0.22542171134232375
21.57	0.23495674850189566
21.58	0.25497129827967613
21.59	0.24568227830251896
21.6	0.2283124842398565
21.61	0.25125150218135583
21.62	0.24229902926682964
21.63	0.24000902119168363
21.64	0.23109147545635714
21.65	0.24098756378315686
21.66	0.22575019214950312
21.67	0.2373157809471714
21.68	0.24080262564103694
21.69	0.2360044171335517
21.7	0.2432489068418807
21.71	0.2487091512857638
21.72	0.2365408505279266
21.73	0.23724329801004532
21.74	0.24053907921338588
21.75	0.24969484084646817
21.76	0.25844610198909646
21.77	0.237629963063172
21.78	0.25545404865474797
21.79	0.24334503041872782
21.8	0.26008823644532725
21.81	0.24079333607436454
21.82	0.23486328038509408
21.83	0.23383217892903024
21.84	0.23928421888536605
21.85	0.23500820326657654
21.86	0.22824772273692318
21.87	0.23493750151644727
21.88	0.25889054950049617
21.89	0.2382907726720292
21.9	0.24276162448694238
21.91	0.22793069378217704
21.92	0.23363029315464534
21.93	0.2358226015056283
21.94	0.2440409328312064
21.95	0.24698082403018112
21.96	0.23329281831297424
21.97	0.24675407769832036
21.98	0.25251742560654195
21.99	0.21654673136905403
22.0	0.2491456704568352
