10.0	0.2080107674225836
10.01	0.2186855202069791
10.02	0.22203267314168854
10.03	0.2180803099585837
10.04	0.20388997344162368
10.05	0.22028712628745917
10.06	0.20642631166566777
10.07	0.21358304445908594
10.08	0.20673311383113935
10.09	0.19791443402330525
10.1	0.20202554541888232
10.11	0.20493748882097168
10.12	0.19278476522166457
10.13	0.18791256182722493
10.14	0.20677311900679607
10.15	0.19155660356694335
10.16	0.21680583210694465
10.17	0.21403137590969387
10.18	0.1951180199763489
10.19	0.20740047331813083
10.2	0.20730516188696635
10.21	0.19632901228759436
10.22	0.1923921345697584
10.23	0.21065065541354644
10.24	0.17643066362248094
10.25	0.20671709757487186
10.26	0.19385035091159036
10.27	0.20484197326159476
10.28	0.19262898760232566
10.29	0.199341616834298
10.3	0.19666445521216272
10.31	0.19424836059572662
10.32	0.18517196333304714
10.33	0.2128761906323061
10.34	0.21369928734911298
10.35	0.19901699774802697
10.36	0.1935090001616465
10.37	0.2064101152467197
10.38	0.21442496852877052
10.39	0.18606366998274354
10.4	0.2057377204183263
10.41	0.1894453678685423
10.42	0.20181988939454226
10.43	0.20054456174509852
10.44	0.20976856774838992
10.45	0.18935726175526796
10.46	0.2098291233612767
10.47	0.20141405796618814
10.48	0.20711732134396732
10.49	0.19795696083911837
10.5	0.2209710314616458
10.51	0.20637776234957295
10.52	0.21387162464315865
10.53	0.20409721416173757
10.54	0.20736606834666044
10.55	0.2183451628910201
10.56	0.20316606061257414
10.57	0.20736503937759912
10.58	0.19195613602811096
10.59	0.2243281510102157
10.6	0.21432588152713167
10.61	0.21542740712996034
10.62	0.20407627701763514
10.63	0.239230031392666
10.64	0.22252390483233636
10.65	0.2118265689497211
10.66	0.21480816938326333
10.67	0.2290138129824911
10.68	0.22195914898002456
10.69	0.20158929660600475
10.7	0.21103105903233077
10.71	0.2117588095838043
10.72	0.2350009736259688
10.73	0.21303553405653208
10.74	0.211558507109052
10.75	0.22440824055092395
10.76	0.22595457427868085
10.77	0.19746346021133893
10.78	0.20328833931805065
10.79	0.22636891141487567
10.8	0.2153777571529772
10.81	0.2149682625670511
10.82	0.21512845382160709
10.83	0.2083072989295068
10.84	0.22011754069533876
10.85	0.21179545828490604
10.86	0.19741998170057373
10.87	0.20295233233585408
10.88	0.21853351962212492
10.89	0.20640755138223374
10.9	0.19542792043691176
10.91	0.20849502479954865
10.92	0.19166175838868726
10.93	0.19980639319937057
10.94	0.20797404397032723
10.95	0.20938957816527817
10.96	0.20731889111505514
10.97	0.20264157470805091
10.98	0.1942273446084306
10.99	0.1920119436072727
11.0	0.1939487511911191
11.01	0.1958104835908883
11.02	0.19031492752041798
11.03	0.19877981401820732
11.04	0.2043793448063683
11.05	0.19284872667906
11.06	0.1964591621714309
11.07	0.20912574400925682
11.08	0.18421327406882496
11.09	0.1895691534793799
11.1	0.20265537857926982
11.11	0.18628868388695502
11.12	0.19951165222139036
11.13	0.19405896509714243
11.14	0.21492024062636955
11.15	0.2043008541898388
11.16	0.1891521948373417
11.17	0.18382369899768528
11.18	0.2121418407323847
11.19	0.2115908502065446
11.2	0.19161166832186732
11.21	0.1978034844553519
11.22	0.20445761311909866
11.23	0.20876317014159843
11.24	0.19339989122412246
11.25	0.20872216673895364
11.26	0.19672661454587786
11.27	0.2045192144223438
11.28	0.1970348777049233
11.29	0.21257553386011666
11.3	0.20329634972355345
11.31	0.20967850473027339
11.32	0.21963983207091786
11.33	0.2236077609738009
11.34	0.21427609134167444
11.35	0.22121264654303133
11.36	0.20818480646695461
11.37	0.20912144722089687
11.38	0.2126429534878713
11.39	0.20445368922231114
11.4	0.2131350446790676
11.41	0.24279691980614132
11.42	0.20007711373698822
11.43	0.21246577570881056
11.44	0.20812492277859762
11.45	0.2233179819938987
11.46	0.21820509963763607
11.47	0.24283998174599836
11.48	0.20758131338352287
11.49	0.21777191428132978
11.5	0.21372457709715953
11.51	0.20415902306217237
11.52	0.20968060488183335
11.53	0.22673188805790512
11.54	0.20731742833267572
11.55	0.2110967990319074
11.56	0.21082266730484986
11.57	0.20873234169235297
11.58	0.22354747842772738
11.59	0.19827223441411176
11.6	0.2243131964174519
11.61	0.21355810000926556
11.62	0.21640634313906848
11.63	0.2171300440201736
11.64	0.2115268698489465
11.65	0.19260161486473257
11.66	0.2170717335003389
11.67	0.2234702182258454
11.68	0.18628202773259595
11.69	0.1999202611915234
11.7	0.21260098267609615
11.71	0.21247279004337732
11.72	0.20553683537891854
11.73	0.19853103882878667
11.74	0.20751629946433028
11.75	0.18534517211553841
11.76	0.19370238980806
11.77	0.18997580289714588
11.78	0.18956084127588846
11.79	0.2018744832426978
11.8	0.1890290660497516
11.81	0.20225756287838112
11.82	0.192371795022361
11.83	0.21656432167658718
11.84	0.19859970392591628
11.85	0.1957254722407193
11.86	0.18810081510319673
11.87	0.19075371725397744
11.88	0.20830897461141779
11.89	0.2217269460939734
11.9	0.18816959877929204
11.91	0.1881423886830108
11.92	0.20518533248320436
11.93	0.18766700737668285
11.94	0.20955835448595503
11.95	0.19144705356081382
11.96	0.20877002298797045
11.97	0.2004452348916139
11.98	0.2213905622777176
11.99	0.186554562210502
12.0	0.19092429480843418
12.01	0.207588232516138
12.02	0.19988515060541506
12.03	0.21778394610152502
12.04	0.2104404972402478
12.05	0.19364116349899219
12.06	0.204138580772307
12.07	0.20287536719035146
12.08	0.19815683577940893
12.09	0.21097944791899337
12.1	0.20283426577486655
12.11	0.19468206440701402
12.12	0.19201371325090982
12.13	0.2049275767409206
12.14	0.2018193797639032
12.15	0.19361790555129002
12.16	0.2117125657185995
12.17	0.200366456429367
12.18	0.20441714104824654
12.19	0.2013185996276568
12.2	0.19821972914173824
12.21	0.21791789812257287
12.22	0.19247375917597853
12.23	0.21921705920577386
12.24	0.2209722735788808
12.25	0.1996956932266962
12.26	0.19404980323396825
12.27	0.20878112353681003
12.28	0.2185950559747474
12.29	0.19898373480931925
12.3	0.20302205013689467
12.31	0.22324629055833464
12.32	0.2120687062421044
12.33	0.21839824670034644
12.34	0.21180366605726114
12.35	0.20699894619194723
12.36	0.20288486402946732
12.37	0.21321480056268322
12.38	0.20444830149330495
12.39	0.21141205977575983
12.4	0.191673135387041
12.41	0.21502653003415959
12.42	0.2009737014730769
12.43	0.20025002036935494
12.44	0.21737317416807553
12.45	0.20386181045011917
12.46	0.20497085605110246
12.47	0.19518435858835106
12.48	0.20301845669310445
12.49	0.2005095404661533
12.5	0.22171891461562662
12.51	0.18343612467613385
12.52	0.18729968829846033
12.53	0.19927957853470643
12.54	0.1815673644561661
12.55	0.1998350556156685
12.56	0.20917126467646407
12.57	0.18238430700253908
12.58	0.19456890623483275
12.59	0.19962527728070528
12.6	0.1934758384080633
12.61	0.18808205508753528
12.62	0.196002189347848
12.63	0.19674363764496774
12.64	0.19099033751284053
12.65	0.18438720959521387
12.66	0.1827182670397699
12.67	0.19582158678029457
12.68	0.18912309595235674
12.69	0.19389063850823243
12.7	0.19185735845940918
12.71	0.20244209215967482
12.72	0.20332570387793353
12.73	0.20849226600906984
12.74	0.19015930384429475
12.75	0.1982555904238218
12.76	0.2016885980835634
12.77	0.18371811312429692
12.78	0.1839342798719516
12.79	0.20566156309925718
12.8	0.19684419530482697
12.81	0.20783722261368323
12.82	0.2056888288134356
12.83	0.19975816256097223
12.84	0.21163608201675407
12.85	0.20897178261104662
12.86	0.21838455605455642
12.87	0.20163694468142382
12.88	0.20756313411709262
12.89	0.19619542811784701
12.9	0.1988433897509061
12.91	0.21473149314104273
12.92	0.2155270355302924
12.93	0.18987347191648327
12.94	0.20172675519620578
12.95	0.20371019178544733
12.96	0.1980927656733862
12.97	0.20540470207858308
12.98	0.22935719543527316
12.99	0.2028739805327808
13.0	0.2410341655910295
13.01	0.21096406040396704
13.02	0.22492682492904045
13.03	0.22669029445181432
13.04	0.20775396845199348
13.05	0.2222009379797904
13.06	0.20451431327972958
13.07	0.2335049856183116
13.08	0.21769009727661473
13.09	0.20578461052793645
13.1	0.22410430086312333
13.11	0.19985179560890107
13.12	0.21494601853671436
13.13	0.20874265207704967
13.14	0.22568826809014675
13.15	0.21058965416573153
13.16	0.19774031494378846
13.17	0.1950469869072551
13.18	0.21018972404566894
13.19	0.18869727196226482
13.2	0.19778416549718422
13.21	0.2002651454619557
13.22	0.20058889322485385
13.23	0.19599662588940556
13.24	0.19768152778889128
13.25	0.21269542784133916
13.26	0.19723196193831088
13.27	0.20134884672403944
13.28	0.18637084176763352
13.29	0.1872985043903929
13.3	0.17660843802392234
13.31	0.20568282823884615
13.32	0.19828562003014932
13.33	0.1889948085967448
13.34	0.18556940086353885
13.35	0.20327360267888428
13.36	0.20028937700855926
13.37	0.18716004998410884
13.38	0.19457452031217
13.39	0.19599838301470746
13.4	0.18646559414035518
13.41	0.18780930124941864
13.42	0.20016125126011639
13.43	0.20288513629748806
13.44	0.1876807609454957
13.45	0.2038767446015857
13.46	0.19081139381262702
13.47	0.19942824985319604
13.48	0.1943971280604359
13.49	0.20880783225280428
13.5	0.19311434470516875
13.51	0.1984216807593445
13.52	0.1955789285157598
13.53	0.20302018202929362
13.54	0.21656146609811555
13.55	0.2153401716178551
13.56	0.19455014365694034
13.57	0.21136321994982896
13.58	0.20139328604557385
13.59	0.209297010595917
13.6	0.19968449272390504
13.61	0.21977268410546857
13.62	0.18046966165174472
13.63	0.19523173782837083
13.64	0.2156607348487711
13.65	0.22909242882728686
13.66	0.22787496494298928
13.67	0.2188599155235069
13.68	0.21792771929093083
13.69	0.21197740270069645
13.7	0.19216193256315056
13.71	0.23801128137148375
13.72	0.2212557843550877
13.73	0.20089620017456591
13.74	0.19683069487504556
13.75	0.21104862189930826
13.76	0.2103553694763336
13.77	0.1974473326480735
13.78	0.213602681589495
13.79	0.1996047957153444
13.8	0.210752935241042
13.81	0.20221889837242218
13.82	0.19788983776013822
13.83	0.204905677080113
13.84	0.21621457098577687
13.85	0.20156413761444988
13.86	0.2056787658198319
13.87	0.19634627176363323
13.88	0.20188497360845348
13.89	0.22427223031903898
13.9	0.21587998312184015
13.91	0.19637081677430612
13.92	0.21953891693704186
13.93	0.21256659378086623
13.94	0.21924672450908034
13.95	0.1947350882702941
13.96	0.18588626324291666
13.97	0.20754030994549932
13.98	0.2035818650530441
13.99	0.1975698900111231
14.0	0.20749559536756146
14.01	0.18909185615495858
14.02	0.1973057187866468
14.03	0.1949236869711471
14.04	0.19995253642206098
14.05	0.1925536721298936
14.06	0.19194670280196038
14.07	0.1938694903259731
14.08	0.18806303244003067
14.09	0.1933648910459612
14.1	0.19907904216283442
14.11	0.18408655155980594
14.12	0.19845064996683814
14.13	0.20285775589453417
14.14	0.19466992466084482
14.15	0.16950085140697918
14.16	0.19886137072477866
14.17	0.22081436719547687
14.18	0.19203537362867784
14.19	0.19457954184572704
14.2	0.18074381782331367
14.21	0.20182427545214182
14.22	0.20100563940200578
14.23	0.2008669993367838
14.24	0.19171689819682672
14.25	0.19810185109133646
14.26	0.21045657775385815
14.27	0.21921145813227252
14.28	0.20588028395175864
14.29	0.19029936597778147
14.3	0.20323170007440275
14.31	0.2136430322031613
14.32	0.20025338691887667
14.33	0.19886807883312477
14.34	0.19870747383777837
14.35	0.19473209389867427
14.36	0.20747971349337055
14.37	0.18155838020644438
14.38	0.1993627077323304
14.39	0.20901234338281377
14.4	0.19615625699639544
14.41	0.21736579586747995
14.42	0.22355179541142647
14.43	0.18539201141215234
14.44	0.20382686422150614
14.45	0.21110071787723766
14.46	0.20219891793035016
14.47	0.22304728688447936
14.48	0.21675660334760177
14.49	0.20449354527618865
14.5	0.22712513940366366
14.51	0.2046147732029567
14.52	0.22050883217059303
14.53	0.21588271284689395
14.54	0.23625368938561342
14.55	0.19850967920987
14.56	0.19718126174552397
14.57	0.20279087857751077
14.58	0.19709337222395223
14.59	0.19040078878861502
14.6	0.22830268076718396
14.61	0.20484311390492482
14.62	0.2055462767245064
14.63	0.21011861949527005
14.64	0.19266316381900697
14.65	0.19455295009092347
14.66	0.21105606210461952
14.67	0.18835680838059934
14.68	0.21592236314769253
14.69	0.19805243077687837
14.7	0.2070684970091836
14.71	0.2018128282101938
14.72	0.2101576700547359
14.73	0.20694670468421275
14.74	0.20526362521805322
14.75	0.19207081675505425
14.76	0.2294968809565414
14.77	0.20636618581861427
14.78	0.20204124903285064
14.79	0.19150333932664168
14.8	0.20544690215859843
14.81	0.19999919302946922
14.82	0.1875606885550995
14.83	0.19107272164695183
14.84	0.19030661812673239
14.85	0.19372261728484205
14.86	0.20116256308099104
14.87	0.19355053999111888
14.88	0.1942038341935047
14.89	0.19557750075909372
14.9	0.18444517131123778
14.91	0.20776207738035424
14.92	0.17623523523304657
14.93	0.17469266675674694
14.94	0.2009515446536314
14.95	0.1834165459775668
14.96	0.19045250572026115
14.97	0.19485432851158432
14.98	0.20008801332899143
14.99	0.19507587475543042
15.0	0.2073365940664607
15.01	0.21337504626324702
15.02	0.19465207207838242
15.03	0.21179375822793173
15.04	0.1965046788037509
15.05	0.20811606708836505
15.06	0.2180737665276169
15.07	0.21401144584913273
15.08	0.21293918336812906
15.09	0.2102784397781115
15.1	0.2285835069123343
15.11	0.21683927093657734
15.12	0.20971365610188591
15.13	0.22152206223853155
15.14	0.2099705456868393
15.15	0.2144802152504254
15.16	0.19764722301186946
15.17	0.20226129864481268
15.18	0.2233681546544593
15.19	0.19822145164298896
15.2	0.21826350816288873
15.21	0.2119514640185473
15.22	0.21990700059860033
15.23	0.23877125686267736
15.24	0.20594632585054734
15.25	0.22375583958820916
15.26	0.21631900731443687
15.27	0.2119412251325088
15.28	0.20809519379837685
15.29	0.21864581253005283
15.3	0.21049054819587085
15.31	0.2139516291833858
15.32	0.21628635299953897
15.33	0.20454551602449522
15.34	0.19849232036931255
15.35	0.2044321084086
15.36	0.1990871132129647
15.37	0.20994101145798927
15.38	0.2042152018469509
15.39	0.21301415621665729
15.4	0.19651090014300973
15.41	0.19212562693479815
15.42	0.20386571132761527
15.43	0.19507534324677805
15.44	0.20681228348660385
15.45	0.18955356406981524
15.46	0.22150918922292342
15.47	0.19985947731603135
15.48	0.20861778186025473
15.49	0.21302165920686045
15.5	0.19732073709767387
15.51	0.20160976794380078
15.52	0.2170998985600862
15.53	0.19358881772422992
15.54	0.198068417462997
15.55	0.21226017864582783
15.56	0.20449127518730228
15.57	0.20136485156454584
15.58	0.19848325718783638
15.59	0.2013131725903536
15.6	0.1933262557965118
15.61	0.18486549564485527
15.62	0.19352191764845178
15.63	0.19752970210896925
15.64	0.19923572559975752
15.65	0.1978471314360072
15.66	0.2061962799081907
15.67	0.1963003975407792
15.68	0.1914977209225602
15.69	0.20505995344776853
15.7	0.17207308533284577
15.71	0.19436358898999712
15.72	0.19066614262615905
15.73	0.19156029692685253
15.74	0.2026422415746011
15.75	0.19786772479356116
15.76	0.20544182503710545
15.77	0.21390185938074646
15.78	0.18555901961785667
15.79	0.198665729040833
15.8	0.18922714491906953
15.81	0.18774152202189118
15.82	0.19674759042581422
15.83	0.20717239937952242
15.84	0.19520368608563166
15.85	0.20569932188772141
15.86	0.2165617388749598
15.87	0.212360378348797
15.88	0.20126694687227004
15.89	0.17374876537491948
15.9	0.18739587425633702
15.91	0.1948994234943976
15.92	0.2038675906178772
15.93	0.20628833402188343
15.94	0.1915243592292177
15.95	0.2069727310326493
15.96	0.19037591941285786
15.97	0.21482718640186987
15.98	0.2181873105268322
15.99	0.22232238482958133
16.0	0.20394453975272273
16.01	0.21469756785204747
16.02	0.20481905225034047
16.03	0.2011133033712268
16.04	0.19383669207951373
16.05	0.21953013886612285
16.06	0.21451463133288473
16.07	0.21169327747047084
16.08	0.22332438951045852
16.09	0.20373801723031792
16.1	0.1974186164365475
16.11	0.21374082614056086
16.12	0.2012725386660692
16.13	0.20670729509190341
16.14	0.19744021210928087
16.15	0.21338818740391607
16.16	0.20746925462089827
16.17	0.20986664460250892
16.18	0.19632315070931253
16.19	0.20222147518071001
16.2	0.20163150778253652
16.21	0.21521453338118218
16.22	0.2266827104201684
16.23	0.21443978696223137
16.24	0.19824846380254796
16.25	0.2007865017925225
16.26	0.2093315603982738
16.27	0.19801311620673012
16.28	0.19178299687083403
16.29	0.20896462138071228
16.3	0.22428241705650886
16.31	0.19876455672424434
16.32	0.2113462326333839
16.33	0.2000101378143196
16.34	0.22633365103024466
16.35	0.19706228615261143
16.36	0.19700548796693318
16.37	0.21616845385206823
16.38	0.193527352747833
16.39	0.19955199583282035
16.4	0.18901869373031652
16.41	0.18879429676513548
16.42	0.1856683608568015
16.43	0.19367172482069164
16.44	0.19478415272377675
16.45	0.17970857769480084
16.46	0.20069836501470015
16.47	0.1856617713617107
16.48	0.19181491902462616
16.49	0.19630123533196087
16.5	0.2069070866517367
16.51	0.196548903999188
16.52	0.2062544541477801
16.53	0.19464070961648827
16.54	0.19200807172283152
16.55	0.19856772507132034
16.56	0.19218293556896093
16.57	0.1923755006027885
16.58	0.19828810577508282
16.59	0.19027546200841994
16.6	0.20400715225922902
16.61	0.19151245874060227
16.62	0.2034657910490852
16.63	0.214394561924463
16.64	0.2043250960181364
16.65	0.20641534196786673
16.66	0.19772951527661103
16.67	0.19887590654178952
16.68	0.20103053252363018
16.69	0.20640519844491606
16.7	0.21206817535322128
16.71	0.19653883645908352
16.72	0.2002090447704386
16.73	0.20617199886698143
16.74	0.2085635301079187
16.75	0.21455145787420946
16.76	0.2061869887403302
16.77	0.21843220797134197
16.78	0.19934098777424986
16.79	0.22073313335499506
16.8	0.2250589495029922
16.81	0.19706859378103583
16.82	0.20137596975428085
16.83	0.21151855676110348
16.84	0.20740770598439517
16.85	0.2079152212925641
16.86	0.20117852345841705
16.87	0.216037658387327
16.88	0.20548854000289052
16.89	0.2052575489464446
16.9	0.21455463388594034
16.91	0.2193626216866041
16.92	0.22095775203930718
16.93	0.22046229597517458
16.94	0.2055331520327803
16.95	0.20654245984212186
16.96	0.22959878831849553
16.97	0.2065950924389864
16.98	0.21122119194412814
16.99	0.20641071411350143
17.0	0.19615480096431104
17.01	0.19311512876930773
17.02	0.20357162275378016
17.03	0.20641817928859732
17.04	0.2024628030225295
17.05	0.19431442603540006
17.06	0.19362456684091847
17.07	0.19650259735152034
17.08	0.21016731055142696
17.09	0.1966821689442167
17.1	0.20582796850038362
17.11	0.18976017689954094
17.12	0.20577496342492
17.13	0.2076684555243687
17.14	0.20199396122038793
17.15	0.18794883321819714
17.16	0.21135596451618824
17.17	0.2039560815629402
17.18	0.18768232987865816
17.19	0.1915318732319311
17.2	0.189135112808607
17.21	0.18938177748070473
17.22	0.20998386420494158
17.23	0.18625084206767195
17.24	0.1937757187946008
17.25	0.20240921026489925
17.26	0.18523768281564795
17.27	0.19280547802081616
17.28	0.19630419815242484
17.29	0.19684493663776367
17.3	0.19498458324778942
17.31	0.1949422768546857
17.32	0.18821849657408496
17.33	0.20297779529509882
17.34	0.1995207560786749
17.35	0.21968116052774211
17.36	0.18664348130338804
17.37	0.20413871529340966
17.38	0.2075815418633542
17.39	0.20749497092373745
17.4	0.20155995968454382
17.41	0.2039398807048063
17.42	0.20091137525924888
17.43	0.22341692107312555
17.44	0.20664551434684306
17.45	0.20287285060018137
17.46	0.19748503316992325
17.47	0.22904914713723049
17.48	0.19524084724460514
17.49	0.19763906554580798
17.5	0.21926204234492147
17.51	0.21095591381500345
17.52	0.1987123223848315
17.53	0.2260773975503141
17.54	0.20066658756601383
17.55	0.2095477104070866
17.56	0.23074608159120524
17.57	0.22869571295896904
17.58	0.1920315749049445
17.59	0.22194656715845085
17.6	0.21123234220167583
17.61	0.21195461329549975
17.62	0.2079866005171478
17.63	0.21390983469145436
17.64	0.1967172746988401
17.65	0.19442972334254513
17.66	0.2177742610353186
17.67	0.2118156315500028
17.68	0.2016780319269659
17.69	0.21483707531066057
17.7	0.2250474107581656
17.71	0.18882966627977799
17.72	0.20453290520314657
17.73	0.22138941082186214
17.74	0.21610348870824428
17.75	0.1996218556555001
17.76	0.19460223155263154
17.77	0.19916081302122948
17.78	0.19140081537107564
17.79	0.21358276711771088
17.8	0.18651564246157365
17.81	0.2053576375214953
17.82	0.18850879087202144
17.83	0.19526478900609892
17.84	0.19603283455825674
17.85	0.19361617695681507
17.86	0.21026477572416885
17.87	0.17929137565330047
17.88	0.19061685387255284
17.89	0.19707502461559753
17.9	0.19942522583940567
17.91	0.19478331441590985
17.92	0.19138884582066326
17.93	0.19286857143123728
17.94	0.1842208975617262
17.95	0.18723789625073822
17.96	0.19965527442711758
17.97	0.19471475079958875
17.98	0.1965558895970356
17.99	0.1945156701466162
18.0	0.19947053873879897
18.01	0.2010061859735549
18.02	0.19471902787032877
18.03	0.205639686211392
18.04	0.20388375631395628
18.05	0.2036068760795144
18.06	0.2143412150909662
18.07	0.2145858019936191
18.08	0.20606307444485109
18.09	0.20276477661838202
18.1	0.19386866698021107
18.11	0.20466292113129286
18.12	0.1974073393921716
18.13	0.19864757447355183
18.14	0.2111402574770605
18.15	0.1957822009025726
18.16	0.21392865662237512
18.17	0.21225562923609786
18.18	0.21884389698143317
18.19	0.20651026505651268
18.2	0.2072653631748561
18.21	0.19356811259911239
18.22	0.21194532988707646
18.23	0.21123745559738796
18.24	0.2140097433576695
18.25	0.1941163616837509
18.26	0.2125424570422634
18.27	0.20960532308577864
18.28	0.2079941109505839
18.29	0.20548494751111693
18.3	0.20758729415988986
18.31	0.19132995107487466
18.32	0.19620230330004532
18.33	0.21454499964228957
18.34	0.22031898141438397
18.35	0.20162166766604242
18.36	0.21593123815517698
18.37	0.2266510186093737
18.38	0.2147184919197583
18.39	0.21413723644550678
18.4	0.20479858604307877
18.41	0.21421734417193278
18.42	0.20724995764156767
18.43	0.21226786790391258
18.44	0.20127249128867572
18.45	0.21747840162879162
18.46	0.19361175363659988
18.47	0.1953324663341844
18.48	0.20187421937105504
18.49	0.18439880739966538
18.5	0.19653311486414551
18.51	0.20718779076315122
18.52	0.2112074016961607
18.53	0.21628253323716498
18.54	0.18330333332903156
18.55	0.20769263962130718
18.56	0.20656306337918254
18.57	0.18227975863790352
18.58	0.1961487464599552
18.59	0.20582823105429235
18.6	0.2098640149784419
18.61	0.20376012677114475
18.62	0.19575918449803362
18.63	0.21560392365898828
18.64	0.17930825807018505
18.65	0.18536613732878202
18.66	0.19710683285501737
18.67	0.1886943163887483
18.68	0.1792042951809751
18.69	0.1958167401655565
18.7	0.19720117035837598
18.71	0.19042881758797453
18.72	0.20653966770167068
18.73	0.20135742081098829
18.74	0.16539684296107382
18.75	0.2084693330221647
18.76	0.2044767417264749
18.77	0.20998694683564673
18.78	0.196159730020738
18.79	0.21167404300729212
18.8	0.20881659664393828
18.81	0.1908645952132118
18.82	0.18716896837988817
18.83	0.19454885641852337
18.84	0.19253481896062669
18.85	0.20490191332151017
18.86	0.19614042177989044
18.87	0.21360285205861826
18.88	0.2000983245362208
18.89	0.1965863265458588
18.9	0.19548796887682215
18.91	0.22091270477838365
18.92	0.20723135112299534
18.93	0.1942191880646227
18.94	0.21547788044571928
18.95	0.2195506014637852
18.96	0.20985855889911667
18.97	0.20449847782761615
18.98	0.21381092407147964
18.99	0.2186769075794002
19.0	0.20289672277677018
19.01	0.19822230130398558
19.02	0.19878336423567783
19.03	0.19541269261041574
19.04	0.20465963680831042
19.05	0.1997205200849537
19.06	0.20664809722747943
19.07	0.22228091071986167
19.08	0.20593037544373272
19.09	0.21133395605781308
19.1	0.20979706167412598
19.11	0.20547495604761631
19.12	0.23529984186744451
19.13	0.20650574884883988
19.14	0.20871303078333195
19.15	0.2183806752846283
19.16	0.23013908649224096
19.17	0.20813794933298826
19.18	0.20543254800332977
19.19	0.2080621134519595
19.2	0.22646403963051678
19.21	0.2104818044912045
19.22	0.2092810787883447
19.23	0.2106304052879174
19.24	0.21543625086880225
19.25	0.20148896453852394
19.26	0.19661833129092923
19.27	0.21177560435579645
19.28	0.19221742394749153
19.29	0.2002508927423659
19.3	0.20334575374110891
19.31	0.20893143039566392
19.32	0.19381017816519402
19.33	0.20040886308094308
19.34	0.21783267471009538
19.35	0.20180731807036428
19.36	0.1864141275361264
19.37	0.20242492579933646
19.38	0.188372503047677
19.39	0.20554411149437168
19.4	0.19159484154040768
19.41	0.19866625594029955
19.42	0.17985168639859025
19.43	0.19703834368164136
19.44	0.18527298301053927
19.45	0.1966929799369645
19.46	0.1886936808636697
19.47	0.20979871004350914
19.48	0.19728081313678625
19.49	0.19677580187783167
19.5	0.18938178685577017
19.51	0.22311039554208634
19.52	0.1936510254965736
19.53	0.22196773758395827
19.54	0.20157760428342958
19.55	0.2189642820759113
19.56	0.1987737426264318
19.57	0.19302456341228352
19.58	0.2103542368823531
19.59	0.20922529836825718
19.6	0.2157980990779918
19.61	0.21005700326330734
19.62	0.189612631295473
19.63	0.22132268712374475
19.64	0.21216068851945807
19.65	0.21969693813771243
19.66	0.21228045573196092
19.67	0.20436945165559786
19.68	0.20243499192885614
19.69	0.20603715938723896
19.7	0.2076798406392002
19.71	0.206659532229435
19.72	0.20733533455937422
19.73	0.21003443026996949
19.74	0.22231682262839061
19.75	0.22052422543769312
19.76	0.2094966463186688
19.77	0.21843734914436183
19.78	0.19498599724810406
19.79	0.21470798047741105
19.8	0.210234208548017
19.81	0.23890934928815977
19.82	0.21116659220189027
19.83	0.21567938665196398
19.84	0.21947772461807424
19.85	0.21023300210631787
19.86	0.21165764840337312
19.87	0.22560781954756023
19.88	0.2276768862460254
19.89	0.21612167625290338
19.9	0.21815267985477457
19.91	0.21241792075387614
19.92	0.23072771770990566
19.93	0.21213525878032216
19.94	0.20285846382748735
19.95	0.2096870646235619
19.96	0.20756310930126887
19.97	0.1981632434380904
19.98	0.21528997180581197
19.99	0.20482511048583144
20.0	0.21040238333160283
20.01	0.20779062637677662
20.02	0.20160286218823983
20.03	0.20697789143627202
20.04	0.18635039257405553
20.05	0.2171651524105946
20.06	0.21389456870883872
20.07	0.2101863140423979
20.08	0.20994458482014333
20.09	0.2036077007539444
20.1	0.21525535039356292
20.11	0.20856453938478692
20.12	0.20425556701189368
20.13	0.17726157037459356
20.14	0.18756457104917512
20.15	0.18972802209779524
20.16	0.1907420076663528
20.17	0.19155354455495435
20.18	0.19332533303275465
20.19	0.21537424497330668
20.2	0.20723115131271427
20.21	0.198737022070031
20.22	0.19910329745270364
20.23	0.19284416930757714
20.24	0.1869080648909801
20.25	0.20715998160571006
20.26	0.18784614149026235
20.27	0.18855596885057285
20.28	0.1932653036845448
20.29	0.20089927854497175
20.3	0.1815917257173977
20.31	0.18645862257138535
20.32	0.18978980805107817
20.33	0.19290470500342488
20.34	0.214141431476344
20.35	0.19560943825187438
20.36	0.21061179071921485
20.37	0.1997541405078128
20.38	0.2148130962123305
20.39	0.2061544474118247
20.4	0.1875701100717611
20.41	0.2081019101018316
20.42	0.19799045091651865
20.43	0.19666553390983846
20.44	0.20244401679212387
20.45	0.21090977059991262
20.46	0.20311881049726696
20.47	0.21153110404696293
20.48	0.22348098480914436
20.49	0.21876136530197235
20.5	0.20428970864336107
20.51	0.20886419026092756
20.52	0.1973561117658585
20.53	0.2081708644368866
20.54	0.20569879229985136
20.55	0.21720705462856377
20.56	0.23040104352993085
20.57	0.21089507093637613
20.58	0.2019512130727793
20.59	0.2043116895680252
20.6	0.22011809957596262
20.61	0.23507380048969997
20.62	0.19550703919786377
20.63	0.21604014919428488
20.64	0.21819178111390594
20.65	0.21951832728206433
20.66	0.20944699298612549
20.67	0.20612759072313053
20.68	0.20744096216805552
20.69	0.21009603889759298
20.7	0.1987155862142749
20.71	0.20766888153225624
20.72	0.19973136140997186
20.73	0.20401995268957954
20.74	0.19626556798122202
20.75	0.20165995118005456
20.76	0.1965775738986621
20.77	0.207637379787554
20.78	0.20061338967906195
20.79	0.20481581982460692
20.8	0.20168692456415932
20.81	0.20569589120631226
20.82	0.19989118810848375
20.83	0.19610618745038338
20.84	0.18416060470736026
20.85	0.18758788713059876
20.86	0.19885318012033196
20.87	0.19153601757964753
20.88	0.20540259485991652
20.89	0.20396960955522359
20.9	0.17601169745971457
20.91	0.1918212196695442
20.92	0.18920684350673755
20.93	0.20384877661421727
20.94	0.19902825994148476
20.95	0.19204350839724527
20.96	0.19650262353877973
20.97	0.20110973861454812
20.98	0.1813211023842914
20.99	0.18173393192773327
21.0	0.19148774307742117
21.01	0.18868057505453295
21.02	0.20626375964324165
21.03	0.19554952309930201
21.04	0.19146368591663335
21.05	0.19560469812092693
21.06	0.18510213929153607
21.07	0.19177675384063664
21.08	0.19079792595948325
21.09	0.19844016477268397
21.1	0.19780102817126205
21.11	0.19498130100412367
21.12	0.20860246653510864
21.13	0.2025719071767902
21.14	0.20160220488903352
21.15	0.2083636408096169
21.16	0.1963049982686875
21.17	0.20282628103473918
21.18	0.19845931161507696
21.19	0.20643341188873957
21.2	0.2280985779834326
21.21	0.22251956980676602
21.22	0.19675193233481203
21.23	0.22236336044317886
21.24	0.20434628207876582
21.25	0.21622846478780175
21.26	0.1948555138813284
21.27	0.2152560058462222
21.28	0.20205842823715298
21.29	0.20568459460722172
21.3	0.17998814612753986
21.31	0.18904417887503397
21.32	0.21033624976400447
21.33	0.20656560050764167
21.34	0.2000753081948437
21.35	0.20051404970167594
21.36	0.21790926757611773
21.37	0.22095975023546152
21.38	0.20800788257515715
21.39	0.20936144043170266
21.4	0.21516165465481746
21.41	0.22254287594121172
21.42	0.22222373049989877
21.43	0.2182104870603636
21.44	0.22177059100003954
21.45	0.21674826861739938
21.46	0.2144438215510285
21.47	0.19074449424139203
21.48	0.20772377894595334
21.49	0.20845731359249406
21.5	0.21415109201445792
21.51	0.22210932253889573
21.52	0.20908740119323388
21.53	0.21796098661486676
21.54	0.21587077057680967
21.55	0.21423845218301468
21.56	0.2067659993423731
21.57	0.21115381561317106
21.58	0.20831734276510105
21.59	0.21150144179426617
21.6	0.19620084442332483
21.61	0.19751758995425533
21.62	0.2030306244892418
21.63	0.18376470447273602
21.64	0.1786546754746263
21.65	0.20386892254950706
21.66	0.19410517215842596
21.67	0.19549148702057517
21.68	0.2023815738882711
21.69	0.19437008869595732
21.7	0.19677426265573628
21.71	0.21202782821256963
21.72	0.20066099829909784
21.73	0.20975256979021176
21.74	0.20277596594450512
21.75	0.18875729231503294
21.76	0.19174202411283467
21.77	0.18319352704671807
21.78	0.185574260068499
21.79	0.19333386212072476
21.8	0.20958734569237386
21.81	0.2050349734677983
21.82	0.18697933077869977
21.83	0.1877759402531646
21.84	0.2049885164554262
21.85	0.20134668963270924
21.86	0.2214423832107301
21.87	0.2058608626947637
21.88	0.21113826036622715
21.89	0.20012821252338142
21.9	0.20165150196117176
21.91	0.19664343434243892
21.92	0.1989479692197171
21.93	0.20590213590905845
21.94	0.18923891866166523
21.95	0.22586299237743276
21.96	0.18298463812119647
21.97	0.2064651820040187
21.98	0.20884289358451552
21.99	0.2040260890095626
22.0	0.19753896010674815
