10.0	0.20568789581068136
10.01	0.20394547256908224
10.02	0.20282131378497778
10.03	0.21849632822011836
10.04	0.19445472906770156
10.05	0.22076031190544437
10.06	0.20888340704804517
10.07	0.21524904535948652
10.08	0.22606912216609795
10.09	0.23518415032934106
10.1	0.2142624130789849
10.11	0.23856345528384573
10.12	0.22083514647226557
10.13	0.23374456981010217
10.14	0.22727082719642494
10.15	0.2201170479724589
10.16	0.2523150516858706
10.17	0.26123881813018324
10.18	0.2330049907727677
10.19	0.24448219219520284
10.2	0.23725295815967745
10.21	0.23588170202990613
10.22	0.22422314979158398
10.23	0.22033287403028287
10.24	0.23741108981757525
10.25	0.26550861445761015
10.26	0.23698019746246912
10.27	0.24516900825876342
10.28	0.23457798677567784
10.29	0.22577073197278338
10.3	0.2534306745783473
10.31	0.25502319160438225
10.32	0.2572487540034613
10.33	0.2500000947860607
10.34	0.22510301064320679
10.35	0.23983296848608116
10.36	0.2538752662374127
10.37	0.24182190516416224
10.38	0.2286438431504198
10.39	0.24587613499246788
10.4	0.24483201949458946
10.41	0.22407016944894323
10.42	0.22865129350665284
10.43	0.23670108187722286
10.44	0.24725345717406777
10.45	0.24313900757444334
10.46	0.2485157381233406
10.47	0.251471223825631
10.48	0.2192109657515584
10.49	0.2479417693875037
10.5	0.23899096839684256
10.51	0.24917622732981012
10.52	0.2651732324180309
10.53	0.24193282736413382
10.54	0.23909335210309351
10.55	0.24396720028312402
10.56	0.23127244865456725
10.57	0.2441949790637911
10.58	0.24927596066780125
10.59	0.23252583237047728
10.6	0.2281401881629959
10.61	0.2415639587092769
10.62	0.23528710574518344
10.63	0.2289364000097721
10.64	0.23135589386204672
10.65	0.25284107607405715
10.66	0.22450073198751958
10.67	0.2228467825818568
10.68	0.236378551409977
10.69	0.23222706709718816
10.7	0.21692691720213214
10.71	0.23311944845262128
10.72	0.20768835537094102
10.73	0.25197095076363074
10.74	0.23748838077396597
10.75	0.21018206754483465
10.76	0.22681755093618108
10.77	0.24153205990455612
10.78	0.22312107051160343
10.79	0.2295464905908116
10.8	0.23558871279619242
10.81	0.23495977033229445
10.82	0.21168564720982025
10.83	0.22443779335687566
10.84	0.22444822059830102
10.85	0.2198335358635277
10.86	0.20508096576492718
10.87	0.21727241774358608
10.88	0.22046627322741555
10.89	0.22882005337266767
10.9	0.20016187581366068
10.91	0.20868990153346004
10.92	0.20780079773692287
10.93	0.18137531254576825
10.94	0.20773821714986224
10.95	0.22161791332863603
10.96	0.22430227338484277
10.97	0.21917966323962873
10.98	0.2036886081879514
10.99	0.21232408587148016
11.0	0.2123496886100567
11.01	0.20185537307102053
11.02	0.19935527042851198
11.03	0.19228515441259292
11.04	0.20922953347799456
11.05	0.19410679320225552
11.06	0.2063130971904859
11.07	0.2145900488448401
11.08	0.2000080246195187
11.09	0.19314353241935586
11.1	0.20634313298844992
11.11	0.20774145196026692
11.12	0.21315449572619974
11.13	0.20802503612621231
11.14	0.22300605995534106
11.15	0.20292449024738968
11.16	0.20934687266867896
11.17	0.2133327209484347
11.18	0.22028692357558152
11.19	0.2047031360393097
11.2	0.2159731257072332
11.21	0.21945900030878426
11.22	0.22073919079175838
11.23	0.23562373056772476
11.24	0.2310737252759013
11.25	0.21328449572410274
11.26	0.22477294178213295
11.27	0.22620697273643245
11.28	0.23064474400913204
11.29	0.24004087934828733
11.3	0.22221246709864584
11.31	0.21946585842723748
11.32	0.22166188725909497
11.33	0.22106359568679532
11.34	0.2224862979352062
11.35	0.2144701537063746
11.36	0.23612858202279113
11.37	0.21273082401493137
11.38	0.22761661861627086
11.39	0.2540479787414108
11.4	0.2376250409770395
11.41	0.2223022488472417
11.42	0.21741424058494704
11.43	0.23946477316698359
11.44	0.23807782209591863
11.45	0.2343058446678496
11.46	0.24006204322891211
11.47	0.23480809441943132
11.48	0.22963483826359793
11.49	0.2388582527128484
11.5	0.2290931520999928
11.51	0.2251850311874824
11.52	0.2596385072410476
11.53	0.24389898024361106
11.54	0.26029825528860884
11.55	0.24768720384595636
11.56	0.25027665866813537
11.57	0.25189515135103985
11.58	0.2459462237065885
11.59	0.23905286300340448
11.6	0.22039201672233172
11.61	0.2239777301320935
11.62	0.24547726848036744
11.63	0.2450842832123067
11.64	0.23060101005773884
11.65	0.2501885073714012
11.66	0.2408546342394981
11.67	0.24580460887805844
11.68	0.23938726281204997
11.69	0.24022221086966158
11.7	0.25096039575566653
11.71	0.2548445951625209
11.72	0.23995878498618023
11.73	0.23937772900708426
11.74	0.23526397259727513
11.75	0.25520943399722595
11.76	0.248096542572953
11.77	0.22411654211838639
11.78	0.24217177963853942
11.79	0.22711186920013948
11.8	0.24703638548663295
11.81	0.2449440989521817
11.82	0.22899837361119652
11.83	0.23039925354177196
11.84	0.21291803848703356
11.85	0.22849491538481378
11.86	0.21817107479953385
11.87	0.21947260224856935
11.88	0.2240461351651097
11.89	0.22636004312645222
11.9	0.21914201023885815
11.91	0.19757425562634975
11.92	0.21818328134195064
11.93	0.2080761269569616
11.94	0.2124299200996048
11.95	0.20780355886022256
11.96	0.21317549954889167
11.97	0.2173436970201384
11.98	0.21704010537885707
11.99	0.2004392823337508
12.0	0.2177549608930733
12.01	0.22478102945476217
12.02	0.20821704748179778
12.03	0.20866829209735985
12.04	0.21625764103128742
12.05	0.20670043110780592
12.06	0.22809474411882558
12.07	0.2050222496377186
12.08	0.21293073250018638
12.09	0.19983970518045632
12.1	0.22611440250406534
12.11	0.21668693595816724
12.12	0.18727709662093994
12.13	0.2133387784237675
12.14	0.20009352185683102
12.15	0.21087356264295135
12.16	0.1973364832560351
12.17	0.20591049458257982
12.18	0.19622783738605154
12.19	0.20959634032563143
12.2	0.22243913134139742
12.21	0.19961542712405958
12.22	0.20425939510783955
12.23	0.20805390799175777
12.24	0.20277780467616402
12.25	0.21767315244793134
12.26	0.22116616678347448
12.27	0.20477793941322475
12.28	0.19369176828640017
12.29	0.21248867025654122
12.3	0.21777578725303098
12.31	0.214795844184673
12.32	0.22561775937635792
12.33	0.21214560504966734
12.34	0.2146207736942914
12.35	0.2291337596486691
12.36	0.23164707879448032
12.37	0.23574785558261996
12.38	0.2033439474942577
12.39	0.22680175434781852
12.4	0.22500350966072205
12.41	0.23258878581157824
12.42	0.22814407360706299
12.43	0.24337524622786644
12.44	0.24518747487963394
12.45	0.2170286366704113
12.46	0.23239756796698977
12.47	0.2156299899444739
12.48	0.22359037408651755
12.49	0.22515145258602953
12.5	0.23045946828101044
12.51	0.2514950720010466
12.52	0.2607673753253831
12.53	0.2592846161891913
12.54	0.24010272012323935
12.55	0.22967320053159107
12.56	0.24686056202481696
12.57	0.25031205396157125
12.58	0.24014757972309783
12.59	0.2408920881889123
12.6	0.2473075061043581
12.61	0.2711768759812169
12.62	0.24887245475171846
12.63	0.2479304991944482
12.64	0.26381853368660046
12.65	0.2361067584098364
12.66	0.251479841054933
12.67	0.2448931855435247
12.68	0.2501679177524745
12.69	0.239857026262319
12.7	0.24585313114536952
12.71	0.23525882662104328
12.72	0.26247613170160344
12.73	0.2699610440495845
12.74	0.24784332017492072
12.75	0.2593407387203169
12.76	0.24397458369934458
12.77	0.25058135222338984
12.78	0.24722408570318863
12.79	0.2392415104395983
12.8	0.2234280754252532
12.81	0.24709837789205608
12.82	0.24984253300182066
12.83	0.24646771425424246
12.84	0.22839267987214298
12.85	0.2646145232083922
12.86	0.24102928620202502
12.87	0.2415942750701746
12.88	0.25235308968231807
12.89	0.23603361509295898
12.9	0.2393769435662313
12.91	0.24818463780040506
12.92	0.24095980689204846
12.93	0.23837101967954802
12.94	0.23081665271832802
12.95	0.24259299193825962
12.96	0.2519236318445613
12.97	0.23904270932876504
12.98	0.2264572726245864
12.99	0.2421645925904637
13.0	0.21764426497161968
13.01	0.2319561425909045
13.02	0.24265003807825725
13.03	0.21902879903996722
13.04	0.21514926038359014
13.05	0.21693221506266167
13.06	0.22808813363285485
13.07	0.21939973229665255
13.08	0.233740706355799
13.09	0.21640075978514514
13.1	0.19811666422130322
13.11	0.2273754848971676
13.12	0.2435264387007619
13.13	0.21208773400770628
13.14	0.220519591095362
13.15	0.23501965358366395
13.16	0.2032525694249067
13.17	0.19734056466070735
13.18	0.21767446627183099
13.19	0.21452250099124265
13.2	0.22098549892456598
13.21	0.218479198841435
13.22	0.19334199004440386
13.23	0.2215169693536238
13.24	0.1979095004207447
13.25	0.20369795839233845
13.26	0.21198425522882036
13.27	0.19582964763757457
13.28	0.20649124347444964
13.29	0.19718142573265762
13.3	0.20582070035730698
13.31	0.19683721126863754
13.32	0.18592056278827346
13.33	0.21362121144297783
13.34	0.20256308231317244
13.35	0.19689007167867245
13.36	0.19696341627620892
13.37	0.2061971556554634
13.38	0.23371351840426297
13.39	0.20465084180241308
13.4	0.21712085392107291
13.41	0.20102790567810858
13.42	0.21173373537677082
13.43	0.19269745461585955
13.44	0.21510040603988126
13.45	0.2021040321514333
13.46	0.21483508635320786
13.47	0.227670190956162
13.48	0.23233163705206963
13.49	0.21313615028327768
13.5	0.22418484256953888
13.51	0.21600822185958313
13.52	0.2173656915211739
13.53	0.22043102252826385
13.54	0.21547938935761157
13.55	0.21843975501526064
13.56	0.22104860711094496
13.57	0.21008319709876933
13.58	0.21062656503642785
13.59	0.23175629109760781
13.6	0.23061196648972168
13.61	0.21389390955019474
13.62	0.2308123863384201
13.63	0.2292896075380745
13.64	0.2214134379265919
13.65	0.20977514833802396
13.66	0.22395260471071896
13.67	0.2384704468233324
13.68	0.2361292709466221
13.69	0.23698667905837703
13.7	0.2295838148755624
13.71	0.22610956718059805
13.72	0.2562812647735341
13.73	0.24620392007168673
13.74	0.22345234733226682
13.75	0.24850042963192306
13.76	0.2550977953434835
13.77	0.24459856748166556
13.78	0.24457907724111694
13.79	0.2325264995179938
13.8	0.24366378570013522
13.81	0.22886610085733045
13.82	0.2602334878609515
13.83	0.25999426249204155
13.84	0.23909716060763495
13.85	0.2530619942714458
13.86	0.25607743147330225
13.87	0.24625703639466126
13.88	0.24647045350723776
13.89	0.2525253579594279
13.9	0.22494395498914893
13.91	0.23330951875444722
13.92	0.24311972470903892
13.93	0.23482192874023194
13.94	0.234565550891159
13.95	0.24444104159874014
13.96	0.23290295110934234
13.97	0.24501878420995923
13.98	0.23284275115721614
13.99	0.24443661542345396
14.0	0.2392304279817451
14.01	0.23243235727302938
14.02	0.23116063872134554
14.03	0.24542559065841704
14.04	0.2423096106589354
14.05	0.246002199760799
14.06	0.2450776634211138
14.07	0.2385496428708409
14.08	0.23729917904778808
14.09	0.24169724704235485
14.1	0.23393756755835662
14.11	0.22155821410005638
14.12	0.23456299198807246
14.13	0.22094712351058324
14.14	0.2177304976464522
14.15	0.2225318640267829
14.16	0.23979388896263243
14.17	0.21932847203655026
14.18	0.21681389774853974
14.19	0.21966278123619953
14.2	0.21748334647578238
14.21	0.22108836415943103
14.22	0.21567979453149896
14.23	0.2229205004093575
14.24	0.2156437816549458
14.25	0.21754373975821836
14.26	0.21927059877084096
14.27	0.2042766363506376
14.28	0.22225190903122655
14.29	0.21305693054868366
14.3	0.22768652463872324
14.31	0.2018649617834457
14.32	0.19790361706579987
14.33	0.20991202300868658
14.34	0.21556503674070449
14.35	0.20234454061701435
14.36	0.2015479770290182
14.37	0.19707408278317645
14.38	0.21110025474595262
14.39	0.19931577929447536
14.4	0.20944458035263494
14.41	0.21658089374811418
14.42	0.19438357453983449
14.43	0.1977318583749243
14.44	0.21758679258680938
14.45	0.20008254546935655
14.46	0.21055944958118902
14.47	0.18272795488954255
14.48	0.20922869220569898
14.49	0.20766303609027606
14.5	0.20262158534029454
14.51	0.20558991783493308
14.52	0.21300014815056237
14.53	0.1944469252295899
14.54	0.2085010775294715
14.55	0.22659393686262314
14.56	0.21362339496108068
14.57	0.18040203804900354
14.58	0.23485543536630704
14.59	0.20499503642065192
14.6	0.2051801491308502
14.61	0.19492500887597952
14.62	0.19108578308137464
14.63	0.1980254606417475
14.64	0.20865857676625107
14.65	0.21744478814571477
14.66	0.2233171515943477
14.67	0.20691717596045822
14.68	0.21301374502777576
14.69	0.2099495393965866
14.7	0.22148213851080145
14.71	0.2245707102739208
14.72	0.208652330134568
14.73	0.20433183502607735
14.74	0.21439533244211656
14.75	0.20054140059011757
14.76	0.21142944157038368
14.77	0.21906472475909133
14.78	0.22403108313772346
14.79	0.23403861368207068
14.8	0.23333748099556903
14.81	0.21081077800633327
14.82	0.22728656780184303
14.83	0.24576696418900745
14.84	0.24448432820436836
14.85	0.21756849256687188
14.86	0.23972940537499599
14.87	0.23243172595980274
14.88	0.23088987481966
14.89	0.22741600858570854
14.9	0.23489666824973593
14.91	0.2325254749638873
14.92	0.24936546871780882
14.93	0.23926205430946665
14.94	0.24208615785594415
14.95	0.25600451313718653
14.96	0.22760134500725185
14.97	0.24248617232370245
14.98	0.23144908254911636
14.99	0.2338693303967805
15.0	0.23569279538987578
15.01	0.22007051385403958
15.02	0.22833699924464848
15.03	0.23934017893796336
15.04	0.24034159584652698
15.05	0.22898999682683835
15.06	0.21086013159495892
15.07	0.24202813265701242
15.08	0.23502264831232855
15.09	0.22112957585714282
15.1	0.2365831795767855
15.11	0.22934642012709566
15.12	0.24951017706044162
15.13	0.23248784857537097
15.14	0.23979965233645026
15.15	0.2533030655257765
15.16	0.2391081864360023
15.17	0.2394346666625515
15.18	0.24048698547483713
15.19	0.24318604742448824
15.2	0.2386756756099075
15.21	0.2371114292532827
15.22	0.22985456413452826
15.23	0.22951147761659998
15.24	0.2566530843919315
15.25	0.2425614862546333
15.26	0.22999003580248797
15.27	0.2351063397688024
15.28	0.22268038297917256
15.29	0.23521155939933852
15.3	0.21525654381166975
15.31	0.24114580207337374
15.32	0.22635484626314276
15.33	0.22672526853378122
15.34	0.24084841556584793
15.35	0.24577167481937504
15.36	0.24199806133572208
15.37	0.22033152346779952
15.38	0.2450147586220743
15.39	0.23582245818686964
15.4	0.2335497103962374
15.41	0.25569852141845584
15.42	0.23849019627175994
15.43	0.23854533366609457
15.44	0.23054205525748392
15.45	0.21410697778785742
15.46	0.22970204486134066
15.47	0.22878586839398668
15.48	0.24084015719373145
15.49	0.2375208250042015
15.5	0.2279084061985941
15.51	0.22471978229398254
15.52	0.2260541023873108
15.53	0.23262860707905733
15.54	0.23813693283620402
15.55	0.23779569357763367
15.56	0.21358739942880306
15.57	0.21756373841227436
15.58	0.21156221132138672
15.59	0.2282274915890804
15.6	0.21868113331948505
15.61	0.2144582112815369
15.62	0.22158759122013402
15.63	0.22400409285259368
15.64	0.2288963364291038
15.65	0.21351477840858216
15.66	0.22282793028145265
15.67	0.204124711145442
15.68	0.21296975081239652
15.69	0.20238452599576154
15.7	0.20289577892945507
15.71	0.2129468653997474
15.72	0.19742311232283294
15.73	0.19962561899756567
15.74	0.1990270715849276
15.75	0.20446801111261498
15.76	0.19987006124645826
15.77	0.19229391677144897
15.78	0.21934378927052556
15.79	0.20175826406205674
15.8	0.21447450848624086
15.81	0.21398917262367212
15.82	0.2147955227949
15.83	0.20174853914825636
15.84	0.21770128709215347
15.85	0.2103769811102785
15.86	0.19684914297677364
15.87	0.19540607796490433
15.88	0.19024541592279282
15.89	0.20307372144991237
15.9	0.21124954040246982
15.91	0.2026962282989439
15.92	0.21735812957842157
15.93	0.20248207168611093
15.94	0.2241714018652464
15.95	0.21526916221777764
15.96	0.21762791090250422
15.97	0.21577757499539696
15.98	0.20858483386393234
15.99	0.20700866787456412
16.0	0.19911206968758494
16.01	0.20433463122060114
16.02	0.22463648123083818
16.03	0.22003439584535303
16.04	0.22950054813401324
16.05	0.22255702494121696
16.06	0.22488588757874767
16.07	0.2199935132972881
16.08	0.21138969993835066
16.09	0.2251062074955896
16.1	0.2246973405413094
16.11	0.22277287281774388
16.12	0.22123271425729243
16.13	0.2044066622472906
16.14	0.22475662847958341
16.15	0.2211739471769848
16.16	0.23465046455152086
16.17	0.243934925230141
16.18	0.23027012906113514
16.19	0.2373060529084609
16.2	0.243355060995718
16.21	0.23640734421466286
16.22	0.24451205865225692
16.23	0.2411445217452572
16.24	0.23818363398915654
16.25	0.2178752611584422
16.26	0.22310858751325022
16.27	0.23418457069987195
16.28	0.22683770410061774
16.29	0.24381561159540852
16.3	0.22851246833354685
16.31	0.2383263586972741
16.32	0.23754767846073632
16.33	0.23911450970212617
16.34	0.23821153918068033
16.35	0.2522122147173437
16.36	0.22208341274942658
16.37	0.22928379644595182
16.38	0.2183640166582172
16.39	0.2383549709314565
16.4	0.2352976127654299
16.41	0.23704506955054053
16.42	0.23702508319466353
16.43	0.21746369359355625
16.44	0.25526911355230303
16.45	0.23011963754665876
16.46	0.20559037968157517
16.47	0.24099127830555486
16.48	0.23024848192776717
16.49	0.2366716185728522
16.5	0.23870738963170976
16.51	0.2292269898180139
16.52	0.23684354135180619
16.53	0.23327034325408455
16.54	0.23671646573322197
16.55	0.21571602498815656
16.56	0.23559775106951417
16.57	0.21939641917477892
16.58	0.2302107566923649
16.59	0.2246819686327889
16.6	0.22692791971613693
16.61	0.21629563816176534
16.62	0.21817232389274632
16.63	0.23054707127889407
16.64	0.2061147935089795
16.65	0.23083040236631577
16.66	0.22657770791280232
16.67	0.1790120155630995
16.68	0.22043923593541329
16.69	0.21363592145584062
16.7	0.22194698472027974
16.71	0.19960340558035616
16.72	0.21065712203691672
16.73	0.2191967360610709
16.74	0.20880780131266838
16.75	0.20967797742228156
16.76	0.22001746144687606
16.77	0.20513325375509567
16.78	0.1957605254951713
16.79	0.2112687359834564
16.8	0.21638680146634318
16.81	0.22087521259261703
16.82	0.20354534879236236
16.83	0.23010679247179955
16.84	0.20239912447768793
16.85	0.20388261230802285
16.86	0.1968183899467952
16.87	0.18842031981792423
16.88	0.20582714686832926
16.89	0.19466502357307472
16.9	0.21250821477725437
16.91	0.1950190754019952
16.92	0.19573351720992915
16.93	0.21638780809626748
16.94	0.20910781770934445
16.95	0.19297740379957762
16.96	0.22298297760975497
16.97	0.19981391502360402
16.98	0.1994874459074375
16.99	0.21170615104528143
17.0	0.2071861432934541
17.01	0.21238706325417325
17.02	0.19183260698141727
17.03	0.20920178567166903
17.04	0.2195913698553149
17.05	0.20119991838655463
17.06	0.2207239391819361
17.07	0.20068792190016418
17.08	0.21487801142821722
17.09	0.2114904370215247
17.1	0.2195595439153641
17.11	0.197427914812312
17.12	0.1991181589758425
17.13	0.2201168616768575
17.14	0.22238283252797902
17.15	0.20593567260022855
17.16	0.225550340266374
17.17	0.2196342571579323
17.18	0.22121421261881252
17.19	0.22779987673602198
17.2	0.22248916372411534
17.21	0.23170900550303547
17.22	0.22778888447579984
17.23	0.22841430365163073
17.24	0.22349446059560193
17.25	0.22009573171176994
17.26	0.2301671776857069
17.27	0.22471241204306996
17.28	0.2281531640923003
17.29	0.22303511326281314
17.3	0.2269782898994119
17.31	0.2262368146012225
17.32	0.25463794589195293
17.33	0.24241233611078342
17.34	0.225355454144568
17.35	0.2145886756157218
17.36	0.2303951705436018
17.37	0.22179056545805118
17.38	0.2526706857714359
17.39	0.22619370870835692
17.4	0.23364728363237613
17.41	0.2399269100295662
17.42	0.2549011289125865
17.43	0.22245434095890462
17.44	0.22072080514311507
17.45	0.2397856390316553
17.46	0.24067490403888728
17.47	0.25080155741450316
17.48	0.2244453724517233
17.49	0.2246458976346159
17.5	0.24259961053529286
17.51	0.24322400710147862
17.52	0.2371288720108133
17.53	0.23769988232542824
17.54	0.22779018861317382
17.55	0.22614285626624453
17.56	0.23121846486231068
17.57	0.2477755136865446
17.58	0.2232643453219816
17.59	0.22247315902495488
17.6	0.24876521399382126
17.61	0.2325397734549042
17.62	0.22397799381317074
17.63	0.22896835832306037
17.64	0.21531796778262247
17.65	0.2343570642818264
17.66	0.22925170921969631
17.67	0.23641103114922699
17.68	0.21494403904870713
17.69	0.23273015357867635
17.7	0.19964560998597197
17.71	0.22820126389037224
17.72	0.21347795924378873
17.73	0.22652325287345168
17.74	0.21487564851325278
17.75	0.2208823782287512
17.76	0.21942585396586026
17.77	0.22957289587525934
17.78	0.20865991238056592
17.79	0.2179409271855841
17.8	0.22811293498332463
17.81	0.20879943592700098
17.82	0.23267570773845783
17.83	0.2211717144258629
17.84	0.20548916935267703
17.85	0.2238219275895235
17.86	0.2071225102468924
17.87	0.21971784846355824
17.88	0.21593220124674378
17.89	0.21009603049870243
17.9	0.22821563297145533
17.91	0.21916762619145264
17.92	0.19255432609003376
17.93	0.1987508134057412
17.94	0.2160606472582138
17.95	0.21190340803854538
17.96	0.2131528233204229
17.97	0.20489020807458233
17.98	0.2240833975751894
17.99	0.2184347266009024
18.0	0.19480958726331765
18.01	0.203112056321891
18.02	0.21292313671797722
18.03	0.21982360653474434
18.04	0.19469349337524056
18.05	0.21443622848192195
18.06	0.218797608679932
18.07	0.21798616864127043
18.08	0.20145273691958562
18.09	0.19898955143407088
18.1	0.199911872017699
18.11	0.20248564650997755
18.12	0.2030888415680674
18.13	0.21941097340424695
18.14	0.19732555329168652
18.15	0.1989741389267812
18.16	0.22720784643291117
18.17	0.21034583384379704
18.18	0.21608656530570006
18.19	0.21473040569289345
18.2	0.2053475574600717
18.21	0.21924445776048693
18.22	0.21288876011868205
18.23	0.22230371082593456
18.24	0.21986199389002076
18.25	0.20457093287659261
18.26	0.22003159895678331
18.27	0.21688197049607125
18.28	0.21381330792337355
18.29	0.21692615535105292
18.3	0.211750668591798
18.31	0.22365141397219568
18.32	0.21187033020880588
18.33	0.21407361925912125
18.34	0.2055995517019168
18.35	0.21386984556397784
18.36	0.21571053205343693
18.37	0.2226316883501735
18.38	0.2260415960499317
18.39	0.21787102361772187
18.4	0.24179182785282152
18.41	0.23571843989212005
18.42	0.21053006057381854
18.43	0.2238651838247799
18.44	0.23334347221278587
18.45	0.21916640032592855
18.46	0.2388881669300202
18.47	0.22654190979961483
18.48	0.23588291498939712
18.49	0.23242776202587195
18.5	0.2163677227722175
18.51	0.23281983402291184
18.52	0.2343616575495557
18.53	0.24457606033335028
18.54	0.22995389311279094
18.55	0.23569022229672948
18.56	0.23589768780150958
18.57	0.22945833523402934
18.58	0.2536790865561679
18.59	0.25220630960428686
18.6	0.23649742182242675
18.61	0.23092461275537648
18.62	0.23487026377404763
18.63	0.24074238989517763
18.64	0.25307336182169526
18.65	0.2317530076636536
18.66	0.21306842501546477
18.67	0.23356998145011845
18.68	0.2484461541053198
18.69	0.24121396073990498
18.7	0.21679638690158345
18.71	0.23446274816082927
18.72	0.24499942440170627
18.73	0.22852787508265243
18.74	0.23371025951508964
18.75	0.2560099824275794
18.76	0.24016280994027867
18.77	0.23546521545992405
18.78	0.21774862476699375
18.79	0.23519745666529593
18.8	0.21716803048597927
18.81	0.206786143382667
18.82	0.21747600939396225
18.83	0.22018827885294848
18.84	0.22177249729831017
18.85	0.22867589617356826
18.86	0.22584415986603726
18.87	0.23228400451801118
18.88	0.20868643932521727
18.89	0.22289429950022271
18.9	0.23739657255070726
18.91	0.21582983836931616
18.92	0.19998451952056984
18.93	0.1909497667955175
18.94	0.23134286225656853
18.95	0.21779882229759082
18.96	0.22322697102842495
18.97	0.209599365621707
18.98	0.2089549736946055
18.99	0.2220495764680334
19.0	0.2054806688201247
19.01	0.20522520870899047
19.02	0.22193881967961265
19.03	0.2137028918437288
19.04	0.2131175681307032
19.05	0.21776443578239157
19.06	0.22023458939688162
19.07	0.178412573128287
19.08	0.21982317611352617
19.09	0.21352666797324288
19.1	0.19045112228896013
19.11	0.20582648235805107
19.12	0.2054222296005866
19.13	0.19297107540005085
19.14	0.17969642934354313
19.15	0.18781410390483372
19.16	0.1915322295179979
19.17	0.20589901704442362
19.18	0.19834742873698133
19.19	0.19165561286201632
19.2	0.22755966922145132
19.21	0.21643246432903007
19.22	0.21484549866435898
19.23	0.2122669823049174
19.24	0.20763404432305527
19.25	0.2078159834756372
19.26	0.19236588813782704
19.27	0.20174368840793755
19.28	0.21616899692447938
19.29	0.1888486616425376
19.3	0.20485061906084462
19.31	0.22174057901467067
19.32	0.20186436226210136
19.33	0.2098591606787021
19.34	0.22776963900273878
19.35	0.19300121982672008
19.36	0.22275043012546136
19.37	0.20862690819580926
19.38	0.20910539781475596
19.39	0.20370413294118817
19.4	0.20467216081908435
19.41	0.2067951134449066
19.42	0.2173767052968251
19.43	0.21469241527277694
19.44	0.2271386191211264
19.45	0.1914025760296752
19.46	0.23627717230549344
19.47	0.22214076170680377
19.48	0.23738379560973383
19.49	0.2167498119933779
19.5	0.2237734275443911
19.51	0.2218157890427277
19.52	0.20104540649366295
19.53	0.22924092683095112
19.54	0.21339082544209848
19.55	0.230077263521911
19.56	0.2276194696819887
19.57	0.24056086884954087
19.58	0.2224931370037138
19.59	0.22740702175006575
19.6	0.2185401208715123
19.61	0.23842967868821413
19.62	0.21843892819380642
19.63	0.24702048783556185
19.64	0.21643748008471136
19.65	0.2402430143313801
19.66	0.24252953331840296
19.67	0.23295284318720028
19.68	0.23486615735257702
19.69	0.22936635202461148
19.7	0.23154624285986905
19.71	0.22643606760561785
19.72	0.24322158422033327
19.73	0.25028116924103966
19.74	0.2326525403828894
19.75	0.2209656739764069
19.76	0.23297200132299783
19.77	0.2192159997543398
19.78	0.22770896446811967
19.79	0.22735024246389327
19.8	0.23422022527772393
19.81	0.25926892087621706
19.82	0.2523675242620948
19.83	0.23158041503550242
19.84	0.2566163461515802
19.85	0.24239111645505293
19.86	0.25922317059593875
19.87	0.23488557952046615
19.88	0.2552403634308382
19.89	0.21512890599259077
19.9	0.24440249787265778
19.91	0.22662601212825836
19.92	0.22913439904217475
19.93	0.23198733120530096
19.94	0.23972822388234824
19.95	0.23095717055283932
19.96	0.2336586629263564
19.97	0.22371923294808627
19.98	0.23159038619898262
19.99	0.2246370601082033
20.0	0.21161082778255483
20.01	0.22898594302678935
20.02	0.21749021875239774
20.03	0.21021077106312908
20.04	0.21564268622962343
20.05	0.2227980833030718
20.06	0.20306147888113044
20.07	0.22650694948318464
20.08	0.23501780700159808
20.09	0.21260827877024943
20.1	0.22754977550709438
20.11	0.22869902859025906
20.12	0.20654763427752984
20.13	0.21054331395574194
20.14	0.203802761807843
20.15	0.20977769575875085
20.16	0.22157019280113288
20.17	0.2177925895394939
20.18	0.20808400613266814
20.19	0.19940033213297575
20.2	0.2081652278419573
20.21	0.2098016257575803
20.22	0.23665118260854262
20.23	0.18619612283578324
20.24	0.19304784963766955
20.25	0.20706751599940162
20.26	0.20904065848281908
20.27	0.2034513094691116
20.28	0.19748980102603048
20.29	0.20294330291645332
20.3	0.20270028749685629
20.31	0.18701231970545595
20.32	0.20222542352080872
20.33	0.2102508834594683
20.34	0.2196229716664436
20.35	0.21173626056396166
20.36	0.2063540691454927
20.37	0.20134264932818735
20.38	0.19450741580933323
20.39	0.21005416628765392
20.4	0.19708276511036002
20.41	0.19890815368465903
20.42	0.21174128812707
20.43	0.18838764275573963
20.44	0.19810626996522943
20.45	0.20601187449892472
20.46	0.21928262295950252
20.47	0.20387490382315818
20.48	0.21466786754836445
20.49	0.22135938528142685
20.5	0.22004440968624736
20.51	0.22620943991132636
20.52	0.21449916646523692
20.53	0.2052578382553038
20.54	0.2098978398948807
20.55	0.22543369450686376
20.56	0.2200360525158556
20.57	0.21108538250984568
20.58	0.2132846370497062
20.59	0.18731074526619446
20.6	0.21156163165076367
20.61	0.2398012556523415
20.62	0.22097628950002132
20.63	0.21373880964137942
20.64	0.21598080380219314
20.65	0.20927901245298405
20.66	0.23993182904738267
20.67	0.22596301033898103
20.68	0.21211630113296262
20.69	0.21588019346273007
20.7	0.24125341080193408
20.71	0.23237912462026392
20.72	0.2362189638819845
20.73	0.2342097874004225
20.74	0.23396026379055196
20.75	0.2331146503896948
20.76	0.23883330856269866
20.77	0.2210457099118038
20.78	0.23214561891284655
20.79	0.2407509991208419
20.8	0.24149461127182537
20.81	0.2250445676219618
20.82	0.2394663713455058
20.83	0.23178287924267182
20.84	0.2286382263733523
20.85	0.24071836511376327
20.86	0.21694993800351325
20.87	0.2334118941189726
20.88	0.22516531659065264
20.89	0.23146440291823167
20.9	0.2360604687264495
20.91	0.2237707791688627
20.92	0.22689913425725383
20.93	0.2557675440456946
20.94	0.24148805776920587
20.95	0.2334679101400871
20.96	0.24684708493481075
20.97	0.22434809209824727
20.98	0.23047067498947077
20.99	0.2437101387860581
21.0	0.2259052711740477
21.01	0.2210890676343164
21.02	0.24015657929364573
21.03	0.20128704195501693
21.04	0.2155564323803434
21.05	0.22340051320200666
21.06	0.22139282782536085
21.07	0.22195321973729504
21.08	0.23397072051216192
21.09	0.22214807891787086
21.1	0.24818781427197872
21.11	0.22811646466205676
21.12	0.21505779810369996
21.13	0.22965100515953293
21.14	0.22308377467815874
21.15	0.22981139000694822
21.16	0.23756579822416843
21.17	0.2299551457641122
21.18	0.23900440704315246
21.19	0.23073190381159833
21.2	0.21486198867145065
21.21	0.2110460574709867
21.22	0.21684618071006792
21.23	0.20860256582273481
21.24	0.21345944928999985
21.25	0.19801566662522635
21.26	0.21561929206250904
21.27	0.19722569486099598
21.28	0.21416036230579721
21.29	0.21383025502047437
21.3	0.21230994847129042
21.31	0.20623679104956083
21.32	0.1978938568378029
21.33	0.20210596796313518
21.34	0.1987069542555458
21.35	0.19263812854765291
21.36	0.2118765873221474
21.37	0.21484263243662688
21.38	0.20830625812105358
21.39	0.19343467934367847
21.4	0.1970395280387039
21.41	0.21943708630296538
21.42	0.18399655237238002
21.43	0.19164142546804572
21.44	0.21759380550530516
21.45	0.21746687633556394
21.46	0.20887402785877798
21.47	0.20378918506969768
21.48	0.20104580067539324
21.49	0.21890497930024577
21.5	0.212119388478273
21.51	0.20140436562716926
21.52	0.19430168487146232
21.53	0.21589847250135547
21.54	0.19223930111892695
21.55	0.2023907577817308
21.56	0.212206930726921
21.57	0.21139620240140036
21.58	0.20881373222650257
21.59	0.191786734477908
21.6	0.22892291520836414
21.61	0.21245460593711735
21.62	0.19575180744272092
21.63	0.2121009769342926
21.64	0.21944941052307054
21.65	0.209061829867966
21.66	0.2041622935789521
21.67	0.20438682556496096
21.68	0.2267169330699872
21.69	0.20705612474832075
21.7	0.22649080216760334
21.71	0.19663292829673312
21.72	0.20627796526963615
21.73	0.22001397725646504
21.74	0.21030334805518236
21.75	0.22757100674983227
21.76	0.21799768237725425
21.77	0.23511225318257176
21.78	0.19113506968930555
21.79	0.23499636811682592
21.8	0.2206656667500115
21.81	0.22178014525569123
21.82	0.23532839266496963
21.83	0.22608082136931085
21.84	0.21973585564415116
21.85	0.23185364842989234
21.86	0.23724723607021708
21.87	0.2299019631031156
21.88	0.22809643737160099
21.89	0.22551778587477442
21.9	0.23215522844962957
21.91	0.2514661875947216
21.92	0.24691425933148864
21.93	0.23066175907639705
21.94	0.2305456765726344
21.95	0.23086036718649774
21.96	0.24080179364851792
21.97	0.247796549589863
21.98	0.21996384220660692
21.99	0.23768362753993025
22.0	0.24614382536227522
