10.0	0.21949629979835916
10.01	0.20700167430839614
10.02	0.22311733949478063
10.03	0.19993442601975323
10.04	0.22395362345306483
10.05	0.21632495572603244
10.06	0.20744811983772635
10.07	0.2089080126058294
10.08	0.2280917007355183
10.09	0.21826888642167078
10.1	0.22089180870927114
10.11	0.21541204242981027
10.12	0.22489012998455538
10.13	0.22886059261758385
10.14	0.23031499912435044
10.15	0.2133797815229001
10.16	0.2429050990546748
10.17	0.22873061839032408
10.18	0.23465823372434436
10.19	0.23156622546621128
10.2	0.22542354256673627
10.21	0.2415639606827722
10.22	0.21951094045188269
10.23	0.23151441545145446
10.24	0.2331406198955613
10.25	0.23037151469126235
10.26	0.23423467150673022
10.27	0.2481268861603584
10.28	0.23516891652347433
10.29	0.23283073501455495
10.3	0.24782945320089783
10.31	0.25436433788864776
10.32	0.24085864072438065
10.33	0.2342559202566012
10.34	0.2467300379873109
10.35	0.24729844567592094
10.36	0.24601274801575393
10.37	0.2520102945917871
10.38	0.26446993655750173
10.39	0.25079562977228503
10.4	0.24729025930289003
10.41	0.23585611621039385
10.42	0.2576173957148381
10.43	0.24562166983799427
10.44	0.24602527590163553
10.45	0.25458092363277446
10.46	0.2337595094413544
10.47	0.2498096994604806
10.48	0.2582158403551112
10.49	0.23848974448818683
10.5	0.2414714813388507
10.51	0.2347104511118969
10.52	0.23986461344659366
10.53	0.25117383131640103
10.54	0.2426360995364313
10.55	0.24672806977211667
10.56	0.253202845751157
10.57	0.23300905965718074
10.58	0.2501250071803435
10.59	0.24593223666540392
10.6	0.21403431703651538
10.61	0.23918230561656845
10.62	0.25548830866295014
10.63	0.24974550620274874
10.64	0.2449053739725304
10.65	0.22289361012315362
10.66	0.22576925515898816
10.67	0.21290892807023148
10.68	0.21806949106420423
10.69	0.23295099236506125
10.7	0.22607665554088613
10.71	0.21579805665263227
10.72	0.2316492462666407
10.73	0.21859408557141444
10.74	0.24688218077825405
10.75	0.2252522028381097
10.76	0.23367557303313036
10.77	0.2110996523169173
10.78	0.2282854655105588
10.79	0.2170858981094234
10.8	0.226080455005166
10.81	0.23009442227076968
10.82	0.21715117912888102
10.83	0.22193537476007183
10.84	0.2088010330933932
10.85	0.22637272747273748
10.86	0.20623509525647649
10.87	0.21136199078010445
10.88	0.22954521176680986
10.89	0.19634655429902714
10.9	0.21011036761167415
10.91	0.2160804707381594
10.92	0.2154495704189385
10.93	0.2089166352654675
10.94	0.2004567363715124
10.95	0.21402957142905676
10.96	0.2013901523445392
10.97	0.2178750172065374
10.98	0.21029527756115468
10.99	0.19466804998019244
11.0	0.21554302583686535
11.01	0.1953250542899783
11.02	0.18906888168481084
11.03	0.2098243823056346
11.04	0.19753318142141324
11.05	0.21203369506780195
11.06	0.20939182704404255
11.07	0.2082947675269872
11.08	0.20805412317762254
11.09	0.19732148551315834
11.1	0.20972829630746667
11.11	0.20642498383680527
11.12	0.20649526702712626
11.13	0.20545931481338764
11.14	0.21887411035011164
11.15	0.21186156575631498
11.16	0.2141041263706268
11.17	0.20824202993477772
11.18	0.20684779894881875
11.19	0.20578354623885334
11.2	0.20235110805623333
11.21	0.2069048437559302
11.22	0.20686623854009453
11.23	0.2140780608128502
11.24	0.22330008030829487
11.25	0.22703649743855892
11.26	0.21468838332314003
11.27	0.2226213335377867
11.28	0.23058900521201084
11.29	0.23147994171542435
11.3	0.2511480376415436
11.31	0.23494920879240389
11.32	0.2327538148124393
11.33	0.22063078449842088
11.34	0.22475198601820187
11.35	0.2131507845056847
11.36	0.21634060035157748
11.37	0.23754407431316082
11.38	0.23101287660258368
11.39	0.2278392759307763
11.4	0.2234349172833441
11.41	0.21412419466003343
11.42	0.25586632247986596
11.43	0.24039313706851104
11.44	0.24067103809462867
11.45	0.23249231735689876
11.46	0.23512279152411428
11.47	0.22962347865233423
11.48	0.2530652065955274
11.49	0.2439922858734769
11.5	0.24454605069081692
11.51	0.23674254186299667
11.52	0.24200547901891997
11.53	0.25838356578449956
11.54	0.23545893440040916
11.55	0.2456715993599163
11.56	0.24321602999358508
11.57	0.2566937401555227
11.58	0.25723922234634344
11.59	0.21612248175535223
11.6	0.24101039307688912
11.61	0.2304872642053219
11.62	0.2434413964808152
11.63	0.2550332657710889
11.64	0.24322811627465316
11.65	0.25121891918290373
11.66	0.2242115678037547
11.67	0.22423256974365113
11.68	0.2262775973361345
11.69	0.24544411546546618
11.7	0.2462997523768275
11.71	0.2469751723119931
11.72	0.24565503534320812
11.73	0.24283987214352684
11.74	0.22796496101708055
11.75	0.25236079694072433
11.76	0.232454246758702
11.77	0.22741124466448845
11.78	0.22958390762569703
11.79	0.23291160301856945
11.8	0.2215567999604925
11.81	0.2364210071971933
11.82	0.21534072705010712
11.83	0.23572828001829665
11.84	0.2201177582412046
11.85	0.2353391459556106
11.86	0.22319359416199822
11.87	0.19887387118586095
11.88	0.2054166355553778
11.89	0.2236132015244981
11.9	0.20350611615659236
11.91	0.22212321007845143
11.92	0.23595121031239483
11.93	0.21044615322263233
11.94	0.21498771970410668
11.95	0.21252183874712052
11.96	0.2122393932169516
11.97	0.21261672220481495
11.98	0.20322901540391508
11.99	0.19159490121667205
12.0	0.21475672703070384
12.01	0.22015335487482085
12.02	0.21836459632002672
12.03	0.20038579460137024
12.04	0.20981594802005074
12.05	0.20916710120185728
12.06	0.1925345686082514
12.07	0.2106812827894162
12.08	0.21027157782886713
12.09	0.21160084100851057
12.1	0.21554712793985126
12.11	0.20670449440573682
12.12	0.1804555292472477
12.13	0.219508905834265
12.14	0.19884235502982148
12.15	0.20505824635613334
12.16	0.1927996097506313
12.17	0.20266120036439825
12.18	0.2020979172376171
12.19	0.19908891623192587
12.2	0.20595830798523543
12.21	0.18810789017737767
12.22	0.2167811051626276
12.23	0.22361506618799584
12.24	0.2128622407107789
12.25	0.22117766974408154
12.26	0.21269268207255979
12.27	0.21679845191844432
12.28	0.21893622068327512
12.29	0.223479542111217
12.3	0.2210131441457108
12.31	0.22503247958910302
12.32	0.2115682696697201
12.33	0.21381150778877836
12.34	0.2131985638023553
12.35	0.2123130900623442
12.36	0.2303943394900391
12.37	0.2203801606925211
12.38	0.225303939227377
12.39	0.23137310133083902
12.4	0.2124086056089977
12.41	0.2350931407802569
12.42	0.24357439092077376
12.43	0.21899439336691431
12.44	0.236152632720029
12.45	0.23255844163500722
12.46	0.21535907581594818
12.47	0.24849990987536286
12.48	0.2379970014005975
12.49	0.24858319142908739
12.5	0.2233080996494923
12.51	0.2324581530261746
12.52	0.24711069555732007
12.53	0.24351513570869862
12.54	0.23427222977323628
12.55	0.22254164119953943
12.56	0.2626758094736283
12.57	0.24922771559786486
12.58	0.23815938820481505
12.59	0.25079230983224693
12.6	0.2473245448539694
12.61	0.26123741616040386
12.62	0.24056633112842263
12.63	0.2475762303032445
12.64	0.23704658138552973
12.65	0.2511363056497584
12.66	0.2561050664394023
12.67	0.25259024142493386
12.68	0.23606015137032554
12.69	0.24495217514701786
12.7	0.24821212922877983
12.71	0.23984811812722445
12.72	0.25246391660739265
12.73	0.23364832738601748
12.74	0.24480503588534183
12.75	0.26747476307111584
12.76	0.2382789189103929
12.77	0.2495662999793389
12.78	0.2641834944031338
12.79	0.24053573561934571
12.8	0.23725922643755853
12.81	0.23605657297339644
12.82	0.22760103332539752
12.83	0.24039651234016657
12.84	0.24231033357583504
12.85	0.22409685585802253
12.86	0.23549195983134577
12.87	0.2279097153440039
12.88	0.255368508102974
12.89	0.2451387891582305
12.9	0.24386119628229264
12.91	0.23952663005951538
12.92	0.24001859755202912
12.93	0.24093391522357493
12.94	0.23027118974262048
12.95	0.23568696593578814
12.96	0.23239448982487604
12.97	0.25415926277848094
12.98	0.24323713129023353
12.99	0.24109858524382385
13.0	0.22974751762920434
13.01	0.2322278939556754
13.02	0.22236997060438504
13.03	0.2275164412438763
13.04	0.21054067697611237
13.05	0.22536543714369828
13.06	0.22528790391228637
13.07	0.20658115791055112
13.08	0.22656345975078468
13.09	0.20420081076657443
13.1	0.22150698234378452
13.11	0.20206920011836968
13.12	0.21112578939829826
13.13	0.2260261923214985
13.14	0.22578908318510663
13.15	0.22956325705304123
13.16	0.21476874584635122
13.17	0.2226348256017315
13.18	0.2150245793687903
13.19	0.20735123582648002
13.2	0.2077985903019527
13.21	0.22000406053424176
13.22	0.1950447863195963
13.23	0.2238402115354041
13.24	0.20133728609509857
13.25	0.20379129191488202
13.26	0.2207951714351907
13.27	0.21507686031352025
13.28	0.21808998793324771
13.29	0.20326541258448746
13.3	0.19990280471277094
13.31	0.22084144244072906
13.32	0.21379143864249936
13.33	0.20081699020892624
13.34	0.2118441199051506
13.35	0.22586414641856456
13.36	0.21072504168197262
13.37	0.2115521952274267
13.38	0.20639329077966875
13.39	0.19598799092990168
13.4	0.213192811335195
13.41	0.20151731533948128
13.42	0.21620549906913247
13.43	0.21285567487263551
13.44	0.21315748100062828
13.45	0.23134617060800075
13.46	0.2320336939279434
13.47	0.22807699716938717
13.48	0.20582492137551997
13.49	0.21586806831495187
13.5	0.2175589698378714
13.51	0.21579266152280158
13.52	0.21820612868621378
13.53	0.20797883192214478
13.54	0.20742802251177958
13.55	0.21636486087557694
13.56	0.22550963025470497
13.57	0.22309549964417888
13.58	0.22901919963034575
13.59	0.22359714417520166
13.6	0.2367049651517137
13.61	0.24148306418216056
13.62	0.23815203000737503
13.63	0.2353179484805593
13.64	0.23091919152677412
13.65	0.24451334234940197
13.66	0.2238316542579132
13.67	0.23207188092658823
13.68	0.23277671143409295
13.69	0.24571571350785665
13.7	0.24843323586789604
13.71	0.2441246298335472
13.72	0.24144723154436065
13.73	0.2304694639790581
13.74	0.24693317189695912
13.75	0.23101899162647144
13.76	0.24496749620579994
13.77	0.24121810421713838
13.78	0.24746264179020544
13.79	0.237358791424742
13.8	0.24496771685138075
13.81	0.2578669720112992
13.82	0.24695915701775958
13.83	0.25161466713522307
13.84	0.25401988249503704
13.85	0.2296190695450357
13.86	0.24892918888289173
13.87	0.21576164939598277
13.88	0.25441525846211244
13.89	0.2599245487253994
13.9	0.24216317488553685
13.91	0.25159514666973737
13.92	0.2454984328540069
13.93	0.2583251674027947
13.94	0.24370332073100448
13.95	0.24542001322925805
13.96	0.23818756227497678
13.97	0.24750097443964336
13.98	0.23972500720019763
13.99	0.24700671334667354
14.0	0.22487704649467571
14.01	0.23715065117654643
14.02	0.2252953789694661
14.03	0.2513546215849344
14.04	0.22967423262522704
14.05	0.22237998237405956
14.06	0.23018183594049121
14.07	0.22870746447532306
14.08	0.22869155205141134
14.09	0.2404195721507193
14.1	0.21070480218409318
14.11	0.22396238253207218
14.12	0.22309717587412733
14.13	0.21290711245423247
14.14	0.23189911689833248
14.15	0.2302053784656995
14.16	0.203554132613395
14.17	0.22274587793804035
14.18	0.2251716456007726
14.19	0.22608427952065938
14.2	0.20880159278535473
14.21	0.211420869524115
14.22	0.21637203075265737
14.23	0.20138011521764185
14.24	0.2233727560883907
14.25	0.22267780098578796
14.26	0.22641710415599378
14.27	0.21165599981881097
14.28	0.20635521346913163
14.29	0.2127126408466104
14.3	0.21018510338703658
14.31	0.19178473156636194
14.32	0.20024981131048156
14.33	0.2079012330659461
14.34	0.21592999338024574
14.35	0.19602726092758715
14.36	0.21771327847277264
14.37	0.19619227631634872
14.38	0.22681085786858554
14.39	0.22665133143517743
14.4	0.20822292131080633
14.41	0.2021919748813527
14.42	0.20560236364314244
14.43	0.2202812197449568
14.44	0.206926619739621
14.45	0.21200954429467547
14.46	0.18873617655562497
14.47	0.2048060578435094
14.48	0.20612542469179254
14.49	0.20229993710607722
14.5	0.19464502260006844
14.51	0.19243888754853294
14.52	0.20820686963894133
14.53	0.19878842920139175
14.54	0.20888748561242776
14.55	0.1887738603111099
14.56	0.1933874639520809
14.57	0.20128051457632262
14.58	0.20447044211922202
14.59	0.19047535149889216
14.6	0.22215946342478415
14.61	0.19781518092318046
14.62	0.2001961447182825
14.63	0.21334428821611884
14.64	0.2073256597701214
14.65	0.2170831169678359
14.66	0.21568312921135604
14.67	0.21993383031526847
14.68	0.21238089768115134
14.69	0.2315490802747632
14.7	0.2192472351096682
14.71	0.208701308170772
14.72	0.2163323790327164
14.73	0.20794024480379344
14.74	0.2107249355915441
14.75	0.22671503336058363
14.76	0.22271358095946972
14.77	0.22281589676445437
14.78	0.19346253606343577
14.79	0.22651185039153773
14.8	0.21674572226544747
14.81	0.23169304841084992
14.82	0.2337447711155838
14.83	0.2517591533451263
14.84	0.20041951417153536
14.85	0.20770443031320035
14.86	0.21651719304202818
14.87	0.18902393911189325
14.88	0.2335198306302098
14.89	0.23444663857028614
14.9	0.22885283248902558
14.91	0.2197528652849307
14.92	0.22055285141784015
14.93	0.23756721948488468
14.94	0.21660731423317003
14.95	0.23606305983161538
14.96	0.22863889958888284
14.97	0.2370102495525939
14.98	0.2394974175695775
14.99	0.21149349050481023
15.0	0.23669372561313692
15.01	0.2185205604016467
15.02	0.2455980801610225
15.03	0.2416151432528011
15.04	0.23839440332610198
15.05	0.24950492717229483
15.06	0.24164704889400326
15.07	0.23552476323070995
15.08	0.2328365044672289
15.09	0.23439177693867225
15.1	0.24376163744277396
15.11	0.24788805110880127
15.12	0.2206780725609089
15.13	0.22903306987540867
15.14	0.2216759596520678
15.15	0.23697027992079156
15.16	0.2132405677142278
15.17	0.2166900294538578
15.18	0.24618777804865352
15.19	0.22863141684025642
15.2	0.23990405712771395
15.21	0.22504663074503756
15.22	0.2138288633332567
15.23	0.23683072839867528
15.24	0.22356903937674813
15.25	0.23508689681209496
15.26	0.2469497913029688
15.27	0.2320858779146285
15.28	0.2304210882166856
15.29	0.2404527721689939
15.3	0.25265810213890183
15.31	0.23251922898825966
15.32	0.241141392610306
15.33	0.24227379282431435
15.34	0.2296979751584252
15.35	0.22072294692922229
15.36	0.24031409687862987
15.37	0.24226789645005747
15.38	0.2360246903998532
15.39	0.22093001325446893
15.4	0.22578130031690696
15.41	0.22027226442132378
15.42	0.23460578488055447
15.43	0.21597985279526907
15.44	0.23526135702065748
15.45	0.22259345149725446
15.46	0.20771565658155283
15.47	0.2109439258586867
15.48	0.22432408531781206
15.49	0.2204432311734838
15.5	0.22022931832062448
15.51	0.23473606232872055
15.52	0.22465758650175527
15.53	0.2100016453080933
15.54	0.210976400365173
15.55	0.23111725763652008
15.56	0.2283372694495748
15.57	0.20515721754305186
15.58	0.22052431728684135
15.59	0.21902135901907538
15.6	0.21535600615480113
15.61	0.21174901266218418
15.62	0.21641676888183684
15.63	0.19890777037493457
15.64	0.21836913011804074
15.65	0.20643911157794037
15.66	0.21737713072839537
15.67	0.19856635468841796
15.68	0.20078616359743814
15.69	0.18810782421109534
15.7	0.20169950368913642
15.71	0.21589122343676673
15.72	0.22489507113304147
15.73	0.20946442496167095
15.74	0.2137846505275282
15.75	0.2109056132759924
15.76	0.20588899217404752
15.77	0.2031845768150478
15.78	0.18913652719955262
15.79	0.19999241654011918
15.8	0.20302478310196514
15.81	0.20508596684437444
15.82	0.21065383281710862
15.83	0.1851264406889368
15.84	0.21508250985625815
15.85	0.18901251489368487
15.86	0.21059131051281935
15.87	0.19919400158303763
15.88	0.21513397640096563
15.89	0.19898428539147847
15.9	0.20824240245128728
15.91	0.21147441249783355
15.92	0.22064980966825615
15.93	0.20301382916885796
15.94	0.210576573712704
15.95	0.20836123951909552
15.96	0.20707864775452536
15.97	0.2008807049243296
15.98	0.20546638260833755
15.99	0.21182775691778474
16.0	0.2048407068788712
16.01	0.202770038674632
16.02	0.1997998170065111
16.03	0.2241209816028482
16.04	0.2341460401691057
16.05	0.22527785985723692
16.06	0.22474644304331373
16.07	0.20274001590849525
16.08	0.21732279834356882
16.09	0.23403015132387595
16.1	0.21671119929364538
16.11	0.21169758319489593
16.12	0.21718466576496367
16.13	0.2317731886424444
16.14	0.22047330363624043
16.15	0.23525218777444545
16.16	0.22673488470642789
16.17	0.2290811985285723
16.18	0.22636430575015573
16.19	0.21494477378802826
16.2	0.21808484367355885
16.21	0.24611138159527715
16.22	0.25174993318245914
16.23	0.225567907819276
16.24	0.22867969809952118
16.25	0.23996479004213353
16.26	0.2473068862792026
16.27	0.23253084716018815
16.28	0.2529530122773731
16.29	0.24727622971987762
16.3	0.2406558002494394
16.31	0.2433916865492089
16.32	0.23794519822340088
16.33	0.2438590822407866
16.34	0.24110524327830307
16.35	0.22581147376280886
16.36	0.22670074816670865
16.37	0.24319120652380774
16.38	0.2461235134816397
16.39	0.22829713313497435
16.4	0.2212521701424144
16.41	0.22558101406180414
16.42	0.22911360052356236
16.43	0.24231799691992992
16.44	0.22713583183202488
16.45	0.23266535762669463
16.46	0.23083749501731907
16.47	0.24770458659342642
16.48	0.21980340561942718
16.49	0.22741981800193917
16.5	0.2161771383373693
16.51	0.2254455181207442
16.52	0.222681904387983
16.53	0.23271177556026945
16.54	0.2186154239028806
16.55	0.23952367471220806
16.56	0.2351693469364015
16.57	0.24542601818340082
16.58	0.22567053706432422
16.59	0.22769466676830516
16.6	0.22780326812094404
16.61	0.2191368075699728
16.62	0.221882255575597
16.63	0.22513861293125162
16.64	0.21673034224490523
16.65	0.23614476376641733
16.66	0.2191932311302731
16.67	0.22013911286295115
16.68	0.2239105047368953
16.69	0.21931947627474174
16.7	0.2024309522119943
16.71	0.1976828493948911
16.72	0.19792897873769197
16.73	0.2111972761701699
16.74	0.19751131891340723
16.75	0.21665184144882388
16.76	0.1958741156317979
16.77	0.19713200850522855
16.78	0.20938466415524118
16.79	0.20205993556267549
16.8	0.20369194106330155
16.81	0.20511096462242798
16.82	0.19069899339008634
16.83	0.18997820339788477
16.84	0.21090906250580785
16.85	0.2007024623392138
16.86	0.21887504495839272
16.87	0.20422913002298299
16.88	0.19352311407426062
16.89	0.21619582157875888
16.9	0.21523193899275214
16.91	0.19711147611629082
16.92	0.20184854733314886
16.93	0.21986810690932557
16.94	0.2011028857693801
16.95	0.2285337183680972
16.96	0.19853290468499926
16.97	0.1852135439271677
16.98	0.20925646041299614
16.99	0.19661599508455693
17.0	0.19820897405291743
17.01	0.21289652135510637
17.02	0.21685488961103971
17.03	0.21606998746765865
17.04	0.21357442344610203
17.05	0.21379568322936782
17.06	0.21152676660000444
17.07	0.19846992593493817
17.08	0.1917256645457065
17.09	0.21284852087091286
17.1	0.2365948724882174
17.11	0.21964164750655832
17.12	0.20243324169029045
17.13	0.2304342063256414
17.14	0.23222652538518213
17.15	0.20426056950169308
17.16	0.23870759643125752
17.17	0.22351095838812432
17.18	0.22978283581447348
17.19	0.24368937289721287
17.2	0.22699801211184714
17.21	0.22356282586596452
17.22	0.23798348132017125
17.23	0.2488237924526141
17.24	0.2206086108560149
17.25	0.2286369006774688
17.26	0.23296191472922917
17.27	0.2153537198760002
17.28	0.2253146290265251
17.29	0.2195098528512082
17.3	0.2397346574821182
17.31	0.23088358813844287
17.32	0.2196531552924934
17.33	0.2343616138186763
17.34	0.24482265288509436
17.35	0.23710602730957406
17.36	0.21988641323385222
17.37	0.24000589500795733
17.38	0.2551840712642978
17.39	0.20925331017865617
17.4	0.2461933527679149
17.41	0.23808200273240596
17.42	0.24280078100887825
17.43	0.24432579407062657
17.44	0.24327188680623196
17.45	0.22968195696559932
17.46	0.2521333293852671
17.47	0.23628215866338712
17.48	0.22819822279337781
17.49	0.21685116197666346
17.5	0.21901108948323048
17.51	0.24599383302220976
17.52	0.23536042116527295
17.53	0.2270751948940756
17.54	0.2437012379372887
17.55	0.23697019827637716
17.56	0.238562340554553
17.57	0.24144248488553552
17.58	0.2463759924500866
17.59	0.22340828100747176
17.6	0.23469055628068541
17.61	0.2412383553339461
17.62	0.22903824922335658
17.63	0.24079099284104283
17.64	0.23830361180446127
17.65	0.22057791786526373
17.66	0.22942377254300997
17.67	0.21257920406697176
17.68	0.23957503217118709
17.69	0.22362351042565645
17.7	0.23200073472875082
17.71	0.22171295422409226
17.72	0.21857919824975097
17.73	0.21609155447958264
17.74	0.19674197284040712
17.75	0.21745404505049054
17.76	0.22638563935649958
17.77	0.21779828608082166
17.78	0.2098380156979872
17.79	0.20497248321717143
17.8	0.21266955528055123
17.81	0.218857641541503
17.82	0.2086655667285786
17.83	0.21780375353991083
17.84	0.22091821159793618
17.85	0.2237510636050211
17.86	0.21945502972852854
17.87	0.22045476813641027
17.88	0.2335264996087673
17.89	0.22238907852959067
17.9	0.21804016723676756
17.91	0.20820097774462545
17.92	0.22382641714677828
17.93	0.19079584349874024
17.94	0.1947067608283619
17.95	0.22450025664830806
17.96	0.19553066928570373
17.97	0.18496902948698396
17.98	0.19914193515106274
17.99	0.20102044458554308
18.0	0.2120618049698865
18.01	0.21428869406837986
18.02	0.20046868126805217
18.03	0.19628354181686863
18.04	0.20340258737808156
18.05	0.20914164374421998
18.06	0.18982573166733607
18.07	0.20447697972207152
18.08	0.21252621827815948
18.09	0.20442407349234595
18.1	0.20342258278872002
18.11	0.20040551782626453
18.12	0.21343386496674213
18.13	0.1963747624001236
18.14	0.19589731051317655
18.15	0.2058870914569498
18.16	0.20874422531039583
18.17	0.2074460051513131
18.18	0.2067768920351877
18.19	0.2083614748398846
18.2	0.2081556839163843
18.21	0.20958704135589282
18.22	0.20621119035176694
18.23	0.20733057510535724
18.24	0.2218596709345276
18.25	0.21230449859649564
18.26	0.22210157072943124
18.27	0.20259306447915884
18.28	0.2239908015840107
18.29	0.2089107835872918
18.3	0.21831787405508588
18.31	0.2066723663507259
18.32	0.21810670454219971
18.33	0.2195022888737232
18.34	0.21616906885654324
18.35	0.20324030185891118
18.36	0.22707592084461187
18.37	0.2303041759039942
18.38	0.21840944909808044
18.39	0.21412929642640272
18.4	0.23917538022187912
18.41	0.22596686985075426
18.42	0.2457670785601632
18.43	0.20987955756445664
18.44	0.21772022865841992
18.45	0.23659581454660333
18.46	0.22106344130677283
18.47	0.23321883618334177
18.48	0.23447399309375888
18.49	0.24282737185489006
18.5	0.24419247243571301
18.51	0.22206959819596594
18.52	0.22922611227843326
18.53	0.23625918425551373
18.54	0.2330081395085175
18.55	0.24677271143091625
18.56	0.2403856300179674
18.57	0.22847797827185212
18.58	0.2468443844986824
18.59	0.23833016284445982
18.6	0.24043638174865364
18.61	0.23503598686083058
18.62	0.24824896457683748
18.63	0.22890731531788056
18.64	0.24058520418140586
18.65	0.2303556753263975
18.66	0.24543024444859457
18.67	0.2407317810242392
18.68	0.2212261278111301
18.69	0.25422844357454366
18.7	0.22597899011435832
18.71	0.23202706040479273
18.72	0.2308491395029172
18.73	0.2425651208664366
18.74	0.24104134819345394
18.75	0.2332228957430063
18.76	0.22283585863043107
18.77	0.22066852380147323
18.78	0.22337341545551237
18.79	0.23245001457005704
18.8	0.23362935178959557
18.81	0.2289151274709375
18.82	0.20122207056115318
18.83	0.22833578213733216
18.84	0.21489330035131932
18.85	0.2040759506198026
18.86	0.22399574682678516
18.87	0.21787996885933053
18.88	0.22721494553056176
18.89	0.23939118137507595
18.9	0.22531977946117276
18.91	0.22263595288339363
18.92	0.2195175026207326
18.93	0.2056752764323526
18.94	0.2118745525184374
18.95	0.22151817093420617
18.96	0.20542646991098465
18.97	0.23404437453216853
18.98	0.20297564730377624
18.99	0.21223387095054538
19.0	0.21230627809356034
19.01	0.19851680277991812
19.02	0.21330123074420113
19.03	0.20614538738712407
19.04	0.1817778562856387
19.05	0.21072615048478516
19.06	0.20858344669558182
19.07	0.2129411416901406
19.08	0.21454567075754993
19.09	0.21715571816818346
19.1	0.20121995599785295
19.11	0.21208125794829913
19.12	0.2100757133946018
19.13	0.22037450305837358
19.14	0.2185430330707721
19.15	0.2147895550291359
19.16	0.21100537245102038
19.17	0.19809614102262663
19.18	0.20380480918641436
19.19	0.19337772991875038
19.2	0.2160175347855102
19.21	0.20344265097467804
19.22	0.20640713990332024
19.23	0.19752726495669384
19.24	0.18748595277943503
19.25	0.21094904549099366
19.26	0.1998983898398955
19.27	0.21231330285723252
19.28	0.19346581284766323
19.29	0.20054199253116584
19.3	0.19737591054632253
19.31	0.21912670080569302
19.32	0.21008859424537596
19.33	0.1965793718398429
19.34	0.22691044583534603
19.35	0.19269183201849988
19.36	0.21545047699279843
19.37	0.20317250670703954
19.38	0.20949495426223103
19.39	0.21454485830882664
19.4	0.21458099765360192
19.41	0.20215761556386222
19.42	0.2246516488905797
19.43	0.218773605738477
19.44	0.19846509710066218
19.45	0.21489944473501854
19.46	0.21191210551212536
19.47	0.22494711480386806
19.48	0.22839650984232263
19.49	0.2281450326872141
19.5	0.21335188855217607
19.51	0.2320326459476131
19.52	0.2184508735011102
19.53	0.2112559602662088
19.54	0.21180635364661476
19.55	0.2139882159286348
19.56	0.22172707130623495
19.57	0.22265593065802303
19.58	0.23770333555827602
19.59	0.22086476273594002
19.6	0.23862266081225708
19.61	0.22360871522590248
19.62	0.23427990146563465
19.63	0.22482842230975947
19.64	0.22268598972031564
19.65	0.25319336362510436
19.66	0.24679342630072515
19.67	0.21874266175325163
19.68	0.23810669606331938
19.69	0.2531777541458674
19.7	0.25168360366330106
19.71	0.24787443510382817
19.72	0.24369732703913463
19.73	0.23214498535815292
19.74	0.2523963608453226
19.75	0.24392706637405479
19.76	0.2423348276568567
19.77	0.23822889148515736
19.78	0.2223613209980141
19.79	0.22983257133623297
19.8	0.2550729169622664
19.81	0.24085036736482585
19.82	0.23386419890846397
19.83	0.2424828575017611
19.84	0.24384970506164164
19.85	0.24141127619926003
19.86	0.21862069373080548
19.87	0.2316252203389526
19.88	0.2419582427708081
19.89	0.25224597089710854
19.9	0.218995323913845
19.91	0.229315601861985
19.92	0.23195881149820025
19.93	0.2275320117243054
19.94	0.2349156196918507
19.95	0.23960252590595002
19.96	0.23363821777063692
19.97	0.23726432648588378
19.98	0.22864450454426088
19.99	0.2160069401480511
20.0	0.23434902084114675
20.01	0.22428511412543703
20.02	0.21682307416428845
20.03	0.22182790108847383
20.04	0.2255226621259281
20.05	0.22719062879640925
20.06	0.24406124386766573
20.07	0.23135268258373407
20.08	0.22642340195718338
20.09	0.24374431916017905
20.1	0.20403863479471512
20.11	0.2086969887082191
20.12	0.21231280292515686
20.13	0.2087981312147561
20.14	0.20687462340662133
20.15	0.22390526331921498
20.16	0.21280285286136305
20.17	0.19892703993925656
20.18	0.21182929919050186
20.19	0.19521916739171577
20.2	0.20957063430089046
20.21	0.2177549851593125
20.22	0.19788909645711794
20.23	0.2110851536378737
20.24	0.20896858079472144
20.25	0.2078962090669845
20.26	0.21550759003147638
20.27	0.20091612205256948
20.28	0.20370046145259124
20.29	0.19482647127446895
20.3	0.19583997054379032
20.31	0.192876759783045
20.32	0.18926953377473268
20.33	0.20349549974321504
20.34	0.1970085057239403
20.35	0.19390147043921238
20.36	0.2038557580710122
20.37	0.1900831764873001
20.38	0.2023187892683015
20.39	0.2071509876966027
20.4	0.20719223883202048
20.41	0.19849541195465029
20.42	0.2143712282128355
20.43	0.1841732890879632
20.44	0.20879406004248574
20.45	0.20315117772615054
20.46	0.2143765183471137
20.47	0.22240420428712918
20.48	0.20877108833303418
20.49	0.20225266978261508
20.5	0.21664309308453603
20.51	0.21475198729711054
20.52	0.20777739843581344
20.53	0.19503402705411613
20.54	0.2269572402067781
20.55	0.19820911258331483
20.56	0.21930514657134742
20.57	0.22602133200157729
20.58	0.20961422317040143
20.59	0.21585808868479997
20.6	0.20920630373324012
20.61	0.2280618654999638
20.62	0.21943580104768315
20.63	0.23173618042900182
20.64	0.21708722159267935
20.65	0.22971598144457425
20.66	0.22276918308753932
20.67	0.22088623563345613
20.68	0.2240288542066605
20.69	0.229559531365826
20.7	0.2105612880982417
20.71	0.22074925313421656
20.72	0.23107487648391126
20.73	0.22777275147971773
20.74	0.22681125341001657
20.75	0.20934086584535716
20.76	0.23291935148861062
20.77	0.22704232631691335
20.78	0.2460071141257501
20.79	0.2290316057282493
20.8	0.23537928355374463
20.81	0.23817733140989575
20.82	0.23292062494685983
20.83	0.21829701583020517
20.84	0.250280069721907
20.85	0.22035686995619863
20.86	0.24468708394770225
20.87	0.24652801866977975
20.88	0.22672664030814668
20.89	0.2461728079685066
20.9	0.24496471788816576
20.91	0.2277495489893174
20.92	0.23349424701649987
20.93	0.23172155931176436
20.94	0.2471519938937784
20.95	0.23857969245113012
20.96	0.23049380828906682
20.97	0.2296394577633046
20.98	0.2434855077350895
20.99	0.22990896604310299
21.0	0.23262707577503364
21.01	0.23358670179202934
21.02	0.24684220077875407
21.03	0.2310284109715764
21.04	0.21463030066034466
21.05	0.24179029606100547
21.06	0.22399045720021135
21.07	0.2408095620114144
21.08	0.2392413346972573
21.09	0.22973580324585352
21.1	0.23333764138038268
21.11	0.21793974458592452
21.12	0.2327157527535368
21.13	0.21223811682210186
21.14	0.23288204143351
21.15	0.22490960385087513
21.16	0.22436387338549513
21.17	0.22690496774469238
21.18	0.2150462385304615
21.19	0.22725742619379424
21.2	0.2407075366068096
21.21	0.21015170625413443
21.22	0.2023813145136457
21.23	0.23548492829063225
21.24	0.22428249895065966
21.25	0.22258120672714599
21.26	0.2094205729384705
21.27	0.20979665613060147
21.28	0.2070640622980118
21.29	0.19074991114293327
21.3	0.22102170455979198
21.31	0.20360625788653752
21.32	0.21715889850354986
21.33	0.19767169924250974
21.34	0.20799354623093788
21.35	0.21000987146487965
21.36	0.19643269696926074
21.37	0.2108846327769714
21.38	0.20768448407799328
21.39	0.1934785274202941
21.4	0.1974908806925842
21.41	0.21035349607929327
21.42	0.19423748542825228
21.43	0.1991990127958982
21.44	0.19439440889155868
21.45	0.1962425764275098
21.46	0.20875265884299748
21.47	0.2088073324154875
21.48	0.2098312840893132
21.49	0.20585396861099103
21.5	0.20651396440770647
21.51	0.1980364966018049
21.52	0.20433930384141563
21.53	0.2173988832889518
21.54	0.20401109717760119
21.55	0.1945651326040744
21.56	0.20309289075432604
21.57	0.19351362279608927
21.58	0.21196046042570602
21.59	0.18705559240412276
21.6	0.19569149295534066
21.61	0.2062871427963237
21.62	0.21458899069819357
21.63	0.23411779814943903
21.64	0.19741689948200758
21.65	0.20143297630821433
21.66	0.21488817979888933
21.67	0.22758293074074312
21.68	0.2098130085716152
21.69	0.20043572697891995
21.7	0.22582523021828294
21.71	0.20606665078598682
21.72	0.21967392939035385
21.73	0.21150068450881696
21.74	0.21251598400458815
21.75	0.21917438870516004
21.76	0.20423493836666717
21.77	0.23986305498578464
21.78	0.22661029661039833
21.79	0.20526226185629204
21.8	0.22670975822589573
21.81	0.21006253125031052
21.82	0.2309459301078886
21.83	0.22722297037191863
21.84	0.2352364217437008
21.85	0.21799686848606872
21.86	0.2018182585013577
21.87	0.2268879403589062
21.88	0.22388395796580976
21.89	0.24130696915426786
21.9	0.24454507066823583
21.91	0.2396455513504725
21.92	0.2269347910300732
21.93	0.2370039267488166
21.94	0.2317695791960409
21.95	0.24079392796597504
21.96	0.23888552497708024
21.97	0.24539392204088104
21.98	0.2486484268173397
21.99	0.24160228177445625
22.0	0.242165326100931
