10.0	0.17067619991812646
10.01	0.16277624583091255
10.02	0.16113543908776856
10.03	0.17587755220237877
10.04	0.16128635848994627
10.05	0.17748803047829295
10.06	0.15863241924782773
10.07	0.14638232779157134
10.08	0.14266965756465266
10.09	0.15242062989391336
10.1	0.15434217042278647
10.11	0.14111249585445562
10.12	0.16185878903787415
10.13	0.15764011037207154
10.14	0.16991182995005988
10.15	0.16295584537286323
10.16	0.1577013126672182
10.17	0.15643489445845582
10.18	0.165816834083956
10.19	0.15077021952441277
10.2	0.15769635217845715
10.21	0.1598400733846971
10.22	0.17316893172208067
10.23	0.15924924086955777
10.24	0.1555621205658657
10.25	0.16714115210945804
10.26	0.16022874229151823
10.27	0.17023865411845815
10.28	0.16229474951098616
10.29	0.1596479695345539
10.3	0.15725936523205877
10.31	0.1695776947117635
10.32	0.16778255062583822
10.33	0.1657720215808187
10.34	0.1509439464267132
10.35	0.16829859892123172
10.36	0.14844840912796267
10.37	0.16173811527590395
10.38	0.14249379166722925
10.39	0.15145002438255886
10.4	0.16929467300258774
10.41	0.13418170383240643
10.42	0.17229232091738375
10.43	0.15385454580840097
10.44	0.14868657409962252
10.45	0.1698869689607244
10.46	0.1676912493346247
10.47	0.15718564565955156
10.48	0.16526139468404524
10.49	0.16122482819519807
10.5	0.1645643318546196
10.51	0.16077000222493631
10.52	0.1649773172912755
10.53	0.16590509795317523
10.54	0.17992112180331726
10.55	0.17189412567742285
10.56	0.17729321396140144
10.57	0.1670869404706661
10.58	0.1892731272565822
10.59	0.19434409227635518
10.6	0.1715576723640505
10.61	0.17537199402286843
10.62	0.1826615772731453
10.63	0.17025359297560833
10.64	0.17801872129589805
10.65	0.17860186283772503
10.66	0.15973072181359407
10.67	0.16957769192030922
10.68	0.17381988286838612
10.69	0.18806124498529095
10.7	0.18550396667605717
10.71	0.17065335131131104
10.72	0.17358050400764843
10.73	0.15114628306653838
10.74	0.1839832895239686
10.75	0.18992960800225334
10.76	0.19063408623959713
10.77	0.19691048082153098
10.78	0.179228541586528
10.79	0.16698978837427178
10.8	0.1703624104583759
10.81	0.17985500250519135
10.82	0.18475080273078495
10.83	0.18365762679069186
10.84	0.18105014372247513
10.85	0.18585862616291965
10.86	0.18468683903470196
10.87	0.20029030462259156
10.88	0.185247096101249
10.89	0.19107328100049864
10.9	0.18796818716949404
10.91	0.1828337773199398
10.92	0.18599708792135916
10.93	0.1913827566797417
10.94	0.17538144655230434
10.95	0.18584187259073734
10.96	0.17496239133490643
10.97	0.1951096354453449
10.98	0.1809087560492454
10.99	0.19234404472299074
11.0	0.19498887108901808
11.01	0.2088336486727254
11.02	0.17565523276869305
11.03	0.19142736865561202
11.04	0.1952474227737656
11.05	0.17007414453902442
11.06	0.1864311874008844
11.07	0.19905332566106243
11.08	0.18191779889683346
11.09	0.18287263933633133
11.1	0.17321880229720213
11.11	0.1799347500224675
11.12	0.18083261049171379
11.13	0.19510813155543483
11.14	0.18201266941260463
11.15	0.19083180848506376
11.16	0.19693617703952077
11.17	0.1715209220820975
11.18	0.1764912244983332
11.19	0.184880246749224
11.2	0.18881817332263293
11.21	0.16700050399707542
11.22	0.18978139599529312
11.23	0.16365367016418733
11.24	0.18561256035696572
11.25	0.17520120074282355
11.26	0.1912178751025396
11.27	0.17824141481957395
11.28	0.16221043686615505
11.29	0.17073365251446415
11.3	0.18199030191772425
11.31	0.17423806464653394
11.32	0.1836065237183287
11.33	0.17118697093853794
11.34	0.16841786447139412
11.35	0.17393487659211815
11.36	0.1450971369693294
11.37	0.1701506552453764
11.38	0.1706862862545781
11.39	0.17610387183014692
11.4	0.14952138748172478
11.41	0.17362839805817576
11.42	0.1689198994288101
11.43	0.16962615673024894
11.44	0.1775082087282651
11.45	0.18226101345067852
11.46	0.15717554097375339
11.47	0.15921280012316813
11.48	0.16012078680337788
11.49	0.17788024869234578
11.5	0.17200856870797943
11.51	0.16420286565619793
11.52	0.17131546824022506
11.53	0.1673974466369514
11.54	0.1699038298826017
11.55	0.16300511512751664
11.56	0.16457745916241473
11.57	0.156761243139765
11.58	0.16852682908433203
11.59	0.15954467834604047
11.6	0.1715613082021366
11.61	0.17175270162255793
11.62	0.17565592202015654
11.63	0.1525735888692404
11.64	0.1698799367787531
11.65	0.1597855510755808
11.66	0.16023441239565964
11.67	0.15666644834000248
11.68	0.16212144139462886
11.69	0.15673492252012095
11.7	0.16673594144664255
11.71	0.15954834449817712
11.72	0.13995796171726596
11.73	0.1555727682051004
11.74	0.17112393544077908
11.75	0.17638760221680932
11.76	0.1567753866266167
11.77	0.14005033574299539
11.78	0.15756426517031916
11.79	0.1508790570055068
11.8	0.15405124710387305
11.81	0.17037630885313043
11.82	0.14698331336411313
11.83	0.16169682487424675
11.84	0.17073915837809886
11.85	0.1503879959041809
11.86	0.17063145904178892
11.87	0.15471730599191674
11.88	0.1599702738575456
11.89	0.16925123438814818
11.9	0.15907498934216835
11.91	0.16176351443604015
11.92	0.17187543293371194
11.93	0.1539404116618326
11.94	0.17280859094371892
11.95	0.16404270443911964
11.96	0.17649156998548426
11.97	0.15623799911765573
11.98	0.15490213965623062
11.99	0.17740713469951092
12.0	0.1750530076962292
12.01	0.1642335373555585
12.02	0.17964067579757834
12.03	0.16649447077705704
12.04	0.14832731868947976
12.05	0.17292047565381438
12.06	0.16376240027270814
12.07	0.15687314384832038
12.08	0.17304232440223316
12.09	0.17866144984668375
12.1	0.18737712133580267
12.11	0.17896077568877955
12.12	0.1670434108816774
12.13	0.15476111669318895
12.14	0.18971906442175804
12.15	0.14735871068333392
12.16	0.16607317690898477
12.17	0.16678331643697153
12.18	0.16101172875065156
12.19	0.1976884237480441
12.2	0.16903884423218954
12.21	0.1768209767178688
12.22	0.18152556442754916
12.23	0.1635309269258737
12.24	0.1583690764213007
12.25	0.18958793715153144
12.26	0.15860989764890482
12.27	0.17467042169099253
12.28	0.18965075006786758
12.29	0.1703412726967688
12.3	0.19229859166990423
12.31	0.19532755494684834
12.32	0.19133389757475594
12.33	0.17389901236544797
12.34	0.19249720144652047
12.35	0.17451341985808283
12.36	0.17868968768412943
12.37	0.20261301439407142
12.38	0.20169994703816216
12.39	0.1830262661277743
12.4	0.17691334483888446
12.41	0.18104672265326205
12.42	0.16795807605639307
12.43	0.15784063344652996
12.44	0.17897755138233432
12.45	0.18738819285543448
12.46	0.18755258616719922
12.47	0.19452060070550004
12.48	0.18166917943910235
12.49	0.17712057235758702
12.5	0.16365062381745493
12.51	0.1886356879850544
12.52	0.1900846623031072
12.53	0.18433916829134153
12.54	0.1751305968403929
12.55	0.1813531190644555
12.56	0.1697066259479209
12.57	0.19007323133770734
12.58	0.17970354736708752
12.59	0.1759443523979938
12.6	0.18559629107500095
12.61	0.194918121787179
12.62	0.1852629323748455
12.63	0.18026479391172182
12.64	0.18877585989973508
12.65	0.17435542763691453
12.66	0.19160424705675747
12.67	0.1790483536731844
12.68	0.17856819445919483
12.69	0.17334459205683175
12.7	0.18247656451896657
12.71	0.1727139696268722
12.72	0.16726184516965256
12.73	0.17787584395818093
12.74	0.1600771274704619
12.75	0.18304261267389657
12.76	0.16751081899746295
12.77	0.17658300559282158
12.78	0.1527145565029402
12.79	0.177224992443924
12.8	0.1742740091760623
12.81	0.18510480484010722
12.82	0.17388466047156084
12.83	0.16363768521491398
12.84	0.16756683891983698
12.85	0.15079047885249336
12.86	0.1675625329122958
12.87	0.1480090012376877
12.88	0.15200425994712768
12.89	0.1605529091222313
12.9	0.16205387372307628
12.91	0.1583679573106273
12.92	0.1655618526211405
12.93	0.166767844545398
12.94	0.14646928722547967
12.95	0.15658768972438206
12.96	0.14432561313194883
12.97	0.16632905532305275
12.98	0.1593064673580485
12.99	0.16103505065606272
13.0	0.16562656359931077
13.01	0.17056919777477703
13.02	0.15904110527916154
13.03	0.17228591295598933
13.04	0.14525796674116911
13.05	0.16965767139636112
13.06	0.16570343825405964
13.07	0.14756964675851486
13.08	0.1587687844508709
13.09	0.1738345269050939
13.1	0.16617354941974988
13.11	0.14607680939965226
13.12	0.16120744429907916
13.13	0.16312557695831578
13.14	0.16683246897730622
13.15	0.15467545882689862
13.16	0.16262312338907312
13.17	0.14731958416810947
13.18	0.15512500727730638
13.19	0.15424165045622085
13.2	0.1676276125000964
13.21	0.1614046610040189
13.22	0.16278963914437805
13.23	0.17309610287332966
13.24	0.1455938379647467
13.25	0.15170483931776974
13.26	0.16179305515125245
13.27	0.15681679973413762
13.28	0.15916806372575665
13.29	0.16542296560072203
13.3	0.1572731504867878
13.31	0.16130280976867806
13.32	0.14861847108100945
13.33	0.1811904612822455
13.34	0.14703920764238712
13.35	0.16833844864372577
13.36	0.15715638055806647
13.37	0.174995845975514
13.38	0.16057292272730186
13.39	0.1741359899139725
13.4	0.16040438022087702
13.41	0.16979554295303595
13.42	0.17653275041744665
13.43	0.17204647168219486
13.44	0.17838058020654854
13.45	0.17981229288960113
13.46	0.16100590165828854
13.47	0.1719504001332706
13.48	0.17067146941363479
13.49	0.18105840473587598
13.5	0.17848369835199224
13.51	0.16546655886594058
13.52	0.16493184633486904
13.53	0.17789704628657435
13.54	0.16116988519152672
13.55	0.18297063078871695
13.56	0.19218187483241836
13.57	0.17149827738939077
13.58	0.16616503280644054
13.59	0.19129699658390537
13.6	0.1821197148177801
13.61	0.19500843046460448
13.62	0.17052964775870638
13.63	0.1908861421262668
13.64	0.18446028287371416
13.65	0.18781823772470527
13.66	0.18897602042871095
13.67	0.18234001933741964
13.68	0.19088284127302957
13.69	0.18745289472987617
13.7	0.17825381091059334
13.71	0.2048868897014221
13.72	0.19078975426849135
13.73	0.18563943779765377
13.74	0.18642204184351951
13.75	0.18942029888866668
13.76	0.1933158339199134
13.77	0.18479890583859446
13.78	0.1778137593222732
13.79	0.18742974396339032
13.8	0.18849648674143024
13.81	0.2071896834264471
13.82	0.18485674437437183
13.83	0.18437548545125135
13.84	0.193752290229595
13.85	0.20347802140044566
13.86	0.1983105977938086
13.87	0.17362344114304593
13.88	0.1852427121395178
13.89	0.18193325463685303
13.9	0.20432188631857634
13.91	0.1985959546717391
13.92	0.16807830799377188
13.93	0.20310167062361478
13.94	0.18977946692825234
13.95	0.17022959762235884
13.96	0.18774865854673334
13.97	0.19487104202176125
13.98	0.1764763309220232
13.99	0.17718543853750326
14.0	0.1859276567857945
14.01	0.15378607687963264
14.02	0.16512428820715624
14.03	0.17270859854059714
14.04	0.1498010287871761
14.05	0.16705728750933613
14.06	0.18349724486456462
14.07	0.16742358402257287
14.08	0.1673284273740533
14.09	0.16127247751733972
14.1	0.16518961242872796
14.11	0.17411390953611905
14.12	0.19927535112539418
14.13	0.17438167366657623
14.14	0.16259023062729996
14.15	0.17561256583770485
14.16	0.16778130764005353
14.17	0.16166761731079868
14.18	0.15777532733058827
14.19	0.17627842854197104
14.2	0.1696663604819266
14.21	0.16563767229391382
14.22	0.166211325397209
14.23	0.1489557409139357
14.24	0.14552770057052009
14.25	0.15088545602005188
14.26	0.1481781638008159
14.27	0.17141797465832032
14.28	0.14757295479390514
14.29	0.18263483110110174
14.3	0.146737162010673
14.31	0.1644582718619107
14.32	0.14933341136412154
14.33	0.15720935189883628
14.34	0.15385216067210103
14.35	0.14398527635690894
14.36	0.1432539540517144
14.37	0.15238393588333174
14.38	0.1901952215588719
14.39	0.1595171725921126
14.4	0.16482831632692327
14.41	0.16395081546328566
14.42	0.16909111910260552
14.43	0.16323700328736154
14.44	0.15635126320803586
14.45	0.1490105322964543
14.46	0.1702028496604834
14.47	0.15493877474635356
14.48	0.14173349430352694
14.49	0.15478202626847284
14.5	0.15663583073452386
14.51	0.1609555405746176
14.52	0.15706777760011892
14.53	0.17715720904989452
14.54	0.15069564975335656
14.55	0.13810163639820028
14.56	0.15561401763985078
14.57	0.15572988595992873
14.58	0.15928460845282952
14.59	0.15354821600741522
14.6	0.15756293477685387
14.61	0.14598686778989955
14.62	0.15446689563752491
14.63	0.16273456715282852
14.64	0.15061921676964216
14.65	0.17283508680112317
14.66	0.16508780216105348
14.67	0.16253980018675576
14.68	0.1683599541896913
14.69	0.16712927623094845
14.7	0.17618737629020606
14.71	0.17371972848460124
14.72	0.14518705680269114
14.73	0.1785174369249439
14.74	0.16582836374269463
14.75	0.17161429677888587
14.76	0.18751350640973774
14.77	0.18499659935894813
14.78	0.16776279152101248
14.79	0.13857734058846286
14.8	0.1607154181802121
14.81	0.17121917515626464
14.82	0.17287507784456302
14.83	0.17390386206466701
14.84	0.17034394283430743
14.85	0.16599599325260708
14.86	0.18228674201344486
14.87	0.1855859404061943
14.88	0.1609599503018037
14.89	0.17477516699252518
14.9	0.1627338433665418
14.91	0.16863614975263816
14.92	0.19480015754751343
14.93	0.18151822758368183
14.94	0.19711451153641052
14.95	0.16774284866841788
14.96	0.1760846940797883
14.97	0.17529104331704495
14.98	0.17176461947542235
14.99	0.1630428959296257
15.0	0.17749274351333158
15.01	0.17401114852180546
15.02	0.17890531463724257
15.03	0.1804961377536136
15.04	0.1892457844444723
15.05	0.17639524705593554
15.06	0.18276937030774362
15.07	0.17474381978963968
15.08	0.17431684314004967
15.09	0.1912480294610942
15.1	0.18188723775310625
15.11	0.20036900009046338
15.12	0.17451583538878884
15.13	0.19143342809027938
15.14	0.19500859731973233
15.15	0.16907641605626406
15.16	0.1739736918828025
15.17	0.1940643517923838
15.18	0.18570281167286282
15.19	0.19535765667700405
15.2	0.20055370289490249
15.21	0.18471435825930738
15.22	0.1899178128701154
15.23	0.17816066745214987
15.24	0.18156419920206626
15.25	0.16809341432070193
15.26	0.18960174991348897
15.27	0.18757957707977269
15.28	0.17990283457013614
15.29	0.18388889075415765
15.3	0.17054163874131714
15.31	0.17730657449909853
15.32	0.1759174824510935
15.33	0.17752163148031666
15.34	0.16943584234844025
15.35	0.18523886135631112
15.36	0.17491526894100543
15.37	0.17324455123114046
15.38	0.18914761952925305
15.39	0.17927436290167253
15.4	0.16888885636349907
15.41	0.16370220789493375
15.42	0.17737038085996154
15.43	0.17711596587646755
15.44	0.18657786575605767
15.45	0.18397385363235808
15.46	0.17580469913064156
15.47	0.16308231245819838
15.48	0.18053936692209305
15.49	0.17362462164299744
15.5	0.1494063749722354
15.51	0.17814785445168288
15.52	0.15111115069928935
15.53	0.16563118254586442
15.54	0.17163232993577518
15.55	0.16058354636489808
15.56	0.16540193932552563
15.57	0.15617068842665502
15.58	0.16644993168681865
15.59	0.16320670841073476
15.6	0.1708720776214298
15.61	0.1679762852511944
15.62	0.16756851432207978
15.63	0.14634722687185014
15.64	0.15231737670536769
15.65	0.1558024915810998
15.66	0.16785216095830954
15.67	0.15116390951948835
15.68	0.16576871098719395
15.69	0.17259132227888016
15.7	0.15013055250524082
15.71	0.1495649375389863
15.72	0.1365599650280538
15.73	0.15396829144005209
15.74	0.1478950679026191
15.75	0.17362733635984196
15.76	0.15068197811395026
15.77	0.16064029750445946
15.78	0.1547173528179488
15.79	0.1649370163742814
15.8	0.15074053667500953
15.81	0.1721392761061849
15.82	0.1453698781470474
15.83	0.15414641555993128
15.84	0.14830771914133387
15.85	0.16773919667364856
15.86	0.15627024125264782
15.87	0.14302559175378035
15.88	0.16608765414363522
15.89	0.15830388049696942
15.9	0.1528515659028648
15.91	0.17804241843054722
15.92	0.16212105439141453
15.93	0.1534197534274386
15.94	0.17588994329442578
15.95	0.16679912993526114
15.96	0.15844385590376853
15.97	0.14369517919027203
15.98	0.16952892239924
15.99	0.16333205105628307
16.0	0.16515171967071018
16.01	0.16097279734520756
16.02	0.17328386502686222
16.03	0.1574031951974748
16.04	0.16794530407671815
16.05	0.16725233663464886
16.06	0.17644920542000175
16.07	0.17374178325674253
16.08	0.16842256313333415
16.09	0.16443574522339888
16.1	0.18080966443711655
16.11	0.17000051888418585
16.12	0.16451543026001267
16.13	0.15941467364251505
16.14	0.1688985319725609
16.15	0.16544068657602687
16.16	0.1796434937410624
16.17	0.1779670013659584
16.18	0.18263814007846285
16.19	0.17227992296853503
16.2	0.18350183754401286
16.21	0.14139128712630994
16.22	0.17043396584213946
16.23	0.1830608375450494
16.24	0.18548611802328674
16.25	0.16820588013859875
16.26	0.18238342281819472
16.27	0.16653039895796376
16.28	0.18226634624805296
16.29	0.1936864758636554
16.3	0.1762487991422615
16.31	0.18045884204225726
16.32	0.18940264339936908
16.33	0.19197992521331322
16.34	0.18630208043934032
16.35	0.17843262311994337
16.36	0.19182517382747868
16.37	0.1799864297274636
16.38	0.20105486848209697
16.39	0.20241188089047513
16.4	0.17934415305675314
16.41	0.18353326643045428
16.42	0.1782649242576957
16.43	0.16120595743547672
16.44	0.1880010660632064
16.45	0.18055747860639645
16.46	0.186684531183392
16.47	0.17218137957010912
16.48	0.18368668060042237
16.49	0.16740753688873541
16.5	0.1838708682934846
16.51	0.1711988889764375
16.52	0.1902333828445327
16.53	0.1829555806281182
16.54	0.1771680956773652
16.55	0.1737048191106036
16.56	0.19107951487355468
16.57	0.16660830557710393
16.58	0.18646601336577956
16.59	0.17836236452283075
16.6	0.1922774267220737
16.61	0.1837468527072413
16.62	0.18612877877911543
16.63	0.17381764142680356
16.64	0.1863047746556981
16.65	0.1910915651080707
16.66	0.1676510392439043
16.67	0.19585557082387606
16.68	0.16711085451400987
16.69	0.17110350482439132
16.7	0.17416509633757643
16.71	0.20058325109706848
16.72	0.1798968476026155
16.73	0.18435571354270286
16.74	0.16847842703856253
16.75	0.17367323427550108
16.76	0.19097345315116673
16.77	0.18736122895686183
16.78	0.1730933287672931
16.79	0.18999672794583564
16.8	0.16384686989224506
16.81	0.1610801797028224
16.82	0.165889905530639
16.83	0.1753322480433735
16.84	0.17650263047557307
16.85	0.16344998205461592
16.86	0.17131079916844918
16.87	0.16814794153458876
16.88	0.1682060926496388
16.89	0.16415337355855647
16.9	0.17051060665726778
16.91	0.15119504653660712
16.92	0.16254515577536258
16.93	0.14908937097553496
16.94	0.14786611952751344
16.95	0.15439795726897662
16.96	0.15321082895988908
16.97	0.15349872461137384
16.98	0.164990924445723
16.99	0.16364928520677993
17.0	0.1525611147620987
17.01	0.15414800299773426
17.02	0.1719487669321736
17.03	0.14149268540766557
17.04	0.15813336077154988
17.05	0.15074637886056283
17.06	0.15309372713002317
17.07	0.151372817038268
17.08	0.15250024020433428
17.09	0.14633544870938225
17.1	0.13985260446402092
17.11	0.1791853793978943
17.12	0.1430917832215021
17.13	0.16709035988491158
17.14	0.13232839174033664
17.15	0.17015447304757297
17.16	0.15377049611949153
17.17	0.1604437026293691
17.18	0.16843582435683488
17.19	0.14063531977534788
17.2	0.15407701054518544
17.21	0.14613239480852844
17.22	0.15739712634194294
17.23	0.15718065799740058
17.24	0.16821688841920257
17.25	0.14506940726754414
17.26	0.14632645226623675
17.27	0.16463930482691483
17.28	0.1600623876122863
17.29	0.15400024489578618
17.3	0.16143291164908102
17.31	0.1547367227171953
17.32	0.16304310794616525
17.33	0.15112897883146392
17.34	0.16488638404770475
17.35	0.17133755289149866
17.36	0.1623441129431088
17.37	0.16192608383902474
17.38	0.16023498877432707
17.39	0.16671418168219615
17.4	0.17058282990167797
17.41	0.17024272142165525
17.42	0.15588892955908143
17.43	0.1504571893732122
17.44	0.16917724236557205
17.45	0.16770701934173943
17.46	0.16220415687222484
17.47	0.18668995947766046
17.48	0.1624221840459969
17.49	0.16295074038837268
17.5	0.17077686773424836
17.51	0.1605923257737658
17.52	0.1616919837471225
17.53	0.18513173819449935
17.54	0.1520588203247493
17.55	0.17117526327583196
17.56	0.17467746522052366
17.57	0.16654675575579642
17.58	0.18766294840735243
17.59	0.15881175841039036
17.6	0.18094871906519885
17.61	0.16926865932890106
17.62	0.18067370514184852
17.63	0.1883213117595858
17.64	0.18834448008758212
17.65	0.1882390027796291
17.66	0.17991617784470057
17.67	0.17688171282791165
17.68	0.17705228582470603
17.69	0.17041121867012113
17.7	0.20098674476448172
17.71	0.173703431984662
17.72	0.18262979042128177
17.73	0.19866370848875956
17.74	0.16802762000751983
17.75	0.17067485412232736
17.76	0.16830228505906578
17.77	0.1719855700965107
17.78	0.17424016141953133
17.79	0.18456869520415323
17.8	0.18840687265173478
17.81	0.1896297394169616
17.82	0.18884959580826624
17.83	0.1816445482138186
17.84	0.1771692649716889
17.85	0.1749416662157851
17.86	0.1794547325879741
17.87	0.18287546098138296
17.88	0.1671058321855111
17.89	0.18494637701464592
17.9	0.18137954216606098
17.91	0.16873534483167393
17.92	0.1724962260045067
17.93	0.18341996618431858
17.94	0.17193329711700633
17.95	0.2066747940407338
17.96	0.1650571964460337
17.97	0.17323791852179282
17.98	0.18199905600728836
17.99	0.1896549989510573
18.0	0.18331297866098506
18.01	0.17486140975892392
18.02	0.17457035403775656
18.03	0.18212910970041493
18.04	0.18005271679921728
18.05	0.18723804286150342
18.06	0.15765524917164178
18.07	0.1701571443201983
18.08	0.16330108301602894
18.09	0.18425898167966157
18.1	0.15748008809463104
18.11	0.1433277260187569
18.12	0.16524065121038173
18.13	0.1630893765001084
18.14	0.15463124903980247
18.15	0.160287700086444
18.16	0.16265233200161053
18.17	0.1672270367812625
18.18	0.1735625297436297
18.19	0.16314603244028428
18.2	0.15741444338133218
18.21	0.1717448891467578
18.22	0.14530356994090665
18.23	0.15838335357997804
18.24	0.1486657433847762
18.25	0.15686639984489906
18.26	0.1601579494366882
18.27	0.1541817498471267
18.28	0.1667622398910113
18.29	0.16524459475827846
18.3	0.15944038515105052
18.31	0.15711784777092902
18.32	0.16207898209378782
18.33	0.1642494575462099
18.34	0.15125896383091197
18.35	0.15677349660572393
18.36	0.16799001950471076
18.37	0.14954248202482257
18.38	0.17935947494775192
18.39	0.1551106661884723
18.4	0.15243020410075933
18.41	0.16273417148734082
18.42	0.13811676995961025
18.43	0.15339652264939205
18.44	0.14628634845097463
18.45	0.17399794444592864
18.46	0.1543208382496592
18.47	0.15709027225420708
18.48	0.17715003566646906
18.49	0.16561400838786067
18.5	0.1629012460869756
18.51	0.14762902475603332
18.52	0.16933729913307943
18.53	0.15903100807589085
18.54	0.16212775279364633
18.55	0.1673150535283428
18.56	0.1475684752611795
18.57	0.1468564717216127
18.58	0.1542140674093831
18.59	0.17934559119459834
18.6	0.1764100682803398
18.61	0.14852946718735666
18.62	0.16042802198952863
18.63	0.1756729513059491
18.64	0.17307286944094144
18.65	0.15382766791935232
18.66	0.1737934205119755
18.67	0.17172775054319034
18.68	0.18132314673594543
18.69	0.16027857546225785
18.7	0.186076264677696
18.71	0.17112882454570977
18.72	0.1692050017532101
18.73	0.17140975443790052
18.74	0.1724664132233921
18.75	0.17007329909288005
18.76	0.1570399586645486
18.77	0.19521880222801327
18.78	0.1723422564990065
18.79	0.17049680506993498
18.8	0.17884074875146216
18.81	0.17277757591054727
18.82	0.1595658046528787
18.83	0.19827657316073985
18.84	0.15979244789532115
18.85	0.18472177976082313
18.86	0.18244002302884338
18.87	0.18030163720231532
18.88	0.18568787982243387
18.89	0.17152193057726745
18.9	0.17977824628224243
18.91	0.16917883109007614
18.92	0.1844716881547741
18.93	0.168717226969376
18.94	0.16715463712748616
18.95	0.17429693136305735
18.96	0.17786761520884814
18.97	0.14360744007607404
18.98	0.17777366389395394
18.99	0.17193222688366427
19.0	0.16343993538693735
19.01	0.16968087336750676
19.02	0.16984525472063644
19.03	0.17390648447750665
19.04	0.1810625613065218
19.05	0.1867273644092589
19.06	0.16711122425573044
19.07	0.16892403615107457
19.08	0.17687595237308076
19.09	0.17521086854463425
19.1	0.17849277772749547
19.11	0.16521566918635777
19.12	0.18875774706741047
19.13	0.17372538709868823
19.14	0.16917149447864965
19.15	0.15376804545482464
19.16	0.15907323855825672
19.17	0.164167198435489
19.18	0.16388746719837882
19.19	0.1558960289417226
19.2	0.18375439903246055
19.21	0.148509170062417
19.22	0.17195029205675197
19.23	0.1611229300248075
19.24	0.1644775115569648
19.25	0.1585144653504873
19.26	0.17004602477315617
19.27	0.16150568607152224
19.28	0.1785602371396582
19.29	0.16561109950102762
19.3	0.17818120793391157
19.31	0.1683953108971287
19.32	0.15778332204963047
19.33	0.1509751937059259
19.34	0.14824503609433531
19.35	0.16261915811754518
19.36	0.16857815121780786
19.37	0.16315593322108088
19.38	0.14532151065369148
19.39	0.15558218892092768
19.4	0.1545002177845316
19.41	0.16092618371765602
19.42	0.16113630925009298
19.43	0.13277801715636853
19.44	0.1413643431042511
19.45	0.1686996629168069
19.46	0.1619766660878809
19.47	0.17540742937416506
19.48	0.16668590856483165
19.49	0.16281571340359763
19.5	0.16030637500706602
19.51	0.1456749575630091
19.52	0.15824178139893275
19.53	0.1546215027473371
19.54	0.1662316286201057
19.55	0.18313053383197458
19.56	0.15678466651920883
19.57	0.140152018050115
19.58	0.15460126640580263
19.59	0.16926518869716742
19.6	0.15087232927661268
19.61	0.15936910792469824
19.62	0.14694505167018482
19.63	0.14884035985488223
19.64	0.16597436318928427
19.65	0.1649781949458735
19.66	0.16253352735119547
19.67	0.17507153552251564
19.68	0.15287046105803928
19.69	0.1737996113869751
19.7	0.15776724226248273
19.71	0.1712090711201257
19.72	0.17935908234458509
19.73	0.15898711400600352
19.74	0.1679528597008203
19.75	0.1726827747434154
19.76	0.16089131643608734
19.77	0.16978727202301697
19.78	0.16391668316754307
19.79	0.1573240157301045
19.8	0.16083833344238535
19.81	0.15072046772401726
19.82	0.16227164000165348
19.83	0.17543074544084153
19.84	0.1760696157205265
19.85	0.1775250424600411
19.86	0.171868771542452
19.87	0.18301988133163544
19.88	0.16696120393303643
19.89	0.18095546022755082
19.9	0.18634149022406524
19.91	0.1606972614233618
19.92	0.15850057348811863
19.93	0.18427572214669158
19.94	0.17243861659379026
19.95	0.17634416071533993
19.96	0.1634642795816227
19.97	0.16469561936051055
19.98	0.17986574429205024
19.99	0.17215862416538774
20.0	0.19476152429698584
20.01	0.17773809320014528
20.02	0.19258070069174688
20.03	0.1823017573897413
20.04	0.17921333624723937
20.05	0.16715022566348828
20.06	0.18841571796775075
20.07	0.18733567844035595
20.08	0.16848292777903376
20.09	0.16781774842987246
20.1	0.1991032186226276
20.11	0.2051570870618639
20.12	0.18704112785623608
20.13	0.18985156056960945
20.14	0.18482218111091336
20.15	0.17480841754029827
20.16	0.18686906170738524
20.17	0.16396373169481718
20.18	0.1863790109194687
20.19	0.17234087780622667
20.2	0.18557671035039966
20.21	0.1954662532598179
20.22	0.17963560404395404
20.23	0.17399800069384516
20.24	0.16856262262201888
20.25	0.1488840302253523
20.26	0.18099534205166698
20.27	0.17221133014987572
20.28	0.17812589819829505
20.29	0.18717695533833678
20.3	0.16046949258347695
20.31	0.18162064563609356
20.32	0.17788317151014674
20.33	0.1614972666034953
20.34	0.1478386889634221
20.35	0.16946003075282273
20.36	0.17076022672206964
20.37	0.17081319058176864
20.38	0.14838579404382538
20.39	0.14396796918313196
20.4	0.1548724538825448
20.41	0.15936401979166476
20.42	0.1647864122067272
20.43	0.15335179705725996
20.44	0.16627627051616134
20.45	0.15671142130994375
20.46	0.14033572109329345
20.47	0.15740092307751904
20.48	0.17009355840467527
20.49	0.16905806131758477
20.5	0.16146179697347837
20.51	0.17884782138735533
20.52	0.15512536156046777
20.53	0.1508087383212146
20.54	0.1675930947794443
20.55	0.16415689507239173
20.56	0.15844775410818893
20.57	0.16674699038697047
20.58	0.15655834476670263
20.59	0.1598250322413716
20.6	0.16130902291858998
20.61	0.1587651544425408
20.62	0.18514944376516806
20.63	0.14186001245222024
20.64	0.15803999830421245
20.65	0.17955537882878175
20.66	0.14465106945488876
20.67	0.15933642697511044
20.68	0.15493865694725295
20.69	0.16880373533684867
20.7	0.1664032225714753
20.71	0.1648301556330265
20.72	0.17035292971658014
20.73	0.14978344689535236
20.74	0.16114010496632106
20.75	0.14874393608214614
20.76	0.14846059085832058
20.77	0.14859139482829806
20.78	0.15228765369812575
20.79	0.15795198182797443
20.8	0.16395041797902146
20.81	0.1439242666103585
20.82	0.13400191474806722
20.83	0.15388483390335936
20.84	0.16059328891208918
20.85	0.18104105194374462
20.86	0.16021068836814228
20.87	0.1556235436310251
20.88	0.16113266941621707
20.89	0.16520457488174872
20.9	0.16699435259922824
20.91	0.17808605315689596
20.92	0.1803522446824577
20.93	0.17058957414137343
20.94	0.1758069353187937
20.95	0.1611022308909228
20.96	0.15775532000325523
20.97	0.19574085235862906
20.98	0.17606395484553647
20.99	0.17492032823319148
21.0	0.17638575601045817
21.01	0.17089276114333438
21.02	0.177017280055528
21.03	0.17631204287183755
21.04	0.1795418315130156
21.05	0.17598813745931732
21.06	0.18477069954997613
21.07	0.15937441106676034
21.08	0.17155886266237128
21.09	0.19151967054686336
21.1	0.17332282668760635
21.11	0.17273061133488699
21.12	0.16634977253661196
21.13	0.17957969845552596
21.14	0.18211236273612996
21.15	0.17509808607525618
21.16	0.1688434904476114
21.17	0.17470090216254
21.18	0.17109572951273933
21.19	0.1865499077045591
21.2	0.18412364429831585
21.21	0.1956958879274727
21.22	0.18165537383896063
21.23	0.1592196317191859
21.24	0.1861743550437915
21.25	0.19308231526532843
21.26	0.1729499832511977
21.27	0.16734496278181638
21.28	0.16524859803077896
21.29	0.17816034622623475
21.3	0.17115272393011846
21.31	0.16902749724211072
21.32	0.18348246738257684
21.33	0.16382243756879325
21.34	0.18043535744697198
21.35	0.17902609324259902
21.36	0.19249300998159355
21.37	0.18813175674240046
21.38	0.16351239336315868
21.39	0.16437021385374767
21.4	0.16794990208116864
21.41	0.19088289968196875
21.42	0.1804154215741849
21.43	0.17311138944577795
21.44	0.19772312229188943
21.45	0.16662797012245353
21.46	0.17431119303823855
21.47	0.18509438353068966
21.48	0.1653317854113042
21.49	0.17455123948209178
21.5	0.16402443755116983
21.51	0.16987421793252186
21.52	0.18261577985967564
21.53	0.17151514695545758
21.54	0.1548864411491169
21.55	0.1697445881047253
21.56	0.1705634351675984
21.57	0.16696533101893196
21.58	0.17074309574783497
21.59	0.18024848013621902
21.6	0.18795910436490978
21.61	0.1701391114572514
21.62	0.17294925419448104
21.63	0.15213622357388024
21.64	0.19256702912965956
21.65	0.16455385479256365
21.66	0.1676692111927383
21.67	0.1583475196628679
21.68	0.16271414046635446
21.69	0.16099031395882754
21.7	0.15655722191365815
21.71	0.1666100836984913
21.72	0.160294777748038
21.73	0.16199845724528994
21.74	0.1570532458301754
21.75	0.15268873331949817
21.76	0.14078658393788474
21.77	0.16093412379768302
21.78	0.16350153385509011
21.79	0.1603322225841159
21.8	0.1601361128948879
21.81	0.16785323373832328
21.82	0.1654927695193022
21.83	0.1656559609081075
21.84	0.15288809796215377
21.85	0.15724239668313714
21.86	0.16291869400389544
21.87	0.1477163054504032
21.88	0.17495435260938272
21.89	0.17129557423504158
21.9	0.15710851068200155
21.91	0.14744928097443166
21.92	0.15493055621725874
21.93	0.1652420128082126
21.94	0.1717389305111722
21.95	0.15353915064729423
21.96	0.17042886912635136
21.97	0.1691022438073567
21.98	0.15919221190452823
21.99	0.16622013532848146
22.0	0.1686897268469371
