10.0	0.20171156863936987
10.01	0.19761796252329888
10.02	0.22505067034524082
10.03	0.23102426676472243
10.04	0.21209911674292586
10.05	0.21548254812219414
10.06	0.18655485517219653
10.07	0.21821100384934067
10.08	0.22330407636716604
10.09	0.2085448873973456
10.1	0.21327706256148007
10.11	0.20903298034689113
10.12	0.21261269100373792
10.13	0.20810867225946347
10.14	0.20157000084047452
10.15	0.20562395676297712
10.16	0.20448632670375091
10.17	0.203226982052204
10.18	0.20161990274863278
10.19	0.18243157804789734
10.2	0.19509597838328105
10.21	0.1957529648634941
10.22	0.19443100174219952
10.23	0.19535229222651784
10.24	0.20402021476890803
10.25	0.1893007717409275
10.26	0.19898868545824652
10.27	0.1776275397130148
10.28	0.2119762197121738
10.29	0.18701003289746979
10.3	0.20640608711004937
10.31	0.20702300461806616
10.32	0.20473082043209023
10.33	0.21135205780021515
10.34	0.18814406799352087
10.35	0.18370160569926547
10.36	0.18144095558522635
10.37	0.20481914207977747
10.38	0.2130028787037553
10.39	0.19659954668934532
10.4	0.1948720003855098
10.41	0.20762823551741003
10.42	0.2023897421251852
10.43	0.2038042600881668
10.44	0.19543354706849073
10.45	0.20746496338253986
10.46	0.20580908223005429
10.47	0.22957060227401313
10.48	0.2211482402375839
10.49	0.1994848585980903
10.5	0.18292556906905996
10.51	0.19982779518051633
10.52	0.19424916187067923
10.53	0.19928469521855705
10.54	0.2071662726855751
10.55	0.19048865475684845
10.56	0.21464298529793377
10.57	0.21008839255215592
10.58	0.20672815919647927
10.59	0.20636886601214943
10.6	0.2219343121270083
10.61	0.21453510818808158
10.62	0.19968665203238886
10.63	0.2184902999770523
10.64	0.20392833348329964
10.65	0.21669393967306175
10.66	0.22118352261610041
10.67	0.2129689685370657
10.68	0.2150214427984579
10.69	0.207815918760344
10.7	0.20773943804475062
10.71	0.21820014695645615
10.72	0.23046980536578715
10.73	0.23369237233166512
10.74	0.21135615702161714
10.75	0.19687472749273616
10.76	0.22232050004853596
10.77	0.22665881231378407
10.78	0.2099028425621282
10.79	0.20215443734432786
10.8	0.20983805758154192
10.81	0.2054100650180588
10.82	0.197330863562229
10.83	0.1988120480534067
10.84	0.19831053576149554
10.85	0.21579594596104565
10.86	0.21446731419736842
10.87	0.21072240622069732
10.88	0.19610736201679035
10.89	0.2073100948265346
10.9	0.19398855197911224
10.91	0.20504228737661995
10.92	0.18468680145060956
10.93	0.20037815454142313
10.94	0.19686837960611697
10.95	0.2104471224963667
10.96	0.19776059993995668
10.97	0.1995521564270999
10.98	0.1965887674033686
10.99	0.1877427552387309
11.0	0.18271142093264917
11.01	0.20366876111177817
11.02	0.18748122037723247
11.03	0.1979924219161327
11.04	0.1960875248883378
11.05	0.19975239046131316
11.06	0.1897339929442167
11.07	0.18529356647538534
11.08	0.20343402109437586
11.09	0.21987715829845825
11.1	0.20176056566964184
11.11	0.1966285040948413
11.12	0.20883326366959779
11.13	0.19939256661330548
11.14	0.2142320237306879
11.15	0.21919504787731697
11.16	0.19444449247474554
11.17	0.2124700259137856
11.18	0.22162524213552545
11.19	0.18907089455148324
11.2	0.20057196789757767
11.21	0.20453349574871638
11.22	0.2001605840936849
11.23	0.1965239008128998
11.24	0.20332487701961896
11.25	0.21885079183497252
11.26	0.20996307247193924
11.27	0.20677522741408047
11.28	0.22611803870136507
11.29	0.2052262674463285
11.3	0.19948156316791477
11.31	0.19525105908255005
11.32	0.18946087924546898
11.33	0.21378472470379875
11.34	0.20655995868420435
11.35	0.21072317014690062
11.36	0.22117550450729678
11.37	0.20694545383953347
11.38	0.2201530412800147
11.39	0.2164469403377482
11.4	0.20033316808046975
11.41	0.21459613441930786
11.42	0.20965436920888952
11.43	0.21863772745753798
11.44	0.20165727060437863
11.45	0.22884547029624672
11.46	0.21352440465686043
11.47	0.21247583333096987
11.48	0.22948543948350786
11.49	0.20949980120186637
11.5	0.21209107156874096
11.51	0.20187180566566287
11.52	0.21782995865888302
11.53	0.20723350131962653
11.54	0.20157265434592703
11.55	0.2166585397580327
11.56	0.1995322546153847
11.57	0.2239690814110508
11.58	0.22098507872288467
11.59	0.209630830166227
11.6	0.20682499916686536
11.61	0.19406913664759703
11.62	0.22221849022490708
11.63	0.21234231589778224
11.64	0.2132396576707455
11.65	0.20500776452534628
11.66	0.18473617831065056
11.67	0.22666233864019347
11.68	0.19911830331656694
11.69	0.20094616978797444
11.7	0.17042237520500253
11.71	0.19586135977646632
11.72	0.18375868869765744
11.73	0.18739911883017848
11.74	0.18956805294448334
11.75	0.20015454161472923
11.76	0.20644769492690354
11.77	0.1997248590547523
11.78	0.20212305920289142
11.79	0.22222624491825888
11.8	0.1952022114598476
11.81	0.18535495282379122
11.82	0.1917870435619059
11.83	0.2031056179144254
11.84	0.18598323611865758
11.85	0.1773589714140088
11.86	0.18073955200660902
11.87	0.19325042926466576
11.88	0.18096516641974006
11.89	0.18615038003242648
11.9	0.19519581948353834
11.91	0.1935724392318795
11.92	0.19184362813668857
11.93	0.19629383574310533
11.94	0.189226320224407
11.95	0.19035685298356395
11.96	0.20261255602243064
11.97	0.21566141134712177
11.98	0.1908171334492662
11.99	0.1957921938194528
12.0	0.18575413571848798
12.01	0.21035447799971252
12.02	0.19720860677230098
12.03	0.2099792870974065
12.04	0.1900159719036008
12.05	0.20195868173852952
12.06	0.2268213336481291
12.07	0.17038490968965586
12.08	0.2165755430953054
12.09	0.19919407115009075
12.1	0.19656441764576088
12.11	0.18655253572912373
12.12	0.20132236428921652
12.13	0.20574490773669327
12.14	0.19624006750682832
12.15	0.20284615962631666
12.16	0.197669645495405
12.17	0.2251884788784081
12.18	0.20464676184840586
12.19	0.21950307918808612
12.2	0.21828898716457715
12.21	0.21900592110125192
12.22	0.20866348217617137
12.23	0.20922928144408875
12.24	0.20383879108369668
12.25	0.19445211573471907
12.26	0.19524103061803214
12.27	0.2238747399760413
12.28	0.210164306991133
12.29	0.1996501737634135
12.3	0.20688218591994012
12.31	0.2097170679388189
12.32	0.2190315663740226
12.33	0.21108822268982944
12.34	0.20254123043710245
12.35	0.20641078566489093
12.36	0.19004251702250963
12.37	0.20103141486724285
12.38	0.20085161298914989
12.39	0.19368996101582323
12.4	0.19546741369132084
12.41	0.20298066838788026
12.42	0.1985827666863537
12.43	0.22094170172063635
12.44	0.20643725848210032
12.45	0.18390980251991296
12.46	0.18766880094953586
12.47	0.19990113129341633
12.48	0.19464073151710246
12.49	0.20238578303436747
12.5	0.2086138351562016
12.51	0.20305365897114164
12.52	0.19603338898526904
12.53	0.20197757253365814
12.54	0.198647365470519
12.55	0.19843226270373407
12.56	0.18653353696582023
12.57	0.18628814992894577
12.58	0.197571808266383
12.59	0.18056253405708744
12.6	0.19402991454224464
12.61	0.17762902954312687
12.62	0.1832396783893492
12.63	0.18596772025239494
12.64	0.18134403573376504
12.65	0.2046349887132354
12.66	0.19507862650243676
12.67	0.18765649190659153
12.68	0.18260817383227915
12.69	0.19330547365858716
12.7	0.17805661094795028
12.71	0.19364895010790756
12.72	0.1913298868836875
12.73	0.1873024900997109
12.74	0.18338675662792212
12.75	0.20348761739685398
12.76	0.1922669176741904
12.77	0.18200420606749546
12.78	0.20039835976693965
12.79	0.20494413289064667
12.8	0.19849006500398417
12.81	0.201239486849847
12.82	0.1906047529843844
12.83	0.20483161138561867
12.84	0.20933743516624445
12.85	0.19267696159676925
12.86	0.18849300621295467
12.87	0.18956874776413052
12.88	0.19987314254196778
12.89	0.2191385478547922
12.9	0.19196261669175313
12.91	0.218880517738012
12.92	0.2232038018394403
12.93	0.23218523462062246
12.94	0.2092470504014532
12.95	0.2049170031953885
12.96	0.21735672299817577
12.97	0.23057428531185237
12.98	0.21692348009979
12.99	0.19722245657299475
13.0	0.21738121923333226
13.01	0.21511403577230961
13.02	0.2151284454548953
13.03	0.21104583378402186
13.04	0.21000579801079816
13.05	0.19808591013523125
13.06	0.22193889449467305
13.07	0.20498445240939997
13.08	0.20369476371495304
13.09	0.20648191065777963
13.1	0.2301563366649044
13.11	0.2036707094598648
13.12	0.2105798723882997
13.13	0.21137885182495447
13.14	0.20685082666589047
13.15	0.21467044884412956
13.16	0.1990405062402766
13.17	0.19844753003826024
13.18	0.20880994226623736
13.19	0.21057686655054103
13.2	0.20879002064947796
13.21	0.2053247992664794
13.22	0.19531389865931847
13.23	0.19752236692458705
13.24	0.21256028067576907
13.25	0.2014687515425438
13.26	0.19477983384714784
13.27	0.20452756957112697
13.28	0.1868048362074316
13.29	0.1792553374567607
13.3	0.19596228072097507
13.31	0.20174549182803306
13.32	0.20155390527923198
13.33	0.1724293330919974
13.34	0.17717782715347907
13.35	0.1894038811912771
13.36	0.19702039316065195
13.37	0.19845079283198164
13.38	0.19223503344896709
13.39	0.19516940662865329
13.4	0.2006111192875657
13.41	0.1911754387585554
13.42	0.21036232939024155
13.43	0.2114061341626216
13.44	0.19306896144609534
13.45	0.18934515139254388
13.46	0.20059400674438121
13.47	0.19734959119325088
13.48	0.19055968078576083
13.49	0.18012637214198257
13.5	0.19149907326740268
13.51	0.18604044556423308
13.52	0.18716249833721138
13.53	0.20619447123852525
13.54	0.21348336851430968
13.55	0.2049227662778574
13.56	0.20691453482546085
13.57	0.18499275534353546
13.58	0.22111905010353017
13.59	0.19737167568358874
13.6	0.2088403013773904
13.61	0.2040616055353425
13.62	0.1977843519661668
13.63	0.19236343601875489
13.64	0.20459494561745298
13.65	0.21478924156546017
13.66	0.20789888723864694
13.67	0.20677151310853442
13.68	0.21770619940856897
13.69	0.21319017632961945
13.7	0.2140959951439859
13.71	0.2064400973489228
13.72	0.2289023009935395
13.73	0.20562702457173937
13.74	0.2093506284719746
13.75	0.21280130468212477
13.76	0.21026180547099987
13.77	0.20443798060571158
13.78	0.20950026171940617
13.79	0.2091353266818162
13.8	0.19746146498373982
13.81	0.22625167556054704
13.82	0.2006803341330033
13.83	0.20021343395639546
13.84	0.2163302362448251
13.85	0.21767861680030734
13.86	0.21596986569934756
13.87	0.22933054244084675
13.88	0.19316867920467937
13.89	0.21144156936203967
13.9	0.20938063615066727
13.91	0.19583607640698322
13.92	0.19034750022438982
13.93	0.21512865704760017
13.94	0.20581707935641216
13.95	0.2023050070376701
13.96	0.20465159791793117
13.97	0.2190278222737937
13.98	0.18088395070456875
13.99	0.20085461373861
14.0	0.2157226844947563
14.01	0.20473043764941007
14.02	0.18579007341364168
14.03	0.2044697464488894
14.04	0.20926153339131892
14.05	0.19521530202562862
14.06	0.19421228004872795
14.07	0.18216744261242127
14.08	0.18920948818409616
14.09	0.19023014610117336
14.1	0.21778289885742158
14.11	0.19747882245580647
14.12	0.20509078779386644
14.13	0.1903477361653338
14.14	0.1959218444841063
14.15	0.18391893127908732
14.16	0.17411610078614226
14.17	0.20975534813649266
14.18	0.20107021292206317
14.19	0.19489894559311324
14.2	0.19056263704031587
14.21	0.19896130362473463
14.22	0.20419502638546996
14.23	0.2217676695990837
14.24	0.20695981016776305
14.25	0.2092607422736724
14.26	0.20926527354863422
14.27	0.19795103044414375
14.28	0.19878878099510122
14.29	0.20968615441690108
14.3	0.21623308638409042
14.31	0.23388154017058008
14.32	0.21320613135573985
14.33	0.2242208095450749
14.34	0.2140805024238114
14.35	0.19713389397750733
14.36	0.20382292487251424
14.37	0.20049413604263375
14.38	0.21381074493677113
14.39	0.21628293300747417
14.4	0.20124386349443776
14.41	0.21398715205045749
14.42	0.20616291030198686
14.43	0.20618690802939563
14.44	0.1910897478566753
14.45	0.23057298529521664
14.46	0.22216063188816593
14.47	0.21899277446836035
14.48	0.23079554191412324
14.49	0.1842815353329867
14.5	0.2057271520976031
14.51	0.20835451268662078
14.52	0.21210011711935936
14.53	0.19306267958593698
14.54	0.20392963882111492
14.55	0.23309065649041524
14.56	0.21118600443285668
14.57	0.20788226886959518
14.58	0.20452475569922368
14.59	0.19582687520608982
14.6	0.20375096661130265
14.61	0.21550264055863705
14.62	0.20036954001264976
14.63	0.20475837225294363
14.64	0.19163464942974331
14.65	0.1934362074585822
14.66	0.20019536088232265
14.67	0.19096380759903162
14.68	0.19801928300113872
14.69	0.18836169896078153
14.7	0.20630293411301523
14.71	0.1979039851217332
14.72	0.1662525901128944
14.73	0.21374688599514294
14.74	0.2065485333650339
14.75	0.20808957971392084
14.76	0.19978648253291847
14.77	0.20186699445647327
14.78	0.18412691399771738
14.79	0.18747411404765718
14.8	0.20045129664089437
14.81	0.21346930894807908
14.82	0.20718058919793408
14.83	0.19889067501435267
14.84	0.20335192605552926
14.85	0.20532946168966468
14.86	0.2152332814958124
14.87	0.1996050945682182
14.88	0.2077614815679977
14.89	0.20987033642230804
14.9	0.18687988862373234
14.91	0.18999135308045784
14.92	0.1958210496478516
14.93	0.1973969150555571
14.94	0.1967132129794464
14.95	0.19671339046050423
14.96	0.2130172548557271
14.97	0.20749430232232358
14.98	0.2063421570153262
14.99	0.2041481941991636
15.0	0.20958475945332916
15.01	0.20267531563400018
15.02	0.1904918238853678
15.03	0.19754609879193555
15.04	0.2196644937441661
15.05	0.20474000028401645
15.06	0.19646728936820576
15.07	0.21164410127450542
15.08	0.207657037581853
15.09	0.1950593838914244
15.1	0.20963137718350527
15.11	0.22361403791099885
15.12	0.21035668528866305
15.13	0.22372674577963944
15.14	0.2063466095430977
15.15	0.21347346818624324
15.16	0.19796364132626185
15.17	0.21300509023294106
15.18	0.20570583530936257
15.19	0.20370166093281233
15.2	0.21032864884440325
15.21	0.20073995015234827
15.22	0.21852324446817872
15.23	0.20142541230885974
15.24	0.20901665653185994
15.25	0.20187986335353855
15.26	0.19951176308396776
15.27	0.20731283509619602
15.28	0.21211237821406934
15.29	0.20991504006839629
15.3	0.20419205301313775
15.31	0.2050469817609695
15.32	0.18907264063832685
15.33	0.2260966179522853
15.34	0.2152323491161964
15.35	0.20688742510651825
15.36	0.2034581514169045
15.37	0.20630437158306986
15.38	0.19858739277925172
15.39	0.21816632492160445
15.4	0.2212585539035868
15.41	0.18846646184925442
15.42	0.19181350878394277
15.43	0.2084715499834306
15.44	0.20342607856984668
15.45	0.21370933990893531
15.46	0.19363340841681
15.47	0.20474783400973545
15.48	0.22380121857311536
15.49	0.21424761628956313
15.5	0.19573292629740205
15.51	0.19308261694898046
15.52	0.22146901645976308
15.53	0.21988230026551842
15.54	0.20334122125302667
15.55	0.1951324438934196
15.56	0.1994904315209048
15.57	0.18944349689858256
15.58	0.19537203634142056
15.59	0.19522691361205052
15.6	0.1965702394636491
15.61	0.1929954258702483
15.62	0.19601292308902438
15.63	0.2136415285233262
15.64	0.1879432263501166
15.65	0.20055176409444783
15.66	0.20429131195781788
15.67	0.18327143968176046
15.68	0.1860531961761555
15.69	0.20441580343853738
15.7	0.19746066899215275
15.71	0.18537247507594903
15.72	0.17745739478415753
15.73	0.18442192276737632
15.74	0.18745481055411511
15.75	0.18982789548157225
15.76	0.1719534878001272
15.77	0.19624724307554578
15.78	0.19825380948239257
15.79	0.18654188451126175
15.8	0.19105765457965307
15.81	0.19289916829300008
15.82	0.21170258189952706
15.83	0.1957355950707593
15.84	0.19852187164211965
15.85	0.20878814960711806
15.86	0.1980542370023421
15.87	0.19366309845196797
15.88	0.18933265520837386
15.89	0.20060359842880024
15.9	0.2058451849258056
15.91	0.20851914489287926
15.92	0.20033293164136684
15.93	0.19811064702293435
15.94	0.19789004545359037
15.95	0.2133535073240507
15.96	0.19284295761187864
15.97	0.21527678063327682
15.98	0.21070659902410474
15.99	0.1964376825534093
16.0	0.20596659166003867
16.01	0.2128441696498732
16.02	0.2064073585159897
16.03	0.21162177695750947
16.04	0.19456031380602803
16.05	0.19983534555479668
16.06	0.2220714752115451
16.07	0.2082018068250165
16.08	0.21369733579813768
16.09	0.2170541111557176
16.1	0.21721812985359953
16.11	0.19962278131443803
16.12	0.20210712395452443
16.13	0.21069993206959825
16.14	0.19293912474378908
16.15	0.20350032672187016
16.16	0.2103670789789992
16.17	0.22627791930544727
16.18	0.19112436166708804
16.19	0.21949842002476413
16.2	0.21236642843861087
16.21	0.21664219656864203
16.22	0.21433040021010746
16.23	0.21827636409731463
16.24	0.18945417146836557
16.25	0.19934773957658172
16.26	0.20071463076018434
16.27	0.21382316069750681
16.28	0.22089641205860852
16.29	0.21522900088411184
16.3	0.22209398463871344
16.31	0.21061890679175405
16.32	0.20412306188082113
16.33	0.19665250504353324
16.34	0.19792763609011232
16.35	0.18536565932941207
16.36	0.20969367151625629
16.37	0.18568095324787792
16.38	0.20204610397499398
16.39	0.18585667070618986
16.4	0.19938852183387415
16.41	0.20493269544388926
16.42	0.19042436305329902
16.43	0.1927915812051601
16.44	0.18898559505249876
16.45	0.21571073587148143
16.46	0.20420720309929058
16.47	0.20873350103098243
16.48	0.17795249981912228
16.49	0.21003102250722083
16.5	0.19371464489349072
16.51	0.20158264643746307
16.52	0.18348656839474672
16.53	0.19043184659393836
16.54	0.20012874698670374
16.55	0.18977039639907908
16.56	0.18060067587400658
16.57	0.19538283072044113
16.58	0.19651294516562204
16.59	0.20590453163098463
16.6	0.21344199907294614
16.61	0.21609316076790783
16.62	0.19086783164946652
16.63	0.19133177589718978
16.64	0.20640574214478932
16.65	0.20795768180933294
16.66	0.21999127576780372
16.67	0.2066331238213881
16.68	0.21398919159362856
16.69	0.2070797552846954
16.7	0.20232676299032032
16.71	0.2048150856849688
16.72	0.22105569648716483
16.73	0.21328568009771479
16.74	0.2036211245994805
16.75	0.2176524128472344
16.76	0.2035926929544514
16.77	0.20527795904683493
16.78	0.20549145864352975
16.79	0.19685119005424712
16.8	0.22517492959381405
16.81	0.19816195992129362
16.82	0.20158958216197875
16.83	0.2268890417554438
16.84	0.22483302055019086
16.85	0.22620218961790745
16.86	0.2208657719813931
16.87	0.21439977875729957
16.88	0.21688249259459208
16.89	0.21155144310452073
16.9	0.21622865952104403
16.91	0.19665624832672124
16.92	0.22141655179438258
16.93	0.19794700635335788
16.94	0.21034928977460493
16.95	0.18418426795099316
16.96	0.1954642636240613
16.97	0.21336625398935685
16.98	0.19494468407928428
16.99	0.20239475442218688
17.0	0.19465068447308098
17.01	0.21441824005680124
17.02	0.19636689237680216
17.03	0.187280265855016
17.04	0.1909597566958177
17.05	0.21656403784184297
17.06	0.1964763298108393
17.07	0.17676580226733898
17.08	0.20362385599142122
17.09	0.20091598943594136
17.1	0.20016053614809784
17.11	0.19525264143483756
17.12	0.1948309447971961
17.13	0.1888474844828205
17.14	0.19405637363857997
17.15	0.20004732515053977
17.16	0.19468491806823093
17.17	0.1980095069071839
17.18	0.18675844228366079
17.19	0.20231295251151055
17.2	0.19039962066614102
17.21	0.19021323648644953
17.22	0.1941727060729617
17.23	0.20082814261908308
17.24	0.18885220810071107
17.25	0.18378439148820888
17.26	0.2153878950243198
17.27	0.20062115664147956
17.28	0.2083702042942773
17.29	0.20588322720881755
17.3	0.18663570156226578
17.31	0.20290848097266836
17.32	0.2171377790755234
17.33	0.1843435489278996
17.34	0.20692688375703736
17.35	0.20016630002390295
17.36	0.19210172194279707
17.37	0.19645971161126227
17.38	0.18927428575120236
17.39	0.20787665369454172
17.4	0.20145322380320113
17.41	0.20379190600971878
17.42	0.2055586196303308
17.43	0.22226122854295433
17.44	0.2001156780214824
17.45	0.2167383763661288
17.46	0.21619457255206226
17.47	0.21442441072368726
17.48	0.22235285909294467
17.49	0.2389315503210296
17.5	0.20080877830339244
17.51	0.2028848913848902
17.52	0.2036905588372382
17.53	0.20828504957816557
17.54	0.1868594765024752
17.55	0.22384981034430745
17.56	0.19432212311945224
17.57	0.21218696268219636
17.58	0.20153036701096563
17.59	0.22178614925957427
17.6	0.2308674556935734
17.61	0.20995656162970264
17.62	0.21333139744784665
17.63	0.21365494185363887
17.64	0.19328659721060185
17.65	0.2113610690907552
17.66	0.19290003259157373
17.67	0.22227005367868613
17.68	0.19938984528502862
17.69	0.23009044043943072
17.7	0.22803423044449878
17.71	0.2005851342665157
17.72	0.22264605583266145
17.73	0.19056782061359728
17.74	0.21562331267160145
17.75	0.19479909417205538
17.76	0.2081837141210188
17.77	0.20258922313341157
17.78	0.18932150450145707
17.79	0.1992709432075752
17.8	0.1803669853823437
17.81	0.20650223007355917
17.82	0.20085923268672976
17.83	0.17686829617756278
17.84	0.19410231229250463
17.85	0.18958557027740147
17.86	0.21012476605485977
17.87	0.1910343201342661
17.88	0.18277499172659306
17.89	0.1991819830411566
17.9	0.20489823869792712
17.91	0.2156235952054878
17.92	0.1936588888428179
17.93	0.17335065329836272
17.94	0.19756692197113154
17.95	0.19357148804655805
17.96	0.2016502730868702
17.97	0.18996872945461837
17.98	0.19109938912852456
17.99	0.19208509392759235
18.0	0.208500083353601
18.01	0.20110805709066037
18.02	0.18461331000448716
18.03	0.2042024671176124
18.04	0.20823260532072757
18.05	0.1755040736350296
18.06	0.20002465173345757
18.07	0.19836700029575874
18.08	0.20433326942681984
18.09	0.17988486580394963
18.1	0.2184294561141658
18.11	0.208369956971428
18.12	0.2044635193381565
18.13	0.19273876330377276
18.14	0.20417767771023215
18.15	0.21442460280452846
18.16	0.19309391436113912
18.17	0.20974691823585268
18.18	0.189842974271269
18.19	0.20532417462521732
18.2	0.21056519292703182
18.21	0.20266582086450302
18.22	0.21123926896978512
18.23	0.20483671972346845
18.24	0.21030694728837757
18.25	0.1971851909651285
18.26	0.2042406872628561
18.27	0.2095817601149645
18.28	0.21198579861074857
18.29	0.21272888847514435
18.3	0.2029393157368917
18.31	0.20529971292291876
18.32	0.20568491401312763
18.33	0.2079641617166368
18.34	0.21894150015011515
18.35	0.21885969037879294
18.36	0.1906463366098552
18.37	0.19432221683428538
18.38	0.19165848877015404
18.39	0.21589201911411085
18.4	0.1809500195306202
18.41	0.21162845572069358
18.42	0.19113600622576374
18.43	0.19814312183957436
18.44	0.20454204242832105
18.45	0.18870544606966305
18.46	0.21376316670118045
18.47	0.20354280199493302
18.48	0.20538400654884398
18.49	0.198041636937306
18.5	0.20032851750657618
18.51	0.19180257587085445
18.52	0.18975168823538088
18.53	0.19765644484698766
18.54	0.2027779649947947
18.55	0.18770107221576432
18.56	0.22147018883850575
18.57	0.18793414725750418
18.58	0.1897022453518593
18.59	0.19803286216935967
18.6	0.19397746258218423
18.61	0.18543588256100574
18.62	0.20258991445062838
18.63	0.19039948194359385
18.64	0.20149098437473772
18.65	0.18485001838858373
18.66	0.20924522409475205
18.67	0.1957642763849225
18.68	0.18672279950996543
18.69	0.1798771505771802
18.7	0.2137892433692121
18.71	0.19629495680083267
18.72	0.21166049802818737
18.73	0.21535294166620694
18.74	0.19531945320794206
18.75	0.19997543574622662
18.76	0.19304592142045635
18.77	0.21286830904642692
18.78	0.20888628804181736
18.79	0.19867969428750026
18.8	0.19480902118437424
18.81	0.21354457499230609
18.82	0.1932266916948527
18.83	0.1875673509993909
18.84	0.2030212963689912
18.85	0.191787005352379
18.86	0.18855493573190046
18.87	0.20146247314768143
18.88	0.19659999304991577
18.89	0.20468190898860386
18.9	0.20626817316721172
18.91	0.2051717122500385
18.92	0.20805335535854277
18.93	0.22326738274878932
18.94	0.19915595931239732
18.95	0.2034819305008489
18.96	0.21051987981081174
18.97	0.20639181011501845
18.98	0.1839619728616642
18.99	0.2114344393523519
19.0	0.2278769930314782
19.01	0.22295678842084055
19.02	0.2390417677375789
19.03	0.20065473556390226
19.04	0.20379679698135933
19.05	0.1995328607176114
19.06	0.2106974054624015
19.07	0.21988335833291536
19.08	0.20439474316242284
19.09	0.2030936920790435
19.1	0.20037786404003288
19.11	0.21893266109906664
19.12	0.2006960939078134
19.13	0.21432897585942423
19.14	0.20272371999637487
19.15	0.21394129627033492
19.16	0.22890978327674344
19.17	0.21628069945036554
19.18	0.19738470626208612
19.19	0.2118394808330971
19.2	0.2127223341272108
19.21	0.21543341214748996
19.22	0.19965723466244067
19.23	0.21521412898130018
19.24	0.210020920784125
19.25	0.21911870425586602
19.26	0.18117478811999432
19.27	0.20127847316967784
19.28	0.20402835358000376
19.29	0.18188153186951805
19.3	0.2015737242409046
19.31	0.19334882946126586
19.32	0.19407929570269053
19.33	0.2137618640544117
19.34	0.20406289667758779
19.35	0.18618765433833234
19.36	0.20369598666149336
19.37	0.19552338040867973
19.38	0.20177985224110884
19.39	0.18129029285118942
19.4	0.2030073691234032
19.41	0.20206834565678197
19.42	0.19559527635247792
19.43	0.18083663159768365
19.44	0.18676209339807445
19.45	0.19952586456165797
19.46	0.2141568904961884
19.47	0.19815070608573745
19.48	0.1983234935301435
19.49	0.19707876773291988
19.5	0.22019322391032264
19.51	0.192105246176708
19.52	0.19733022402272116
19.53	0.21096741739391145
19.54	0.1998372161623169
19.55	0.19650514835085764
19.56	0.20774364014733965
19.57	0.2015381676530888
19.58	0.19336866417474682
19.59	0.20459681369093516
19.6	0.20744956557706057
19.61	0.20967674186759208
19.62	0.21416806559446008
19.63	0.1832313690573734
19.64	0.20953226087128546
19.65	0.2012031446367481
19.66	0.22518373878467005
19.67	0.20474597907790837
19.68	0.21253105112426426
19.69	0.20929675013811982
19.7	0.20796193470506694
19.71	0.21562700923749029
19.72	0.21085132767996778
19.73	0.21780583112579402
19.74	0.19834263697127055
19.75	0.20789724399093182
19.76	0.2137717862246209
19.77	0.2193713366137163
19.78	0.22744759254664781
19.79	0.21926001298795242
19.8	0.21350569823587123
19.81	0.2007499443652791
19.82	0.22623576492365818
19.83	0.2099161766448236
19.84	0.2108188102035497
19.85	0.20846219049492862
19.86	0.22279793636487763
19.87	0.20445212904766139
19.88	0.21587159694786542
19.89	0.21326583871591334
19.9	0.2027284242785663
19.91	0.22273335651794926
19.92	0.20810875047609545
19.93	0.20323768412607152
19.94	0.20518250276933864
19.95	0.21749409129371722
19.96	0.22342673746390615
19.97	0.1937603574638854
19.98	0.20612410893910046
19.99	0.22388208378184232
20.0	0.21863870335299063
20.01	0.2238143589466712
20.02	0.190571385230136
20.03	0.21225804463709347
20.04	0.2002268730585943
20.05	0.21378837685182853
20.06	0.20730056188593668
20.07	0.18616528951461878
20.08	0.19806735812526252
20.09	0.19293750868810677
20.1	0.19668974096921252
20.11	0.20229498603419382
20.12	0.19918530308255084
20.13	0.18779353937211335
20.14	0.22042713173670764
20.15	0.18339795903728534
20.16	0.18862547236153002
20.17	0.20617197138348947
20.18	0.18159361185272477
20.19	0.19106564509120932
20.2	0.1817324374335129
20.21	0.18971227149536668
20.22	0.18630355377078375
20.23	0.203989806471404
20.24	0.20311220991053697
20.25	0.20086840190001357
20.26	0.1951074686251957
20.27	0.1941927506223093
20.28	0.19691484696717793
20.29	0.18176351488793652
20.3	0.19621945746000702
20.31	0.2004308811594235
20.32	0.20837024882204902
20.33	0.18569292372192917
20.34	0.19011395896181504
20.35	0.21190392370082717
20.36	0.21489355000387736
20.37	0.21533939736750243
20.38	0.19412843650184208
20.39	0.21120135055566597
20.4	0.21274428066775278
20.41	0.20396585345518595
20.42	0.18294323222066391
20.43	0.20539689084741308
20.44	0.23137318896292347
20.45	0.2188926984445595
20.46	0.21997790973376394
20.47	0.205589365721145
20.48	0.197522463126896
20.49	0.2057516494185449
20.5	0.2399321452351406
20.51	0.216920257911164
20.52	0.1932622929621161
20.53	0.20427838494079706
20.54	0.21250387057556946
20.55	0.22873727896251755
20.56	0.18285663747450193
20.57	0.21366345775301376
20.58	0.20349217016738586
20.59	0.2234674348485581
20.6	0.20382045777856603
20.61	0.20831976733526164
20.62	0.23083718468902792
20.63	0.21556087394909457
20.64	0.1932349369286958
20.65	0.20466168207806507
20.66	0.19503308820746637
20.67	0.19468347337553862
20.68	0.20039208889511795
20.69	0.21180864560590298
20.7	0.19783747781383634
20.71	0.20717673369959097
20.72	0.20401772620871858
20.73	0.2053791576441304
20.74	0.1936054281403979
20.75	0.1959121266258812
20.76	0.20503388549796847
20.77	0.21041334385509022
20.78	0.20847674011239334
20.79	0.21142500302551123
20.8	0.19720744752360964
20.81	0.17678287424077954
20.82	0.2116489561545287
20.83	0.20589816318625997
20.84	0.2037242255112766
20.85	0.19121888178353472
20.86	0.19698057014556172
20.87	0.17247290881042732
20.88	0.19053557901026172
20.89	0.19103333397266617
20.9	0.19006295847871765
20.91	0.20232136509318566
20.92	0.18222213053357683
20.93	0.18694424134012236
20.94	0.1831462596048399
20.95	0.18519478472728865
20.96	0.18305455664444445
20.97	0.1985168217944919
20.98	0.2062181331725662
20.99	0.20290111995716056
21.0	0.19380690809850995
21.01	0.1884024011963577
21.02	0.1943773361316379
21.03	0.19185220582536336
21.04	0.18895343227865846
21.05	0.19964622423468503
21.06	0.20665480064340486
21.07	0.19991630684959288
21.08	0.19390968851364732
21.09	0.20594893840464953
21.1	0.1907232682202361
21.11	0.20487837714947896
21.12	0.19777670318392077
21.13	0.20814151359089733
21.14	0.19524651995619385
21.15	0.21726779565545304
21.16	0.21307757088400517
21.17	0.20795589303957607
21.18	0.19935653743737403
21.19	0.2067978895214708
21.2	0.1936901130006683
21.21	0.20699765429594572
21.22	0.20348598366757545
21.23	0.21125886243644032
21.24	0.20724899857447784
21.25	0.20628203712432963
21.26	0.21263021971895713
21.27	0.22146435230676098
21.28	0.21775506278078466
21.29	0.2147008864362687
21.3	0.198045646325305
21.31	0.21419861216647598
21.32	0.2086058567116736
21.33	0.19821394937659106
21.34	0.21471395940564644
21.35	0.21185084072774266
21.36	0.2025386724077145
21.37	0.21651179314788166
21.38	0.20826690899752237
21.39	0.21347555240596844
21.4	0.20089487841952947
21.41	0.20701150985984929
21.42	0.20642017155084347
21.43	0.22970302293614075
21.44	0.2123277811751442
21.45	0.1992580228476213
21.46	0.21513157102722166
21.47	0.20658072738157562
21.48	0.2166376545203391
21.49	0.19790292755386574
21.5	0.22730758356436387
21.51	0.223554691418096
21.52	0.22499943032711894
21.53	0.20707934675303516
21.54	0.21304733897546935
21.55	0.21029818695463495
21.56	0.1974569465941366
21.57	0.20094676855536953
21.58	0.19940429589153594
21.59	0.2049817531406517
21.6	0.18968676017105937
21.61	0.20461378556079798
21.62	0.19932046625480795
21.63	0.20533588975821732
21.64	0.19936575884750443
21.65	0.17901385434886297
21.66	0.19553704129528388
21.67	0.18851811162098173
21.68	0.20314941070476447
21.69	0.183131150393217
21.7	0.20141972429151056
21.71	0.19487917683205172
21.72	0.18435710735581712
21.73	0.18928157423669925
21.74	0.17704942531603493
21.75	0.18680556927361272
21.76	0.1896005524911208
21.77	0.1952125859508224
21.78	0.2081685663390336
21.79	0.1942996068910544
21.8	0.18396444030835446
21.81	0.19145983672846878
21.82	0.19550104164035123
21.83	0.18547713562887302
21.84	0.20096664740344236
21.85	0.20347147027441975
21.86	0.2089846955145486
21.87	0.2060492629578897
21.88	0.19017991911292675
21.89	0.19505369506965908
21.9	0.20741857352655563
21.91	0.2044233519604585
21.92	0.2039825824208292
21.93	0.19945236173512343
21.94	0.20513775292700911
21.95	0.201217480231402
21.96	0.20652569252107564
21.97	0.1908293194186148
21.98	0.21858034329286236
21.99	0.19470455232838052
22.0	0.19911853552994405
