10.0	0.22102381331732848
10.01	0.22130175477545422
10.02	0.20653071743812526
10.03	0.21767288681353683
10.04	0.21473022034584596
10.05	0.21735542283800655
10.06	0.20896671921807775
10.07	0.21869849991486395
10.08	0.22670840271635015
10.09	0.2287531323105221
10.1	0.21739151971140705
10.11	0.22455071318574893
10.12	0.215180893420723
10.13	0.22978051993876697
10.14	0.2419713166139785
10.15	0.22436986753835433
10.16	0.2379618323928399
10.17	0.21144704817212423
10.18	0.2265392756589347
10.19	0.24031240899172962
10.2	0.22730739608359987
10.21	0.2395467969091397
10.22	0.23586957966606648
10.23	0.2430344050374203
10.24	0.23539313012971422
10.25	0.23495854362020807
10.26	0.24159075291960633
10.27	0.23437591187917076
10.28	0.24897065146995712
10.29	0.24439408630097015
10.3	0.24008346960257873
10.31	0.24520889120349484
10.32	0.2329885943554759
10.33	0.23850670863541998
10.34	0.24228071810273905
10.35	0.2636845199797166
10.36	0.243133550511598
10.37	0.23534758576831313
10.38	0.23443166064752335
10.39	0.23472156124002228
10.4	0.2535372942653245
10.41	0.2542174435379001
10.42	0.24736334516999067
10.43	0.2600080789404896
10.44	0.24576506369187223
10.45	0.24313729850680565
10.46	0.2480659146114139
10.47	0.24389707074701472
10.48	0.2441527459926809
10.49	0.2312226532790392
10.5	0.25949693533647256
10.51	0.23539273632573673
10.52	0.2514323433119813
10.53	0.24500319293830056
10.54	0.24504515678277217
10.55	0.2529634696529059
10.56	0.25583902825238836
10.57	0.24968599415005166
10.58	0.24508132034387484
10.59	0.22822334457127938
10.6	0.2538591649219837
10.61	0.2582291124979739
10.62	0.24238056032668384
10.63	0.24909623795486335
10.64	0.2146287020342546
10.65	0.2390458801627135
10.66	0.25010928212166955
10.67	0.2364223631933475
10.68	0.25262169850667243
10.69	0.25140546552110643
10.7	0.2307170293618402
10.71	0.19757405251225718
10.72	0.2394503930267129
10.73	0.21684868241691135
10.74	0.21044209730096494
10.75	0.2225386604644368
10.76	0.21591863524343963
10.77	0.23266843743395163
10.78	0.22858212993301374
10.79	0.2372109092682173
10.8	0.21753679781695523
10.81	0.19992882844944568
10.82	0.21981535667299654
10.83	0.21158865260975854
10.84	0.22213786519411083
10.85	0.2010752946888018
10.86	0.21735954328354737
10.87	0.21809890828167894
10.88	0.20258259047794058
10.89	0.21250003233386835
10.9	0.19016672599087714
10.91	0.23098687076633878
10.92	0.22278662420752343
10.93	0.19119535714867847
10.94	0.21784939528604397
10.95	0.21298143552793583
10.96	0.19813019079142355
10.97	0.20339941217999918
10.98	0.2265162314820018
10.99	0.2166490382680461
11.0	0.20101109439877954
11.01	0.19235552610252835
11.02	0.20897131128777077
11.03	0.20708335079577223
11.04	0.22001290161911985
11.05	0.2254206364912244
11.06	0.21180953056340213
11.07	0.23093789282955643
11.08	0.2029186024161293
11.09	0.19990957486827735
11.1	0.21953449458697255
11.11	0.22007180375462743
11.12	0.19116571661249532
11.13	0.20235551593107318
11.14	0.21055119020140134
11.15	0.20199889997167927
11.16	0.22949395844715034
11.17	0.20483167910155756
11.18	0.22194790857715174
11.19	0.21689174022116778
11.2	0.20653812738376726
11.21	0.21244337439828184
11.22	0.22113918376389827
11.23	0.19832518060235485
11.24	0.22828740371033773
11.25	0.22324032971427615
11.26	0.22090060055159216
11.27	0.2279849812304521
11.28	0.21260845377034643
11.29	0.21566710286642887
11.3	0.2121524839371559
11.31	0.22110117351084768
11.32	0.2141259235893169
11.33	0.21721465075045202
11.34	0.23356434453279726
11.35	0.22585434212719743
11.36	0.20552877993843158
11.37	0.23578799096856587
11.38	0.2399496836790548
11.39	0.24253519341942073
11.4	0.23249770923943344
11.41	0.23242119624103694
11.42	0.23729079908822806
11.43	0.2380754184453378
11.44	0.25323335218510756
11.45	0.23166553379694768
11.46	0.23434124726380365
11.47	0.22376568459188045
11.48	0.23737115411049445
11.49	0.23066173754652036
11.5	0.23454845965693194
11.51	0.22329766242332108
11.52	0.26009074890733985
11.53	0.24280147159678472
11.54	0.23307251416634306
11.55	0.26979620264521154
11.56	0.2423684651202041
11.57	0.2668391376949137
11.58	0.24074376155309696
11.59	0.2398142788643095
11.6	0.2601720734047737
11.61	0.25282658756023724
11.62	0.24096643883850208
11.63	0.26047163344075264
11.64	0.23267987899333475
11.65	0.25901923070609073
11.66	0.24597287433836537
11.67	0.24397905986285687
11.68	0.2362292902607819
11.69	0.25430403401622614
11.7	0.2400264104209067
11.71	0.23742851233334075
11.72	0.23508945004462928
11.73	0.23933190829209608
11.74	0.2498607428667518
11.75	0.23980988811575404
11.76	0.23331893056639344
11.77	0.2428515612927636
11.78	0.23097267381421788
11.79	0.22975589410431782
11.8	0.23045568054053756
11.81	0.21895999466969726
11.82	0.22745589536556582
11.83	0.22375221616064192
11.84	0.2255603053537738
11.85	0.23902243861267347
11.86	0.2224865343248614
11.87	0.22475089475747026
11.88	0.1996186067779502
11.89	0.22192806939246165
11.9	0.20689296185594921
11.91	0.20661527897547632
11.92	0.22076021219241182
11.93	0.2176864866713021
11.94	0.21265392616672732
11.95	0.2112606615406567
11.96	0.2189176205124043
11.97	0.2128180488951434
11.98	0.2169019869687198
11.99	0.223101053745016
12.0	0.22416740951252084
12.01	0.20376402965711143
12.02	0.20700387094695613
12.03	0.20920679065183076
12.04	0.202315487843496
12.05	0.21658974433011607
12.06	0.19623140978667208
12.07	0.20981544080423048
12.08	0.20181483225480223
12.09	0.20921863987684575
12.1	0.20971704215257705
12.11	0.21535196284268399
12.12	0.2071819625849744
12.13	0.20907540812822728
12.14	0.21311055096365616
12.15	0.22096434769936824
12.16	0.21490490260018538
12.17	0.20643380891263657
12.18	0.20021976578462627
12.19	0.21420151724218284
12.2	0.19854553809440798
12.21	0.2315280745139274
12.22	0.19915173519430157
12.23	0.20444610846690547
12.24	0.2039653577399725
12.25	0.20868265278957177
12.26	0.22469650680383668
12.27	0.20680245299216557
12.28	0.20351965915068923
12.29	0.2020484987584266
12.3	0.2360442150815177
12.31	0.2189672857605772
12.32	0.2226349799469352
12.33	0.20660676560538163
12.34	0.21282413145004792
12.35	0.20696560761435073
12.36	0.219773995925409
12.37	0.21692559602115588
12.38	0.23218723832767368
12.39	0.2214042056692977
12.4	0.22242718448973756
12.41	0.22276985031036806
12.42	0.22906309161684543
12.43	0.24124200234929039
12.44	0.233049785728566
12.45	0.23651341918854707
12.46	0.22882326647506415
12.47	0.22558798525631704
12.48	0.22955868992628856
12.49	0.23744165334160458
12.5	0.22751360486817981
12.51	0.24497999288669486
12.52	0.23454706930715807
12.53	0.24778104115756197
12.54	0.23995134386448497
12.55	0.24369162796464616
12.56	0.25438032071411354
12.57	0.2531164392811982
12.58	0.25189976553241117
12.59	0.2475110243458243
12.6	0.24250012292344034
12.61	0.25736836651838724
12.62	0.25625377350318246
12.63	0.2433316094263479
12.64	0.24326881571674852
12.65	0.26565924083438885
12.66	0.2652754584737165
12.67	0.2532234774357422
12.68	0.24242273749775317
12.69	0.26408335839394903
12.7	0.26529456717787453
12.71	0.25023793376705233
12.72	0.25077200646180736
12.73	0.2420308083066851
12.74	0.2728502029213285
12.75	0.24500344163572235
12.76	0.25007374131513954
12.77	0.2598452886258531
12.78	0.25282538696335544
12.79	0.26422996698849793
12.8	0.2555888183797574
12.81	0.23272194561740725
12.82	0.2481501526784528
12.83	0.2373486898642914
12.84	0.2442601193263812
12.85	0.24299007817424972
12.86	0.23311898996471653
12.87	0.23363713158437777
12.88	0.23554211426765578
12.89	0.23805137603123777
12.9	0.23710914705675143
12.91	0.24060493406912314
12.92	0.22530490224471372
12.93	0.24466611925849083
12.94	0.23874743670052845
12.95	0.24204903005435463
12.96	0.2486258854775188
12.97	0.2405133263520947
12.98	0.23908694194521019
12.99	0.24525804705269075
13.0	0.23292582354064992
13.01	0.23288331356061845
13.02	0.22952027415108942
13.03	0.21817105285307004
13.04	0.23403243086557435
13.05	0.23228121179969657
13.06	0.21847745798336976
13.07	0.22020379937504267
13.08	0.2180652989160516
13.09	0.22745966031969514
13.1	0.1960368544480318
13.11	0.21991661351573322
13.12	0.21923690683964872
13.13	0.22006124698877455
13.14	0.22565651468254255
13.15	0.22484179052285827
13.16	0.21331427953939358
13.17	0.2116058256692581
13.18	0.21010755932225958
13.19	0.22151568999342505
13.2	0.19918949767212688
13.21	0.21201947374013932
13.22	0.2097324027850082
13.23	0.20765175491042434
13.24	0.20334221111926762
13.25	0.21945593578081876
13.26	0.21175184437285804
13.27	0.19176083518261225
13.28	0.20697155920849494
13.29	0.20232203587344713
13.3	0.21755290270160407
13.31	0.21166323762980166
13.32	0.20555980616512082
13.33	0.2134069281841932
13.34	0.20634558745726597
13.35	0.2142583333801941
13.36	0.19842477495589134
13.37	0.2166498943205589
13.38	0.22083128353208956
13.39	0.20978907976648176
13.4	0.20865410924725394
13.41	0.215885440148308
13.42	0.208264734747457
13.43	0.20050511557988956
13.44	0.20326580568704716
13.45	0.21048813349091786
13.46	0.20616989150373416
13.47	0.21121065959546245
13.48	0.20452430213737194
13.49	0.20959888500183071
13.5	0.220570447725396
13.51	0.2108957120059719
13.52	0.20820133065600144
13.53	0.21367816884851182
13.54	0.2106489393222608
13.55	0.22515052225035784
13.56	0.21928278954713223
13.57	0.2305055037830498
13.58	0.22699576303143174
13.59	0.2334630927754811
13.6	0.2368687497057836
13.61	0.21714958464062153
13.62	0.22034082069917862
13.63	0.22708965520944632
13.64	0.2148765951315882
13.65	0.21569819881320118
13.66	0.23531987262038437
13.67	0.2469543072782667
13.68	0.22197580001568143
13.69	0.23791604737743452
13.7	0.22946146602422438
13.71	0.2486457808454918
13.72	0.24409307733569935
13.73	0.2252585608599645
13.74	0.24743636872201838
13.75	0.2392336877516404
13.76	0.22314790026921508
13.77	0.2452803516293742
13.78	0.24552959471319158
13.79	0.24069633344357338
13.8	0.24772374454920892
13.81	0.24035044612213502
13.82	0.22855879060500653
13.83	0.2320901759934953
13.84	0.25195080018998306
13.85	0.24031598423254832
13.86	0.23602046763655793
13.87	0.24214580521756354
13.88	0.2444703079832756
13.89	0.2178669849153783
13.9	0.24349644897710418
13.91	0.24764775454324436
13.92	0.2605257144276275
13.93	0.23918627663455064
13.94	0.24433341068442466
13.95	0.2409764212435112
13.96	0.23560865488070792
13.97	0.23689699223733918
13.98	0.22977178615302993
13.99	0.23134363680169667
14.0	0.23205239774126857
14.01	0.22798796288348458
14.02	0.22732329851043756
14.03	0.22799091805770993
14.04	0.21766333101614435
14.05	0.2172728254853019
14.06	0.24419742920863519
14.07	0.24309152059286127
14.08	0.23950160670880577
14.09	0.21288082583301746
14.1	0.24271570493909367
14.11	0.22251669752982287
14.12	0.22119878335008772
14.13	0.23596075561000437
14.14	0.23436963715854658
14.15	0.22996724674686778
14.16	0.20584600063203232
14.17	0.22113260915672017
14.18	0.23204541083257452
14.19	0.21505792932609874
14.2	0.20995569490903257
14.21	0.2328856468806112
14.22	0.20923650717286812
14.23	0.22535870436661615
14.24	0.21263426696533017
14.25	0.2177248164930553
14.26	0.22430575602413147
14.27	0.20392225609759132
14.28	0.20734959517056073
14.29	0.22836625886128878
14.3	0.2149847521050111
14.31	0.20647389855584217
14.32	0.20590483810147286
14.33	0.20679429841520217
14.34	0.19687221421374543
14.35	0.2120671097816361
14.36	0.2249520455949241
14.37	0.2071035331765924
14.38	0.18796704432319736
14.39	0.20801861314047304
14.4	0.20958316015404505
14.41	0.21443915354546703
14.42	0.21504413474552717
14.43	0.1942428344858576
14.44	0.20717322771862706
14.45	0.21466033003698942
14.46	0.21017212902077356
14.47	0.20149929717717802
14.48	0.19740836701877632
14.49	0.2188827478326648
14.5	0.20096754081242887
14.51	0.19838988951322756
14.52	0.21055836497039487
14.53	0.2024997138172801
14.54	0.1992865851642976
14.55	0.1995768322462205
14.56	0.20966395846789646
14.57	0.19947308846244713
14.58	0.19244615715594368
14.59	0.19549333531329943
14.6	0.2172913020040877
14.61	0.20840738310630572
14.62	0.21913705502455408
14.63	0.2102807524925948
14.64	0.2046419913115943
14.65	0.2219777556749028
14.66	0.21274619281702284
14.67	0.21600430101006748
14.68	0.20549349749812867
14.69	0.23174994641727711
14.7	0.21395550124741838
14.71	0.22378441305902136
14.72	0.21935155673292128
14.73	0.22737415361669047
14.74	0.23465901433237765
14.75	0.21850863816038538
14.76	0.2162918291914821
14.77	0.2238477986656375
14.78	0.2266262273659582
14.79	0.22432292590549918
14.8	0.2178600117013537
14.81	0.20941542863918416
14.82	0.23463512269791356
14.83	0.24333036264410693
14.84	0.2323706526752379
14.85	0.22956007779005932
14.86	0.23521223542638914
14.87	0.2322748280627039
14.88	0.22203200385175806
14.89	0.2508083076813252
14.9	0.20889734226845028
14.91	0.23198978552748056
14.92	0.23787760036831174
14.93	0.23435872544599431
14.94	0.2342003122096881
14.95	0.21902705582248067
14.96	0.22728324250923498
14.97	0.24224976576295798
14.98	0.2403878716346349
14.99	0.2530948901467251
15.0	0.22428763171114835
15.01	0.22904427035459213
15.02	0.22628429956457477
15.03	0.25290012059796557
15.04	0.23427862160344304
15.05	0.23005630173070107
15.06	0.24152848077405717
15.07	0.21660680452129347
15.08	0.23575617074635347
15.09	0.21884050350913703
15.1	0.2378337692984266
15.11	0.22731510932491444
15.12	0.2403776886621715
15.13	0.2267171865575223
15.14	0.23282894240837781
15.15	0.23975010134743813
15.16	0.2198618796160569
15.17	0.24094578152957827
15.18	0.2363907289743755
15.19	0.2242261705180469
15.2	0.242210722223127
15.21	0.22988906941052506
15.22	0.2509409946720805
15.23	0.23096578042977667
15.24	0.2325942022700418
15.25	0.23898037643806322
15.26	0.2370547812835036
15.27	0.22980359146003645
15.28	0.2471990155125177
15.29	0.229278013439069
15.3	0.2352813455200501
15.31	0.2346101068172662
15.32	0.2531175951835153
15.33	0.23632064996474514
15.34	0.24525395118757648
15.35	0.24220649621472146
15.36	0.25242157077369687
15.37	0.21931065836428107
15.38	0.24033232191401788
15.39	0.24215681798818917
15.4	0.2579848238119602
15.41	0.24137368180115182
15.42	0.24490837031245216
15.43	0.24048621475118984
15.44	0.22920539493487377
15.45	0.24642704704252924
15.46	0.24804115112831077
15.47	0.23952978763571198
15.48	0.2344288142467972
15.49	0.23086895396940812
15.5	0.24319753647380368
15.51	0.22059852030984603
15.52	0.2233968310414664
15.53	0.20757967638436334
15.54	0.22153997414630747
15.55	0.213756482949207
15.56	0.23326184364972863
15.57	0.21023473548181465
15.58	0.21858985173021248
15.59	0.21526463369092905
15.6	0.22207449496055023
15.61	0.22395043847859206
15.62	0.22122663873847825
15.63	0.19768220282920115
15.64	0.24039354559239423
15.65	0.21756804309516223
15.66	0.20592038888376654
15.67	0.22437227484112252
15.68	0.2044076759511333
15.69	0.20178669153198342
15.7	0.20330375509318035
15.71	0.1960099087653236
15.72	0.204122800428087
15.73	0.20161569868032964
15.74	0.21542705480281604
15.75	0.20958188165572855
15.76	0.1985468798348748
15.77	0.2032573197221719
15.78	0.19788656737269403
15.79	0.20851037936497413
15.8	0.1958725110397661
15.81	0.19846385877729053
15.82	0.2105275364568557
15.83	0.2048484017739573
15.84	0.20077604805730823
15.85	0.20905949848362065
15.86	0.20442331039521763
15.87	0.2026908746883701
15.88	0.20627441273479144
15.89	0.19508838828984326
15.9	0.21483390557991724
15.91	0.1926333619250087
15.92	0.17660623271385054
15.93	0.19504306636840807
15.94	0.20085727126423686
15.95	0.20761291557767675
15.96	0.21921426189868232
15.97	0.21292575302429806
15.98	0.2035963021695327
15.99	0.20183752176511552
16.0	0.21035325693758403
16.01	0.21865495614961342
16.02	0.2180057839116496
16.03	0.22361506284514088
16.04	0.22192469025256925
16.05	0.2046625695322352
16.06	0.21130469837048377
16.07	0.23838458435984702
16.08	0.2312056305104553
16.09	0.22518311409922678
16.1	0.20540611740194725
16.11	0.21630788580343985
16.12	0.22171281097594056
16.13	0.2160925273736521
16.14	0.24388504135272973
16.15	0.21413616709159886
16.16	0.22883990798369894
16.17	0.20127925889897355
16.18	0.234454281468676
16.19	0.2160124912197109
16.2	0.24298095185516305
16.21	0.21741278719952573
16.22	0.22661963547575711
16.23	0.24202228269044274
16.24	0.23900426192924756
16.25	0.22102089135377553
16.26	0.24591113032130582
16.27	0.2444621534651646
16.28	0.22745644034006507
16.29	0.24075216471475197
16.3	0.23077295278913101
16.31	0.23277029533708585
16.32	0.2392930570971582
16.33	0.24624938764692178
16.34	0.22901732531016236
16.35	0.24352406070567525
16.36	0.2236955367616812
16.37	0.247267276606831
16.38	0.25935477348078545
16.39	0.2239523114164786
16.4	0.24195954669688313
16.41	0.2234637838985968
16.42	0.2325837029300312
16.43	0.23383101328096667
16.44	0.24158464815444083
16.45	0.22610670012101122
16.46	0.21786350848191413
16.47	0.21686181287110376
16.48	0.22910800406886844
16.49	0.24836000662075294
16.5	0.23112892034014662
16.51	0.23626886081478385
16.52	0.2361851258046816
16.53	0.22495024253660822
16.54	0.23836166025454347
16.55	0.22706158131686335
16.56	0.2248279573641878
16.57	0.215074804704247
16.58	0.21964600170849674
16.59	0.23077317161550717
16.6	0.21319070747874297
16.61	0.22248331598886348
16.62	0.22412517643251711
16.63	0.21733565301055272
16.64	0.23584078940957054
16.65	0.21742814488452178
16.66	0.20858295253732032
16.67	0.20650494538226097
16.68	0.23332732869717282
16.69	0.20536781680250293
16.7	0.22150434236652453
16.71	0.21239594876267726
16.72	0.23191521399230927
16.73	0.22257585281133524
16.74	0.19952488002662427
16.75	0.2113375508451809
16.76	0.21725712384090623
16.77	0.2190067175386138
16.78	0.2059700637728576
16.79	0.2074688402146146
16.8	0.20308031696098544
16.81	0.2182170124863785
16.82	0.2073654861111237
16.83	0.2033670830260488
16.84	0.2141394490631599
16.85	0.21787054249639792
16.86	0.20602863259383603
16.87	0.20698187357592132
16.88	0.21889698168443503
16.89	0.2096535423301293
16.9	0.19069727658616667
16.91	0.19809593012443305
16.92	0.19026791086881065
16.93	0.19221226539544534
16.94	0.22208145076334035
16.95	0.2169060900296913
16.96	0.2045001533950805
16.97	0.21084695010118706
16.98	0.184586580054146
16.99	0.20645359338884411
17.0	0.20591833231175227
17.01	0.2017932214026766
17.02	0.22226483944032066
17.03	0.19653740881948523
17.04	0.1898671791607095
17.05	0.2120466221040072
17.06	0.185795876933855
17.07	0.20554395533666703
17.08	0.19863210184823188
17.09	0.20318491200482175
17.1	0.2061210829076087
17.11	0.2195897351412525
17.12	0.23438620624658102
17.13	0.21310914103892298
17.14	0.22484804112647847
17.15	0.2020573312179515
17.16	0.24339110597146676
17.17	0.23432397273502556
17.18	0.2161869425848832
17.19	0.208990745466867
17.2	0.22891299862047673
17.21	0.22236802288780647
17.22	0.2165876480748262
17.23	0.23709581375598987
17.24	0.2185620973677918
17.25	0.22057718699340056
17.26	0.22329058959843634
17.27	0.22079967281230398
17.28	0.22564727635117
17.29	0.23069156652251283
17.3	0.23575334537409395
17.31	0.2448426805073154
17.32	0.22916835924235765
17.33	0.22691767239648417
17.34	0.2532656514497434
17.35	0.23411303567874867
17.36	0.23306636841759498
17.37	0.2347740191210636
17.38	0.24003881269197536
17.39	0.23282328806440844
17.4	0.22714759253458497
17.41	0.2563935112687522
17.42	0.2404196045378251
17.43	0.2171686728586336
17.44	0.24388142617779723
17.45	0.21887260536493158
17.46	0.2376362727047554
17.47	0.26181543331541063
17.48	0.24052302327484548
17.49	0.23641131329932408
17.5	0.22701021134302282
17.51	0.20512926738957832
17.52	0.24134500702157813
17.53	0.23852293732861332
17.54	0.21847836727435774
17.55	0.22689144683925339
17.56	0.21302559470329244
17.57	0.24077329036435524
17.58	0.2347268571941224
17.59	0.21414659399955543
17.6	0.22151164394787315
17.61	0.239252351945966
17.62	0.22832305043752874
17.63	0.2186068452170139
17.64	0.2387982370037372
17.65	0.2415524610507868
17.66	0.24433594180912505
17.67	0.21031218065684182
17.68	0.2563131852934466
17.69	0.22510050763344427
17.7	0.21683125928655939
17.71	0.20771675268422535
17.72	0.22539924224376873
17.73	0.23066160058700275
17.74	0.22671737702868408
17.75	0.20684014890945482
17.76	0.2214665492216096
17.77	0.22562637214328496
17.78	0.23742109764609606
17.79	0.21730896442933867
17.8	0.2136415895190404
17.81	0.21609463470309148
17.82	0.20455405536406276
17.83	0.2128332272817865
17.84	0.2078813629881522
17.85	0.2211907236874504
17.86	0.21386789397303885
17.87	0.21614245112359073
17.88	0.21332779523025364
17.89	0.21654108813395745
17.9	0.2209659683375908
17.91	0.20160277456230988
17.92	0.21557741941060515
17.93	0.22209234380938075
17.94	0.23234222371623325
17.95	0.20393163538171055
17.96	0.21675735827237094
17.97	0.22691167320502137
17.98	0.22167595494934164
17.99	0.2020679785944487
18.0	0.20075626092534432
18.01	0.2077272039526542
18.02	0.20859381580103367
18.03	0.21257496983343968
18.04	0.2043853453371436
18.05	0.21485363441322844
18.06	0.21464678061609835
18.07	0.19896883614162683
18.08	0.22189600601924717
18.09	0.2001537910687577
18.1	0.21350951312302882
18.11	0.19826480470585028
18.12	0.2056948659442507
18.13	0.19523730616794466
18.14	0.18470794265305313
18.15	0.19571641214949081
18.16	0.21529316934773907
18.17	0.2027745316309278
18.18	0.21033167127808522
18.19	0.1931155930428097
18.2	0.20003951105898468
18.21	0.21054539368116992
18.22	0.20564014344351572
18.23	0.22311226337125345
18.24	0.2161464281013983
18.25	0.20955624841485812
18.26	0.21654882490530722
18.27	0.21670504472526578
18.28	0.2227445914152622
18.29	0.2101068120675675
18.3	0.2435062196385158
18.31	0.2248070542072515
18.32	0.210174358047936
18.33	0.23078097280119647
18.34	0.21599245278576104
18.35	0.21925010287042346
18.36	0.21469426473477696
18.37	0.22389622097575423
18.38	0.22291035178375346
18.39	0.23340632350363286
18.4	0.24414987307474217
18.41	0.2340923418957026
18.42	0.2330680095243083
18.43	0.20998033165706753
18.44	0.2467376816169609
18.45	0.22098385379705554
18.46	0.24937499773281152
18.47	0.22233776280125392
18.48	0.23536316093948131
18.49	0.2169860531494395
18.5	0.2393921546123102
18.51	0.24193644186966143
18.52	0.23287658141774287
18.53	0.24979938380890657
18.54	0.22786911710074245
18.55	0.24411427211517014
18.56	0.23744060326124358
18.57	0.23251008705068282
18.58	0.23050967248993814
18.59	0.24336946973424065
18.6	0.23950270743245292
18.61	0.23026496064094865
18.62	0.24334698976218333
18.63	0.22767941147716195
18.64	0.24760572202300823
18.65	0.2468940370719448
18.66	0.23723593319276576
18.67	0.23304917500530128
18.68	0.23283524548964052
18.69	0.24073377456733414
18.7	0.24447998407161803
18.71	0.22023976211545215
18.72	0.22432687824807157
18.73	0.2296853577787835
18.74	0.2233913001839668
18.75	0.24206074070635164
18.76	0.2293327104221547
18.77	0.23554582517909275
18.78	0.21761766474884323
18.79	0.21774034386213154
18.8	0.2175325621183771
18.81	0.23802216668368048
18.82	0.23509368357299515
18.83	0.2250774978197426
18.84	0.21989986986477716
18.85	0.2424106380199424
18.86	0.22565486927313286
18.87	0.22569510885779717
18.88	0.21479402563822717
18.89	0.21171404047484102
18.9	0.22594207524302048
18.91	0.2132980396709487
18.92	0.22626806308072148
18.93	0.21492710417708752
18.94	0.22694465981199582
18.95	0.22247752501272935
18.96	0.202140579285149
18.97	0.2052105750164182
18.98	0.21794861111063157
18.99	0.22088453273536687
19.0	0.20992273726807129
19.01	0.23132892776194458
19.02	0.20974778306130704
19.03	0.19887392329804862
19.04	0.2136388501982953
19.05	0.22512322101609872
19.06	0.2151691856766166
19.07	0.19910078468204764
19.08	0.20604790847723303
19.09	0.19330478025637657
19.1	0.19469690875442625
19.11	0.215270962243868
19.12	0.21793243135930174
19.13	0.20514226354979634
19.14	0.22270622044206606
19.15	0.19049042257918697
19.16	0.20547640576647525
19.17	0.2202195687427499
19.18	0.1994137958677815
19.19	0.1947664009727172
19.2	0.19166413151290665
19.21	0.21593951973745823
19.22	0.20709822327916746
19.23	0.22825212622457544
19.24	0.19772265350099028
19.25	0.2013191145840861
19.26	0.208888732054296
19.27	0.21370764500127845
19.28	0.1896241186822442
19.29	0.20490533404836497
19.3	0.1976094581738828
19.31	0.20604517042127113
19.32	0.2038661767833431
19.33	0.18355603160490344
19.34	0.19664737069820332
19.35	0.20144992427152056
19.36	0.20276769516414822
19.37	0.23053398112382525
19.38	0.23311681875332335
19.39	0.20551694903995107
19.4	0.20620568658439536
19.41	0.2101563712884413
19.42	0.21739714387595352
19.43	0.20147111109551624
19.44	0.19608710661790824
19.45	0.21747730266427132
19.46	0.22294029197989798
19.47	0.24890830488058122
19.48	0.21303012253939682
19.49	0.22213224599181336
19.5	0.22971973060835307
19.51	0.22943564665598853
19.52	0.2390584718479214
19.53	0.228553517977498
19.54	0.2436056158418356
19.55	0.23593992936160735
19.56	0.23449439478684916
19.57	0.24445983931514562
19.58	0.23835821826243914
19.59	0.22010586698304113
19.6	0.2345430496507972
19.61	0.22747728891552252
19.62	0.24776168649113825
19.63	0.22961231693024253
19.64	0.23414685164315052
19.65	0.23675386843810958
19.66	0.23547783270210726
19.67	0.2306728430726768
19.68	0.23989589244476975
19.69	0.23815542365626668
19.7	0.23086191243564724
19.71	0.22205934001190208
19.72	0.23755558420145154
19.73	0.22526855508936952
19.74	0.24798837463667284
19.75	0.22588439949732125
19.76	0.22149735831054612
19.77	0.2406967577851188
19.78	0.2556533537635854
19.79	0.2114577740471691
19.8	0.24978880854064334
19.81	0.2543180897968616
19.82	0.2304785222541754
19.83	0.23266585569899534
19.84	0.23807193637463114
19.85	0.22785819553159728
19.86	0.2306038694098113
19.87	0.24753313545704111
19.88	0.23500353088057527
19.89	0.23929325660209833
19.9	0.2424952091587707
19.91	0.23392217020082773
19.92	0.22075632832990116
19.93	0.2452943774894469
19.94	0.22347961152759477
19.95	0.2265043384127576
19.96	0.22262204980736092
19.97	0.24027327304642773
19.98	0.23669713247831545
19.99	0.22756821547425551
20.0	0.23072559463464337
20.01	0.2318617427903464
20.02	0.22802079402737616
20.03	0.21504805893709686
20.04	0.21687242532013384
20.05	0.23406474320511858
20.06	0.22348484415817962
20.07	0.220765121143554
20.08	0.22729743898501742
20.09	0.21428294828046252
20.1	0.2328673473008064
20.11	0.23182596467229422
20.12	0.202112857342755
20.13	0.20892525846756024
20.14	0.20541620193199578
20.15	0.2215064191497975
20.16	0.20649574234622006
20.17	0.21039359151999024
20.18	0.20567023330559756
20.19	0.209164698911543
20.2	0.1937424644808832
20.21	0.1942671037881557
20.22	0.20941364127282272
20.23	0.20470511067200634
20.24	0.2105583856431331
20.25	0.21228742958016947
20.26	0.22559422306936422
20.27	0.2044544978927454
20.28	0.19268145621399513
20.29	0.2156762472457592
20.3	0.22229315279117695
20.31	0.20400204941501474
20.32	0.19032451556178442
20.33	0.18551455509481377
20.34	0.2033738716368099
20.35	0.20152498563403054
20.36	0.21379916475343835
20.37	0.21860428194258394
20.38	0.19766845781663483
20.39	0.20376812382267379
20.4	0.19358640306003932
20.41	0.20266101216356286
20.42	0.20819416976133517
20.43	0.2075128448483395
20.44	0.20865465610319558
20.45	0.22180296220257947
20.46	0.21366349983466226
20.47	0.19324548540523656
20.48	0.18079711152141248
20.49	0.20370790835452457
20.5	0.22201279696319132
20.51	0.2015356811021537
20.52	0.2051625831171326
20.53	0.22402449272742883
20.54	0.19761119858044246
20.55	0.20822227841265192
20.56	0.20980395358246062
20.57	0.2138451699421224
20.58	0.2071664412140489
20.59	0.2303095073244512
20.6	0.22420168692950085
20.61	0.224869625926862
20.62	0.20170188447527698
20.63	0.21715968600220617
20.64	0.20506846159906006
20.65	0.21321375218780378
20.66	0.2200462679512794
20.67	0.22688628937639438
20.68	0.240616696679461
20.69	0.22150637550992452
20.7	0.25424052575177336
20.71	0.2463183045552683
20.72	0.22176007743029846
20.73	0.23056649530294224
20.74	0.23513671725239285
20.75	0.26059508781919694
20.76	0.25415596640777427
20.77	0.2289851562226565
20.78	0.2303936274644155
20.79	0.2304092004858157
20.8	0.24064906297530345
20.81	0.2284830246181828
20.82	0.23077882141344572
20.83	0.2449160076640855
20.84	0.23459267706942044
20.85	0.23519806702639334
20.86	0.22973946338076262
20.87	0.2366217986693584
20.88	0.2474290037558574
20.89	0.23683270306330578
20.9	0.24262455382409717
20.91	0.24762802677867266
20.92	0.23887187146150837
20.93	0.22188521562002447
20.94	0.22784191250303798
20.95	0.23474593586843484
20.96	0.23858317644166024
20.97	0.23761085561405307
20.98	0.22844354532237746
20.99	0.2587964263190778
21.0	0.23428906842851524
21.01	0.24394671925409067
21.02	0.2386912721149347
21.03	0.23938541034761376
21.04	0.24317746646368815
21.05	0.23996102341964043
21.06	0.23869882074604834
21.07	0.2351492454551099
21.08	0.2169602812413176
21.09	0.230850749879489
21.1	0.23500356194337743
21.11	0.22057637872532845
21.12	0.22633240788480394
21.13	0.23536885154035506
21.14	0.23386768110486342
21.15	0.22788170335021776
21.16	0.22378192595695565
21.17	0.2090433366178142
21.18	0.2292804009352169
21.19	0.2355555295236501
21.2	0.2134456000425763
21.21	0.2047059834313071
21.22	0.20741399908642735
21.23	0.21770685070561718
21.24	0.22328273395129875
21.25	0.2082767873200688
21.26	0.20990186188596094
21.27	0.2265351136142838
21.28	0.20295191847124516
21.29	0.2133052544212168
21.3	0.19705126490016855
21.31	0.2005296501744366
21.32	0.19748293075585596
21.33	0.2026050630965695
21.34	0.2205235922283694
21.35	0.20624213499508467
21.36	0.19683501255836397
21.37	0.2067679028517665
21.38	0.20926748864066042
21.39	0.21560245924152538
21.4	0.1991563841497336
21.41	0.2050923231380674
21.42	0.21331894951647226
21.43	0.19156912703313927
21.44	0.18861680443764633
21.45	0.19382253268854407
21.46	0.21865663441385577
21.47	0.1926533669937279
21.48	0.2057544550691382
21.49	0.18656419767554067
21.5	0.2070793377861442
21.51	0.1986357934940966
21.52	0.20250872375104903
21.53	0.20432551983144973
21.54	0.20987533055134527
21.55	0.19739541361604365
21.56	0.21829437794099854
21.57	0.19954325431260295
21.58	0.2076937611108547
21.59	0.2068912336247923
21.6	0.19911037995768655
21.61	0.20529301564403
21.62	0.22133069961724067
21.63	0.22340801827010437
21.64	0.20801692822764772
21.65	0.19786130243678407
21.66	0.21107860496379358
21.67	0.2103074213619091
21.68	0.20986140510040618
21.69	0.20903843635323358
21.7	0.21994534860849155
21.71	0.20941877276419849
21.72	0.20884286696587406
21.73	0.20800467876552178
21.74	0.23984736229353265
21.75	0.22434740456338303
21.76	0.22286752152154427
21.77	0.21668021162407
21.78	0.21468267715886735
21.79	0.21556478024895526
21.8	0.2215482825015853
21.81	0.2155189492501957
21.82	0.23053226693059659
21.83	0.223086572707869
21.84	0.21650819872169677
21.85	0.24108905830862484
21.86	0.240004150771936
21.87	0.24600076875027962
21.88	0.25114190739482223
21.89	0.2353751175791436
21.9	0.23590456618069833
21.91	0.23305986714550805
21.92	0.23270884100823364
21.93	0.24274456721567822
21.94	0.24834165027721464
21.95	0.256483421267455
21.96	0.24031344241729707
21.97	0.24734945808133826
21.98	0.23712236385550542
21.99	0.2321194303613582
22.0	0.23988124229981111
