10.01	0.760107008714235
10.02	0.5169182023640305
10.03	0.7540508436172495
10.04	0.6089043693492919
10.05	0.7650953684939563
10.06	0.7409394426072415
10.07	0.5125890262141012
10.08	0.6324222157283577
10.09	0.49844231882745493
10.1	0.5032855345173596
10.11	0.49486839703955177
10.12	0.5042683323526703
10.13	0.49019019713405626
10.14	0.4971263935647743
10.15	0.518337593561795
10.16	0.7718036405606024
10.17	0.5085914201914244
10.18	0.38549747806729384
10.19	0.7662256227046528
10.2	0.519958849416944
10.21	0.5075758167857151
10.22	0.7450107161589844
10.23	0.11877987731012332
10.24	0.6361197042318041
10.25	0.754889630561638
10.26	0.7504001367630618
10.27	0.7458672923266654
10.28	0.7709680253561207
10.29	0.7489815362580057
10.3	0.487488257137967
10.31	0.49570124091098766
10.32	0.4982501770076458
10.33	0.7595479729064876
10.34	0.49540939085025776
10.35	0.3762688119108048
10.36	0.743240176634147
10.37	0.6228615573631928
10.38	0.6338423924887426
10.39	0.6221576721757911
10.4	0.12493721080483633
10.41	0.7466862099310374
10.42	0.48369918646448457
10.43	0.7538839293778306
10.44	0.7561843622769208
10.45	0.6177916337526342
10.46	0.7653677846394927
10.47	0.7413339021724022
10.48	0.49785552475013606
10.49	0.6082650958357443
10.5	0.12596158760810935
10.51	0.5018813370527425
10.52	0.6304547205999841
10.53	0.6219428014038452
10.54	0.5093320205649522
10.55	0.49913712588248277
10.56	0.5142216558873837
10.57	0.761460861979751
10.58	0.49683615004973397
10.59	0.5008967776988955
10.6	0.7607146135311079
10.61	0.5045425486081266
10.62	0.36886319028296966
10.63	0.7400822715079599
10.64	0.5016749046863965
10.65	0.7580837466703502
10.66	0.4925752176863335
10.67	0.7421335002985936
10.68	0.4915470492862036
10.69	0.6277269459313687
10.7	0.3807832254860488
10.71	0.5146269070628653
10.72	0.623125482083109
10.73	0.49478205364220523
10.74	0.4991663500285663
10.75	0.5173600106064571
10.76	0.11408097810268207
10.77	0.5133263595487646
10.78	0.5016677265327881
10.79	0.7464887952994418
10.8	0.49605854593261245
10.81	0.4986309663437374
10.82	0.749183177728067
10.83	0.49957981560875186
10.84	0.49236083049667384
10.85	0.5214608135274963
10.86	0.3857512931961022
10.87	0.3671879035624489
10.88	0.756356981987046
10.89	0.7564464169556148
10.9	0.5020578194795424
10.91	0.3564228594391584
10.92	0.49560457838262184
10.93	0.484718990001482
10.94	0.4919026472603786
10.95	0.7438746757348662
10.96	0.1195204275769865
10.97	0.4962025929346321
10.98	0.7532806724281422
10.99	0.6096740592807797
11.0	0.5135128052374245
11.01	0.7376094908570474
11.02	0.7530144027692081
11.03	0.5009383829917478
11.04	0.4880166886864552
11.05	0.13434070752668367
11.06	0.10627505994025652
11.07	0.14505109257403792
11.08	0.49880523569422736
11.09	0.6306260581291792
11.1	0.14212485153679463
11.11	0.4918691813213254
11.12	0.5077364194603642
11.13	0.650786411941148
11.14	0.5042667434301676
11.15	0.4896817723143978
11.16	0.4941982144077062
11.17	0.3823206089755479
11.18	0.6330210565140195
11.19	0.4872223234224839
11.2	0.49799082345068524
11.21	0.7451744205579872
11.22	0.497887214600018
11.23	0.6419207538012405
11.24	0.4986092733536872
11.25	0.12352859052533484
11.26	0.7464626826464466
11.27	0.5006881819596974
11.28	0.7794070924833202
11.29	0.3732940570826686
11.3	0.37510945312270455
11.31	0.5094501115760508
11.32	0.5056654824782325
11.33	0.7516802769500086
11.34	0.6392472218785357
11.35	0.5063318439625931
11.36	0.2547243329884667
11.37	0.35840226573220524
11.38	0.4938947444623996
11.39	0.37307702452349323
11.4	0.3653798051134155
11.41	0.11516782875357778
11.42	0.13339427620341854
11.43	0.4997092245910041
11.44	0.5005000303265652
11.45	0.7337668403529297
11.46	0.7454255665678784
11.47	0.11890526410407258
11.48	0.7446022978761906
11.49	0.49310327721796887
11.5	0.489871928481891
11.51	0.13680354332425787
11.52	0.11990472709839484
11.53	0.11013209495076946
11.54	0.14404357947656588
11.55	0.5037018917451559
11.56	0.14351603891655748
11.57	0.4872504732042665
11.58	0.3740709367302723
11.59	0.4967396842802321
11.6	0.1446913963820035
11.61	0.5042030801437712
11.62	0.5059351544453857
11.63	0.5202639562955744
11.64	0.13776381780674365
11.65	0.7524673164052386
11.66	0.13904459190391977
11.67	0.376381389784521
11.68	0.4983295163725473
11.69	0.5094400088737161
11.7	0.11373317463882948
11.71	0.7613763173791416
11.72	0.7556852910149582
11.73	0.49745874193986794
11.74	0.1387674714388003
11.75	0.4963709958358609
11.76	0.1238902803488978
11.77	0.5013136445817509
11.78	0.11744396882302435
11.79	0.12097486382036637
11.8	0.12833627393850924
11.81	0.35871311961826036
11.82	0.5048376616010116
11.83	0.3711682261091376
11.84	0.37799824151081973
11.85	0.48634045683328014
11.86	0.3698483223511671
11.87	0.12286083816779504
11.88	0.14151420927092392
11.89	0.5131535413140449
11.9	0.12842499171033686
11.91	0.10175900054924132
11.92	0.37742376074019107
11.93	0.13604346019627322
11.94	0.39056605669846084
11.95	0.3788127747981023
11.96	0.4897175144907619
11.97	0.5092801028977827
11.98	0.37417679573526047
11.99	0.37656101690068505
12.0	0.4965880943447952
12.01	0.380594870942295
12.02	0.11564017119399908
12.03	0.617780146270528
12.04	0.38136812639356993
12.05	0.12098612537625003
12.06	0.12355191507007054
12.07	0.1296882526694107
12.08	0.111165284990843
12.09	0.13054895604026914
12.1	0.14273134905180396
12.11	0.4957335146188065
12.12	0.12838586226312426
12.13	0.11969300961981294
12.14	0.3677238080415814
12.15	0.12634628394091632
12.16	0.502412899032975
12.17	0.1375187243241184
12.18	0.3889122542358227
12.19	0.1128227222450615
12.2	0.3714458191140608
12.21	0.37820920702953764
12.22	0.1361409454836155
12.23	0.12271883848478815
12.24	0.11590769980587771
12.25	0.1366711741670786
12.26	0.11498889398121895
12.27	0.12968244369338752
12.28	0.12833637126554473
12.29	0.13681076729773275
12.3	0.12812857459066151
12.31	0.14583752989702953
12.32	0.12052164181900714
12.33	0.10253395394326012
12.34	0.37239959792556243
12.35	0.11693283078600758
12.36	0.13586701971485113
12.37	0.49714990028730555
12.38	0.3704575112612407
12.39	0.1282350461636663
12.4	0.13057640852770294
12.41	0.13078300331138934
12.42	0.11820371212859353
12.43	0.11700188885260399
12.44	0.5008665792159416
12.45	0.12873483280305473
12.46	0.1092731725413052
12.47	0.14013410312423816
12.48	0.1269836078986373
12.49	0.1155345917548679
12.5	0.12961563954560748
12.51	0.11503407720642785
12.52	0.1338913453342362
12.53	0.12097764935905699
12.54	0.11726956457022555
12.55	0.10979733466202467
12.56	0.13009172804338717
12.57	0.12545350029442337
12.58	0.13327466679324115
12.59	0.3851462292687137
12.6	0.37475034833195014
12.61	0.13314638212940944
12.62	0.118971226158367
12.63	0.3564852484861126
12.64	0.1080569531423114
12.65	0.135327918674907
12.66	0.3807111804831437
12.67	0.390373182484646
12.68	0.25358937205173493
12.69	0.13745179969197205
12.7	0.14593039942520095
12.71	0.1274790299639124
12.72	0.1488293113921526
12.73	0.4925429213456692
12.74	0.13737126735127597
12.75	0.13375966866252387
12.76	0.12655926325558428
12.77	0.10219654874036162
12.78	0.49802805544805356
12.79	0.10164538551042065
12.8	0.11973877302378493
12.81	0.13000853610766244
12.82	0.14150783285331953
12.83	0.13099253859551116
12.84	0.11435933137491758
12.85	0.1256734415165612
12.86	0.12310328649598304
12.87	0.12396909023501075
12.88	0.12117721349033596
12.89	0.12800320693169615
12.9	0.12395277803825148
12.91	0.11667865695960569
12.92	0.37960218574119453
12.93	0.13658279415662788
12.94	0.1187171310720892
12.95	0.14380440461122382
12.96	0.10725143364322118
12.97	0.12603968166380372
12.98	0.11080746321363706
12.99	0.12179420683542454
13.0	0.10226730894840039
13.01	0.38167497274330536
13.02	0.24522052465885896
13.03	0.12432117503797728
13.04	0.11074313747778362
13.05	0.13425662927136667
13.06	0.1322581906206884
13.07	0.11271557147173679
13.08	0.13077559423330276
13.09	0.135484431671237
13.1	0.11279163462962964
13.11	0.1402658828595514
13.12	0.14068026385503296
13.13	0.11773244102657048
13.14	0.1279480556399062
13.15	0.38079685564533733
13.16	0.11590566908833626
13.17	0.13480457670813012
13.18	0.1414340938385962
13.19	0.11863842039747745
13.2	0.1293827176574812
13.21	0.1046600465601374
13.22	0.11987392470232966
13.23	0.11979558584973349
13.24	0.37486655922750234
13.25	0.13896239573185587
13.26	0.11472394795091183
13.27	0.12356196982383934
13.28	0.12611112534612837
13.29	0.12191090432300183
13.3	0.12683118267249824
13.31	0.11828554260749576
13.32	0.12464362905635723
13.33	0.12954060674932916
13.34	0.12933799607686108
13.35	0.145528285628352
13.36	0.12916056575644444
13.37	0.12723609888924434
13.38	0.1262607534504097
13.39	0.12672993979955707
13.4	0.12253057128497771
13.41	0.1140789284559252
13.42	0.1345557168705149
13.43	0.11705244663405018
13.44	0.13490993615032468
13.45	0.14172635784884718
13.46	0.11615420850221518
13.47	0.13226891565641063
13.48	0.12232989716518484
13.49	0.1086870944271219
13.5	0.1326360000593393
13.51	0.12002034085753455
13.52	0.13591275706195902
13.53	0.10304195151015329
13.54	0.49306781044999964
13.55	0.5054648234757284
13.56	0.12613553448584733
13.57	0.12295532950338132
13.58	0.11691434811204081
13.59	0.1292168782495285
13.6	0.1253074897476527
13.61	0.1251177249889841
13.62	0.11980200956280876
13.63	0.13698985674249606
13.64	0.12396582750197391
13.65	0.10336277474886778
13.66	0.0991494979440556
13.67	0.1325570233412225
13.68	0.11441755871881439
13.69	0.026760904965094593
13.7	0.1383697536559084
13.71	0.12543452263755694
13.72	0.12589372475420885
13.73	0.12319940270841769
13.74	0.14015505337497808
13.75	0.11368520079592673
13.76	0.1086432243804158
13.77	0.38252912589214644
13.78	0.13392163753654218
13.79	0.13107509858377916
13.8	0.1311886530630589
13.81	0.10912778956466793
13.82	0.11530706361038578
13.83	0.1314249091303568
13.84	0.37018382257117605
13.85	0.1286435012644503
13.86	0.12318854950342713
13.87	0.1402721942670877
13.88	0.37471382642719064
13.89	0.24465538700568165
13.9	0.11760807467092171
13.91	0.13490164853171788
13.92	0.12992128435012074
13.93	0.12046697748264128
13.94	0.13060640042814936
13.95	0.12846910754381177
13.96	0.14475572386035623
13.97	0.12826426573197475
13.98	0.12748132093279904
13.99	0.11970757512306272
14.0	0.1206769502808027
14.01	0.1264351118038891
14.02	0.11870080865557471
14.03	0.1347912264205768
14.04	0.13448526203132022
14.05	0.1152322955499551
14.06	0.1267608726933523
14.07	0.12235318726860853
14.08	0.37890493915620055
14.09	0.123067771941541
14.1	0.12193019847985158
14.11	0.12559260106393658
14.12	0.12094604471019746
14.13	0.1253625288198318
14.14	0.13116757513465868
14.15	0.13705549479504758
14.16	0.12132564603908255
14.17	0.10838149729861961
14.18	0.11132429431743238
14.19	0.12822869831368958
14.2	0.11546971044978704
14.21	0.14093575225162475
14.22	0.1282074208042636
14.23	0.12015242377164724
14.24	0.12726828602281112
14.25	0.13057856403215742
14.26	0.13216358344892315
14.27	0.11655517126541248
14.28	0.13857306868199532
14.29	0.49504412676237197
14.3	0.12431991025899525
14.31	-0.015850534436159913
14.32	0.11689758770404034
14.33	0.2562981890356587
14.34	0.1277892115137517
14.35	0.14143384062343226
14.36	0.25709458001730695
14.37	0.14309281604848226
14.38	0.112703884056589
14.39	-0.01658037495161083
14.4	0.1350996519001424
14.41	0.1216708929491019
14.42	0.11361473102502748
14.43	0.0968736192083105
14.44	0.12993899442034257
14.45	0.11583523066598307
14.46	0.11141025775326259
14.47	0.12183672359230967
14.48	0.12763404835896336
14.49	0.12375343310324409
14.5	0.1307029200447732
14.51	0.12257354874666165
14.52	0.11691532435951939
14.53	0.1151160831463447
14.54	0.1394143881939236
14.55	0.1200847395630045
14.56	0.14327367928711945
14.57	0.11557368625463971
14.58	0.10599770042094027
14.59	0.12492264639647434
14.6	0.10414382147890179
14.61	0.11689207077068976
14.62	0.1222461506228671
14.63	0.13051885061284202
14.64	0.13214654137171372
14.65	0.13987934060654775
14.66	0.12770151760212714
14.67	0.13018588755813798
14.68	0.14246590596017683
14.69	0.11460216363001158
14.7	0.24850786108697925
14.71	0.12457160269936819
14.72	0.1506870170948503
14.73	0.12694539796873022
14.74	0.11929741020458612
14.75	0.5046420034771031
14.76	0.11358969606291998
14.77	0.11780801354645709
14.78	0.11698116225692187
14.79	0.12700050277918223
14.8	0.10961289925388336
14.81	0.117230970935935
14.82	0.1288171211481682
14.83	0.1314816212029411
14.84	0.1312803589876285
14.85	0.12414109199308056
14.86	-0.011577604140459816
14.87	0.12026358054004688
14.88	-0.004101659439450738
14.89	0.11103787011675975
14.9	0.11598214878838856
14.91	0.11673846134334838
14.92	0.12515822375562824
14.93	0.2185627355292423
14.94	0.12978972073808573
14.95	0.12187669852245353
14.96	0.12551556300954947
14.97	0.13074096122376458
14.98	0.12041580197203965
14.99	0.502367267274263
15.0	0.10946935463556332
15.01	0.12943122665232182
15.02	0.12500129989175213
15.03	0.11094277301121559
15.04	0.13695515867389976
15.05	0.12854750356785336
15.06	0.13077139184758418
15.07	0.12699141275914652
15.08	0.13700129246579348
15.09	0.10771540448931771
15.1	0.12563445160542205
15.11	0.12134952180815325
15.12	0.10623736677300803
15.13	0.1215597799832841
15.14	0.10786289262663701
15.15	0.1188459631892959
15.16	0.12863393817711546
15.17	0.11553099703867994
15.18	0.13231564328284423
15.19	0.12371547023237231
15.2	0.11787306133636628
15.21	0.12487757313180435
15.22	0.10712549631518506
15.23	0.11593534217334028
15.24	0.12349314406317329
15.25	0.12177227395848048
15.26	0.11543641165034138
15.27	0.1256162028894254
15.28	0.1128999922907696
15.29	0.1338393269829022
15.3	0.12870883824052326
15.31	0.11561101143400229
15.32	0.1308722683444207
15.33	0.11606543747805984
15.34	0.13262556840707562
15.35	0.12636643174468726
15.36	0.24292047007768933
15.37	0.12814150881078462
15.38	0.12648734351406182
15.39	0.13386725586339318
15.4	0.13590892741720725
15.41	0.11475023262820044
15.42	0.13447019234663812
15.43	0.13133993136617003
15.44	0.11875392185783368
15.45	0.25225914950115286
15.46	0.5129374817947843
15.47	0.13123860440358281
15.48	0.09780850187668336
15.49	0.10838798003982125
15.5	0.13081234633896616
15.51	0.1183593910319482
15.52	0.3769161368373438
15.53	0.13950859915772612
15.54	0.14216551104465683
15.55	0.10489531811985549
15.56	0.13132940402273244
15.57	0.13737156469201245
15.58	0.10273191650233574
15.59	0.12164056737563021
15.6	0.23389574773613217
15.61	0.24298805137920806
15.62	0.1216101631007048
15.63	0.11407315360821625
15.64	0.12718633093823933
15.65	0.1268940866191695
15.66	0.12092526082970398
15.67	0.1322416672573982
15.68	0.492733018792987
15.69	0.12974807762215318
15.7	0.12313637748082909
15.71	0.3725154224415756
15.72	0.1457351130336632
15.73	0.10133082205531319
15.74	0.1461980047919213
15.75	0.24071576535001252
15.76	0.2633360624456391
15.77	0.11446801946023853
15.78	0.5052728914208596
15.79	0.12102056967737176
15.8	0.12244965264206363
15.81	0.12500680210691115
15.82	0.11416844665520862
15.83	0.11965026350025132
15.84	0.13531676653304267
15.85	0.11082724500826374
15.86	0.13439244305839992
15.87	0.10986323517394213
15.88	0.12353752927573501
15.89	0.1220635897941763
15.9	0.11643259973712726
15.91	0.13253726815647288
15.92	0.12751787348455135
15.93	0.13584776510951116
15.94	0.1413160504118814
15.95	0.11127256992156864
15.96	0.11893005275861301
15.97	0.5090348775051761
15.98	0.13979830730429527
15.99	0.024588765525348635
16.0	-0.009224285572513724
16.01	0.10852661595587851
16.02	0.002712512929556971
16.03	0.13275135687385703
16.04	0.13322276162845556
16.05	0.012008348058381565
16.06	0.10074916793406699
16.07	-0.0134836581664298
16.08	0.010851236720306101
16.09	-0.013768182993203702
16.1	0.1469402082017733
16.11	0.014387239211027789
16.12	0.12398848774456168
16.13	0.12928801447584867
16.14	0.13251306393468
16.15	-0.0034827454727616686
16.16	0.11742233542822345
16.17	0.11255130534870038
16.18	-0.010306766236459436
16.19	0.13392351083446996
16.2	0.012715942117214024
16.21	0.1256975471492904
16.22	0.1268471281644737
16.23	-0.00824340578359075
16.24	0.11073735903814533
16.25	-0.012399012401614604
16.26	-0.019144497635681296
16.27	0.1260636862945118
16.28	0.13595734562759276
16.29	0.007222786620274672
16.3	-0.015969790447580737
16.31	0.12283452153786738
16.32	0.1306917481442282
16.33	0.11743326500272627
16.34	0.12394051438847453
16.35	0.004317901160109124
16.36	0.11008996220726497
16.37	-0.005779863365128558
16.38	-0.013414528190128451
16.39	0.12113213571642276
16.4	-0.006943516003559627
16.41	0.13249461916801536
16.42	0.0032122257747757795
16.43	0.00498287599471466
16.44	0.014894253020569488
16.45	0.0035430812234554035
16.46	0.002887667586749712
16.47	-0.011184916975612729
16.48	0.010358938013309497
16.49	0.1236991509285745
16.5	0.00858718991623597
16.51	0.004448871451145123
16.52	-0.015888795823207697
16.53	-0.01830434451129742
16.54	0.11972074443803803
16.55	-0.0048788024781294985
16.56	0.1346079971390791
16.57	-0.0045971369854654635
16.58	0.12049731356775244
16.59	0.005131722467956174
16.6	-0.0005047796002807029
16.61	0.00866461473731072
16.62	-0.0023901465101651893
16.63	-0.005658734918270578
16.64	0.12367065135536885
16.65	0.00667255210525516
16.66	0.12771627101417965
16.67	-0.014899551254247198
16.68	0.0067666349961068685
16.69	-0.0009180799258658563
16.7	0.13315334863187114
16.71	0.11712764547020678
16.72	0.005755326161819193
16.73	0.010543609061872699
16.74	0.009399802305361473
16.75	0.00273040369204831
16.76	-0.0076098061597434695
16.77	0.12645566760594723
16.78	0.11612055682844624
16.79	0.01173787278195732
16.8	-0.013066617396322477
16.81	-0.017855343835072958
16.82	0.12443484292722445
16.83	-0.0057316306349744625
16.84	0.1102032123524112
16.85	-0.012078236924697092
16.86	-0.001887356103679437
16.87	0.0035141497270836574
16.88	0.0025883008699613863
16.89	0.0037758852306646108
16.9	0.0117273801378653
16.91	0.12925399439091903
16.92	0.1087422752266594
16.93	-0.011383336229168211
16.94	-0.0049895232609126865
16.95	-0.0031172502429031123
16.96	0.13759755205612337
16.97	-0.010932554897643639
16.98	0.004187320525740208
16.99	-0.0021053227431383236
17.0	-0.011148128621523994
17.01	0.006881864992960384
17.02	0.13820856881358126
17.03	0.002818333871683566
17.04	0.13082917922313025
17.05	-0.0003078150437208978
17.06	0.004497800038011166
17.07	0.011936815799657115
17.08	0.09957566402294468
17.09	0.015370023530718908
17.1	0.11368512382150237
17.11	-0.01409018511590646
17.12	0.11816024310135415
17.13	0.13839893093660668
17.14	-0.022102613864393664
17.15	0.13601285293736898
17.16	0.13036654755000746
17.17	0.03111136842000574
17.18	0.14168525374767402
17.19	0.13618445150476963
17.2	0.1404293000054988
17.21	0.12533412156993168
17.22	0.13846737082418065
17.23	0.010826550684644791
17.24	0.1173913003970215
17.25	-0.0014174927046654662
17.26	-0.006830572730446353
17.27	0.005413241833046291
17.28	0.13266611596951305
17.29	0.12112193163806154
17.3	0.00577890099305103
17.31	0.12614700449788524
17.32	0.11771184943635286
17.33	0.12838338942338257
17.34	0.1311936645785259
17.35	0.12883820086875203
17.36	0.11366790620102016
17.37	0.1105403726221739
17.38	-0.006970544311192011
17.39	0.011535970786409184
17.4	0.1176543465964173
17.41	0.1313255342151854
17.42	-0.004048439937556476
17.43	0.0007246992062289068
17.44	-0.0030387285055637355
17.45	0.12727603930502754
17.46	0.10416782810768516
17.47	0.12609161699730875
17.48	-0.0027001859010883957
17.49	-0.00016666403126397607
17.5	0.02175417016819473
17.51	0.010527264082737521
17.52	0.13235427659468438
17.53	0.12775729508199699
17.54	-0.0031133233380193177
17.55	-0.006309725758914123
17.56	0.1191621159672013
17.57	-0.0030664823543671642
17.58	0.13221496195631535
17.59	-0.004837206663318669
17.6	0.11376610371460374
17.61	0.1239743198271077
17.62	0.0040294552459061925
17.63	0.12297558793601158
17.64	0.12107613088723153
17.65	-0.0036341651244447826
17.66	0.006272569962917768
17.67	0.14019069038201834
17.68	0.12402780861381763
17.69	0.12676478324575285
17.7	0.0008164586899640352
17.71	0.13686542996282092
17.72	0.1132247418873832
17.73	0.1376024628080649
17.74	0.1306263010452122
17.75	0.12801602150406552
17.76	0.11821867052693309
17.77	0.12365873705636032
17.78	0.35468183990418556
17.79	0.4905152502723259
17.8	0.14472557471885764
17.81	0.13650323112456017
17.82	0.3749088793856867
17.83	0.14629193100161852
17.84	0.38281848883636993
17.85	0.4878355384348945
17.86	0.2605554335745323
17.87	0.5025979324289612
17.88	0.11358519033345522
17.89	0.5078050562478864
17.9	0.12497566510260442
17.91	0.13664048433969
17.92	0.507060960438322
17.93	0.3574232910338925
17.94	0.12247712034143454
17.95	0.4951146876375063
17.96	0.23663543229633996
17.97	0.12279508515513186
17.98	0.5038322096745615
17.99	0.10885646013268029
18.0	0.49717173634998857
18.01	0.11777578983000882
18.02	0.36393172401705187
18.03	0.5096456938906739
18.04	0.4963281879904437
18.05	0.506593596023144
18.06	0.4951130234802442
18.07	0.4973884602404844
18.08	0.50719037949047
18.09	0.49939514010862124
18.1	0.5155700822928164
18.11	0.5013343066216778
18.12	0.5032488767741445
18.13	0.12683417296995173
18.14	0.5100542689864132
18.15	0.5039215117900414
18.16	0.5138934878993021
18.17	0.5043941280734807
18.18	0.1265840632899865
18.19	0.5053819629506594
18.2	0.5040542650926813
18.21	0.5042689932326591
18.22	0.5010217150138611
18.23	0.5025863914156198
18.24	0.49676476245129353
18.25	0.5169475244612366
18.26	0.4950840346467362
18.27	0.5014116982230291
18.28	0.5120436828858318
18.29	0.5082240412896468
18.3	0.4893450109116511
18.31	0.5119836549400091
18.32	0.5063863563783761
18.33	0.49713537984156575
18.34	0.4943356514962067
18.35	0.13580137421619612
18.36	0.48615096006776387
18.37	0.4960208501152416
18.38	0.49219367008143633
18.39	0.5105078026888024
18.4	0.5011690342003311
18.41	0.4935600752098816
18.42	0.5072439745226378
18.43	0.4861147013305153
18.44	0.6375402186439423
18.45	0.2521442009963555
18.46	0.49579447611437016
18.47	0.48034592411436966
18.48	0.5003836892332363
18.49	0.5002945075348774
18.5	0.5056911183816641
18.51	0.4947401610045749
18.52	0.49075716672037933
18.53	0.4954725538832141
18.54	0.5047508821921618
18.55	0.514852405225776
18.56	0.48537381413617287
18.57	0.5082894784487902
18.58	0.5020946893041288
18.59	0.4788400988602411
18.6	0.49885143176856983
18.61	0.4892610633159919
18.62	0.5002002560791844
18.63	0.5169169609334151
18.64	0.5236697716261177
18.65	0.5132727098051343
18.66	0.5084891685933097
18.67	0.49021105337110354
18.68	0.49612698069148603
18.69	0.39045486435814725
18.7	0.4964105328347154
18.71	0.49207184239034707
18.72	0.5135832550617316
18.73	0.5020103115790956
18.74	0.5096774483485332
18.75	0.4968110394118573
18.76	0.497194829284259
18.77	0.3713391927023365
18.78	0.49754655535415676
18.79	0.4871701634296921
18.8	0.5057021292639481
18.81	0.49396647561977136
18.82	0.5068995445589555
18.83	0.5002335616196381
18.84	0.501585062559325
18.85	0.49694540666483933
18.86	0.49401366487969844
18.87	0.507422995725398
18.88	0.5019421614065852
18.89	0.5150918254917467
18.9	0.507770729121521
18.91	0.49854377456968696
18.92	0.4998190980365472
18.93	0.5128629273028601
18.94	0.6284283557122463
18.95	0.49115229817342715
18.96	0.509776197737079
18.97	0.5066748272482914
18.98	0.5045152258231841
18.99	0.7531663697118177
19.0	0.6144200153871261
19.01	0.49552266718538074
19.02	0.4974444536681032
19.03	0.5102759230199987
19.04	0.502054767199777
19.05	0.49552497606480445
19.06	0.4768948225757219
19.07	0.4788801728213438
19.08	0.5115666991706853
19.09	0.5074712940318219
19.1	0.744663068019974
19.11	0.4975934406168728
19.12	0.5072575604919215
19.13	0.5013210405125208
19.14	0.4896460985063199
19.15	0.4991425599660475
19.16	0.48481721008670486
19.17	0.4932089318503304
19.18	0.502645190101106
19.19	0.6472119106311455
19.2	0.49870186625415514
19.21	0.5079606187045608
19.22	0.49878677251119913
19.23	0.6326934388567446
19.24	0.50636423950308
19.25	0.7615801503859885
19.26	0.49753473349688854
19.27	0.4961952189507696
19.28	0.4969214576540368
19.29	0.6260621030314288
19.3	0.6246850754644718
19.31	0.5064997175061896
19.32	0.5009860479545118
19.33	0.49329762164963886
19.34	0.5163256963037257
19.35	0.5113119223297312
19.36	0.7300731915458017
19.37	0.4984337402479271
19.38	0.5025520353933624
19.39	0.4918809570838769
19.4	0.7516042187753313
19.41	0.619584092737878
19.42	0.48382303239201646
19.43	0.4997397695321127
19.44	0.6256557584847232
19.45	0.5036896349966917
19.46	0.49309477192528905
19.47	0.6290167287692956
19.48	0.5092827761637134
19.49	0.7352519879734687
19.5	0.5010948146959469
19.51	0.4997400492130613
19.52	0.4940298369704342
19.53	0.4969347325376494
19.54	0.5068423042919818
19.55	0.509728705272731
19.56	0.48179617730369895
19.57	0.4982736040323359
19.58	0.4997201497799175
19.59	0.7622060763515854
19.6	0.49872368920330234
19.61	0.6372169167477354
19.62	0.5047920757090584
19.63	0.5021148267046622
19.64	0.5106172599014728
19.65	0.5168082356357097
19.66	0.7480739775871503
19.67	0.7495569667228467
19.68	0.6286124592018628
19.69	0.5053606996673188
19.7	0.7591232270532233
19.71	0.5034909214235982
19.72	0.49978906367575576
19.73	0.6258685714445699
19.74	0.4992210790750224
19.75	0.47098754120732333
19.76	0.4976731833825902
19.77	0.7501131642979499
19.78	0.48709110288609025
19.79	0.5087475132082903
19.8	0.48158369334978723
19.81	0.4995131945239511
19.82	0.5032015851734315
19.83	0.6188381899766507
19.84	0.621176151415447
19.85	0.7777096918048152
19.86	0.4909403623420509
19.87	0.6405840863950553
19.88	0.49958473300723166
19.89	0.5150580412252388
19.9	0.7393920815717795
19.91	0.6355674628253639
19.92	0.49165910545284786
19.93	0.512675882643417
19.94	0.1377425208585685
19.95	0.4986140892788457
19.96	0.5024479019745772
19.97	0.5324528894469225
19.98	0.5118769626088577
19.99	0.5074152320189066
20.0	0.5039149206189727
