10.0	0.2177624097128607
10.01	0.20761244840968227
10.02	0.21748471198291092
10.03	0.201340939143092
10.04	0.22250000877407256
10.05	0.1987468686477049
10.06	0.22795571316823757
10.07	0.21072986163265664
10.08	0.21220336603047507
10.09	0.18675852348291205
10.1	0.20371460771472624
10.11	0.2030760456168618
10.12	0.19557147881951636
10.13	0.19974281399766064
10.14	0.18651931924750587
10.15	0.20106923475456465
10.16	0.2004715147743802
10.17	0.2067847869968933
10.18	0.20833967614280896
10.19	0.21213096759992026
10.2	0.2156374997956573
10.21	0.2149699614494175
10.22	0.20361979118746626
10.23	0.1885079032822971
10.24	0.21354436902988713
10.25	0.17955497974114196
10.26	0.20833791003236737
10.27	0.215376552838565
10.28	0.2010261151845054
10.29	0.19395719739631606
10.3	0.18731334014394563
10.31	0.194995385427946
10.32	0.19691991904533265
10.33	0.20082938596674432
10.34	0.19816854079011037
10.35	0.18387905932423176
10.36	0.20967402963287798
10.37	0.20201249398138102
10.38	0.21662224136159217
10.39	0.20948440771999993
10.4	0.1901230838509377
10.41	0.19916678969053503
10.42	0.21058624600445075
10.43	0.2147486357595031
10.44	0.2003096871904355
10.45	0.2133452623042476
10.46	0.2095986004538958
10.47	0.2009808465134588
10.48	0.2017832328840853
10.49	0.20039407520456887
10.5	0.20011026918672786
10.51	0.20477916536763263
10.52	0.1974857087627212
10.53	0.1988696615150865
10.54	0.19765317057500256
10.55	0.2195490958488721
10.56	0.20474614124581922
10.57	0.1996055543382304
10.58	0.2039116600964351
10.59	0.2010766552050306
10.6	0.21536046205116544
10.61	0.19614973430147412
10.62	0.2102384882499328
10.63	0.20652577067581893
10.64	0.2216200994773781
10.65	0.19409974183463324
10.66	0.21586782778276095
10.67	0.19631553129124432
10.68	0.21119184981011668
10.69	0.21790999773828254
10.7	0.21961661255766232
10.71	0.22461104482552646
10.72	0.21318496219385574
10.73	0.22713229682004446
10.74	0.21363017936034367
10.75	0.22163108829973474
10.76	0.20384769771010577
10.77	0.21115129348982883
10.78	0.22395972942701056
10.79	0.20379660981227418
10.8	0.19972028050978097
10.81	0.21695122297263722
10.82	0.20644951926521365
10.83	0.20789000699821825
10.84	0.19891323240864234
10.85	0.20583888159225788
10.86	0.21859896357423658
10.87	0.2012226425315751
10.88	0.20860028565448852
10.89	0.19610804354780798
10.9	0.19008000499909397
10.91	0.21643763126860538
10.92	0.1964321657156495
10.93	0.2098972072763991
10.94	0.1817031535136788
10.95	0.21647788649878474
10.96	0.21470195431272623
10.97	0.2053550294521521
10.98	0.20458817086770759
10.99	0.19316798240382704
11.0	0.21379135445022723
11.01	0.2117915460233923
11.02	0.20664535733323697
11.03	0.19526474524821819
11.04	0.21824213474020507
11.05	0.19769698161613772
11.06	0.20005121080979812
11.07	0.19538414986504707
11.08	0.2043821201465874
11.09	0.20417432053209383
11.1	0.18467766470922947
11.11	0.19659810892637097
11.12	0.20445378797717906
11.13	0.2045245012573152
11.14	0.18236690035764558
11.15	0.196107111116412
11.16	0.19558411894827218
11.17	0.19241110891486152
11.18	0.1975689286884331
11.19	0.1840778690758132
11.2	0.20217467392443375
11.21	0.22233500306264614
11.22	0.19729805227632732
11.23	0.19938800277801252
11.24	0.19536769636340298
11.25	0.22985583511783364
11.26	0.2122694310557829
11.27	0.21117008344565502
11.28	0.20760429641282233
11.29	0.22064177822361997
11.3	0.21876587754258367
11.31	0.21067233812703443
11.32	0.22259402068566847
11.33	0.20602028363114064
11.34	0.21977915476190482
11.35	0.23711083419215503
11.36	0.21106330597567882
11.37	0.21525998747710556
11.38	0.19583187145781095
11.39	0.20330548692706402
11.4	0.21503961326258839
11.41	0.21008135276502735
11.42	0.21188642027034
11.43	0.22362651885157322
11.44	0.22557251346684182
11.45	0.21108483091889935
11.46	0.22080874111346804
11.47	0.21672434595162698
11.48	0.2199633930256605
11.49	0.182134931967844
11.5	0.21810180944478846
11.51	0.21791612426403326
11.52	0.21663294215340284
11.53	0.21280320829660745
11.54	0.2356425256465796
11.55	0.22042634127529415
11.56	0.20400080258809958
11.57	0.20794704461517516
11.58	0.20938105000349239
11.59	0.20188792968203778
11.6	0.20787206063828675
11.61	0.20451130267562576
11.62	0.22188093625918473
11.63	0.21301033452491955
11.64	0.20945142037176548
11.65	0.21720025058275322
11.66	0.2050949942193656
11.67	0.20694034760150765
11.68	0.20942734413625388
11.69	0.2067523019490893
11.7	0.21111330382973387
11.71	0.2161793690441064
11.72	0.20784154529919371
11.73	0.20814075746304542
11.74	0.2222155673875229
11.75	0.21589215524341338
11.76	0.19924027985204926
11.77	0.17938482835296174
11.78	0.1947469324015198
11.79	0.19501400394609122
11.8	0.18266759501614246
11.81	0.19595255130455907
11.82	0.19114429293332982
11.83	0.1909269257971032
11.84	0.20516208018430207
11.85	0.20581199213287948
11.86	0.19418718443674246
11.87	0.19841030078989758
11.88	0.2054626760080018
11.89	0.19423139639206793
11.9	0.21999583478000373
11.91	0.1918578562930359
11.92	0.21349193463816837
11.93	0.17179142301500708
11.94	0.20455875447954663
11.95	0.19221807294837281
11.96	0.1909403567004532
11.97	0.20219172912294978
11.98	0.20400532462474863
11.99	0.19682661735758752
12.0	0.20570510634748848
12.01	0.20988099686516015
12.02	0.20570683913243276
12.03	0.20976148340097617
12.04	0.19609105437325022
12.05	0.18103671227462148
12.06	0.2061528317207479
12.07	0.19510047221961727
12.08	0.22546888954780087
12.09	0.21082164126106062
12.1	0.20065342424879065
12.11	0.20235260931470278
12.12	0.20403500493998752
12.13	0.19530456050153483
12.14	0.21859346582981498
12.15	0.2090287471752229
12.16	0.22514450212557163
12.17	0.2218423731261486
12.18	0.19256359857411193
12.19	0.21271164624880087
12.2	0.21456456095038418
12.21	0.19900519332047953
12.22	0.21836651097586907
12.23	0.20050064019248492
12.24	0.2072707202928398
12.25	0.21596153756729305
12.26	0.22373228336781054
12.27	0.2055589627192808
12.28	0.2121161673063903
12.29	0.20644257165888605
12.3	0.21077373137390065
12.31	0.21094543385022782
12.32	0.2118671540044811
12.33	0.2095909481229259
12.34	0.21163162761976856
12.35	0.2182232321132056
12.36	0.2094823470966442
12.37	0.2120700091723908
12.38	0.21857031875434962
12.39	0.20704214090229286
12.4	0.20081783805663167
12.41	0.19373659941158122
12.42	0.20577140305038813
12.43	0.21818144030245323
12.44	0.19845751981390664
12.45	0.20328957291405594
12.46	0.19979131037869607
12.47	0.21111836179604973
12.48	0.1851275366206108
12.49	0.19101519715248577
12.5	0.17369639342320614
12.51	0.20034030660200808
12.52	0.18177902033093296
12.53	0.20543513844409952
12.54	0.2010161245613466
12.55	0.20104977487104267
12.56	0.18362098602394816
12.57	0.1941888332280744
12.58	0.20834250191907885
12.59	0.20688461825149176
12.6	0.18578947848181337
12.61	0.20062233367817536
12.62	0.18793326599265467
12.63	0.16251625221207167
12.64	0.20981990860801855
12.65	0.200036766008585
12.66	0.18332630082875043
12.67	0.2092613207151786
12.68	0.2066761235822697
12.69	0.20225193075891784
12.7	0.2028330332261121
12.71	0.2046929212279134
12.72	0.18191226585343104
12.73	0.19164717298241757
12.74	0.2139623001915498
12.75	0.19452771855821838
12.76	0.2023464313641703
12.77	0.2061284707285032
12.78	0.20793145680526298
12.79	0.20559628544836941
12.8	0.19355501021412413
12.81	0.19009840861712868
12.82	0.19340124901030759
12.83	0.2029214231982041
12.84	0.19989502960054661
12.85	0.1779882700340205
12.86	0.20514399078587683
12.87	0.22473575920468863
12.88	0.21627073472015398
12.89	0.19861648315539215
12.9	0.2039382121893762
12.91	0.18243463193348058
12.92	0.2010521703804576
12.93	0.20523576283438402
12.94	0.21116104650852227
12.95	0.20973889424296827
12.96	0.2098780610975088
12.97	0.2260152099699667
12.98	0.2135643757635165
12.99	0.2148656742126925
13.0	0.216865228614993
13.01	0.21500435834228285
13.02	0.20667731809303427
13.03	0.21101354802085828
13.04	0.22822735967739702
13.05	0.2101652377006588
13.06	0.20520070404738458
13.07	0.21042386175186806
13.08	0.20665537409564078
13.09	0.20973682562911838
13.1	0.23095622076724248
13.11	0.2006975357104268
13.12	0.20094874143714125
13.13	0.20273558950964007
13.14	0.19867306403979734
13.15	0.18548753989568517
13.16	0.2042892475930594
13.17	0.20275011012931024
13.18	0.2085775323077015
13.19	0.1891537620837242
13.2	0.2218474438388468
13.21	0.19114182613886105
13.22	0.18995217489820962
13.23	0.1880597496789493
13.24	0.1923282330968177
13.25	0.20469220038020258
13.26	0.178803764611195
13.27	0.19919336228448603
13.28	0.18349549659159403
13.29	0.20019913490946806
13.3	0.19610960541399122
13.31	0.2038499668165707
13.32	0.18188528071869595
13.33	0.19313631843403145
13.34	0.2002691539515937
13.35	0.20006843671446012
13.36	0.18049675735810097
13.37	0.1793247980599778
13.38	0.18879207504266934
13.39	0.18170981243383164
13.4	0.20619110193644702
13.41	0.18603207423919704
13.42	0.1993676223096417
13.43	0.2118853445231125
13.44	0.1915324808023806
13.45	0.1964701712160464
13.46	0.2009455438984984
13.47	0.1804266842422235
13.48	0.19242297980775952
13.49	0.19395069444609583
13.5	0.19413291940209806
13.51	0.18412621690537737
13.52	0.20355286645280934
13.53	0.1899088627274709
13.54	0.2106199161133883
13.55	0.21200217557143602
13.56	0.20275978953993146
13.57	0.19499586735856936
13.58	0.213635258760698
13.59	0.1823586638654835
13.6	0.2227428091239083
13.61	0.20354076625689188
13.62	0.21924795225065058
13.63	0.2114779767835762
13.64	0.2133546139887665
13.65	0.19203128383689683
13.66	0.19188182235178997
13.67	0.2032030343307039
13.68	0.2110031194361524
13.69	0.19634754652265635
13.7	0.21571134944404768
13.71	0.20527067161927073
13.72	0.21927772736973686
13.73	0.19434791819709346
13.74	0.20475973725080926
13.75	0.19818201620674614
13.76	0.2245712937016948
13.77	0.22129784244986003
13.78	0.21598046503397222
13.79	0.21815891651464903
13.8	0.20274356320539774
13.81	0.21740879025735793
13.82	0.21357112506384368
13.83	0.2127595952709714
13.84	0.21436180786792963
13.85	0.21709862616615463
13.86	0.19316155554535164
13.87	0.20174711874431184
13.88	0.21118750500391545
13.89	0.21390909021309396
13.9	0.21034739411620826
13.91	0.20811340743315607
13.92	0.18062246200944376
13.93	0.20775137215956968
13.94	0.20499421233635648
13.95	0.20672149291346065
13.96	0.19689194198203813
13.97	0.18038387269490497
13.98	0.20304387045732297
13.99	0.2028488777632062
14.0	0.1851983532152788
14.01	0.1989010145107086
14.02	0.20114777911443338
14.03	0.2087255495517203
14.04	0.18713022583425468
14.05	0.18632467198982125
14.06	0.18633916170406647
14.07	0.2039260482089747
14.08	0.17681721579696796
14.09	0.16753038230615613
14.1	0.20355996007911203
14.11	0.1880320967948215
14.12	0.20454451802630752
14.13	0.20764774009493006
14.14	0.193219404518839
14.15	0.1787492709782999
14.16	0.19882445787091468
14.17	0.19254333110447003
14.18	0.18532834547107846
14.19	0.1812606457841275
14.2	0.21756607853794768
14.21	0.1984401317268643
14.22	0.19320294959430434
14.23	0.20590896120204094
14.24	0.2035998724816453
14.25	0.20847947941806635
14.26	0.209254477920376
14.27	0.1950793476512047
14.28	0.19824598648962868
14.29	0.20570896090403132
14.3	0.21327411508062896
14.31	0.18924051887111923
14.32	0.19793980608367112
14.33	0.221995253876122
14.34	0.21046225829480314
14.35	0.21865811349293462
14.36	0.2156556899491448
14.37	0.19380341586704716
14.38	0.18864906396045927
14.39	0.2115133269724552
14.4	0.2108760324694232
14.41	0.21188004869401247
14.42	0.18971833801282695
14.43	0.21598061193897836
14.44	0.2179445193202309
14.45	0.20892385695103627
14.46	0.21883825487017308
14.47	0.2212076815382358
14.48	0.19214080474344264
14.49	0.21054735901336274
14.5	0.21048994408109287
14.51	0.22615849180505745
14.52	0.20650277546592838
14.53	0.2096610228824516
14.54	0.2182017361839546
14.55	0.22779637227073335
14.56	0.2137788668759974
14.57	0.20249653436233397
14.58	0.2097747901905522
14.59	0.20472328643005516
14.6	0.21297583630915592
14.61	0.19112728546896934
14.62	0.18671810067214506
14.63	0.19524398519860509
14.64	0.19930543116118274
14.65	0.19342133094866124
14.66	0.21156947807391874
14.67	0.20949112255143842
14.68	0.19510520223572825
14.69	0.19793725733858514
14.7	0.20298672697630551
14.71	0.20939957638193105
14.72	0.2004992567246289
14.73	0.20306132123035264
14.74	0.20657976188728433
14.75	0.21148596156199317
14.76	0.1846628493721927
14.77	0.19468973359853206
14.78	0.19534084605799304
14.79	0.20946123698342772
14.8	0.1909207103280617
14.81	0.18380303674820178
14.82	0.19189263951810637
14.83	0.19806157528487145
14.84	0.1969388909966519
14.85	0.20574503134595037
14.86	0.1838344875034328
14.87	0.20329737078509286
14.88	0.2039777518398474
14.89	0.1918784906056913
14.9	0.21126636421571404
14.91	0.2008969762522272
14.92	0.20352964883663935
14.93	0.2005719492392288
14.94	0.20867390569552688
14.95	0.19057190245107605
14.96	0.18187019070781527
14.97	0.2210900032220388
14.98	0.20534848563354263
14.99	0.21025034178598667
15.0	0.2144706342998054
15.01	0.19553038424981825
15.02	0.20717888368300613
15.03	0.20938827513033864
15.04	0.20202452212502606
15.05	0.20771365381203372
15.06	0.2055890086493141
15.07	0.20169417506872167
15.08	0.2046245859795077
15.09	0.203344370510112
15.1	0.20660377075634842
15.11	0.21134613466548374
15.12	0.21079197174283626
15.13	0.20524726894670084
15.14	0.20690490731130973
15.15	0.20190300388058544
15.16	0.23258730240283162
15.17	0.2198522694974638
15.18	0.21118337392876077
15.19	0.20247077423772875
15.2	0.2151870793935256
15.21	0.21517207926937057
15.22	0.19628609059176125
15.23	0.21243064421035507
15.24	0.2146375723789356
15.25	0.21277328813232738
15.26	0.21873107966937627
15.27	0.20636050212979207
15.28	0.21499288566021896
15.29	0.2056149485120587
15.3	0.19690019955799998
15.31	0.2025366518479513
15.32	0.19957653777590484
15.33	0.21959186381995813
15.34	0.22174689276145793
15.35	0.20427080764299452
15.36	0.2159199436381358
15.37	0.2092060820514364
15.38	0.21119403747312643
15.39	0.19265312021616487
15.4	0.2145438638849394
15.41	0.18954671748257218
15.42	0.2071243351821221
15.43	0.1968932976204154
15.44	0.21493758957501308
15.45	0.1973063155502801
15.46	0.21993479275408542
15.47	0.2077969976401684
15.48	0.18956580022998465
15.49	0.20032691387603505
15.5	0.19992083279753353
15.51	0.22068781960504735
15.52	0.1915260139400043
15.53	0.21345885831816463
15.54	0.1950982532282544
15.55	0.19330248269887362
15.56	0.1838358438330562
15.57	0.20715046166078627
15.58	0.1789204849162648
15.59	0.2012472762388293
15.6	0.19488245178437064
15.61	0.1865162244003991
15.62	0.21332517618827168
15.63	0.1876838003532463
15.64	0.20180831649140452
15.65	0.19024402376749874
15.66	0.18913362743042883
15.67	0.19300329387794116
15.68	0.19371138838538746
15.69	0.19182659098332772
15.7	0.19257305960033724
15.71	0.17988996589028625
15.72	0.2070474179127781
15.73	0.16721338135846306
15.74	0.19173783105007075
15.75	0.20187089020721619
15.76	0.20209984158350136
15.77	0.2042647512455425
15.78	0.20377694575206987
15.79	0.20171332949476997
15.8	0.19717347334516236
15.81	0.19558921505036866
15.82	0.18466928367813645
15.83	0.2000364567640779
15.84	0.1808441372086543
15.85	0.20371970496218672
15.86	0.19184655924694205
15.87	0.16739965734230555
15.88	0.19757097016392822
15.89	0.19899793625481174
15.9	0.19994378739619506
15.91	0.18275956175203145
15.92	0.18654178711429314
15.93	0.212495561406138
15.94	0.20204650929945597
15.95	0.20492508486875546
15.96	0.18411248381623144
15.97	0.21579975465302803
15.98	0.19198476912680995
15.99	0.21141873832145436
16.0	0.19309999201289454
16.01	0.18836475220931684
16.02	0.20173151633927655
16.03	0.1961723756607334
16.04	0.21500066114623834
16.05	0.2093153097467036
16.06	0.19767349556313962
16.07	0.22295961829928213
16.08	0.2089961429422297
16.09	0.217634433881344
16.1	0.21991330611119272
16.11	0.21177822756922635
16.12	0.23448125525273014
16.13	0.21148444747658354
16.14	0.20226497312841127
16.15	0.20841023005544987
16.16	0.20324427045350715
16.17	0.21679055657045362
16.18	0.21595500267266876
16.19	0.20158899063063523
16.2	0.2059611538059794
16.21	0.20505179204704535
16.22	0.1947096594920001
16.23	0.2100820095258554
16.24	0.21177956664672115
16.25	0.2085017610717287
16.26	0.2003423243427929
16.27	0.20966647869913368
16.28	0.20699932103324797
16.29	0.19800233109539286
16.3	0.21146315574087562
16.31	0.1954325142751711
16.32	0.18409817921636926
16.33	0.18802845673101864
16.34	0.1843373850335638
16.35	0.19360378811527723
16.36	0.19299556819667418
16.37	0.20352932310600289
16.38	0.20082344058630028
16.39	0.2033125280561305
16.4	0.19327870836652908
16.41	0.18901932428337956
16.42	0.19197316440150752
16.43	0.1988351350694699
16.44	0.18982304263182476
16.45	0.20239244176183485
16.46	0.18232236166293703
16.47	0.1865378323701492
16.48	0.2017846675075979
16.49	0.21077125162863192
16.5	0.19634776516301972
16.51	0.18652803043493144
16.52	0.21331371155708043
16.53	0.19129121883757297
16.54	0.2130817130064181
16.55	0.17888975542922422
16.56	0.18963625334807907
16.57	0.19181442753197972
16.58	0.2177678907286427
16.59	0.21002141749928976
16.6	0.2209167211811994
16.61	0.1815203650198252
16.62	0.19886161024246857
16.63	0.2110814857784642
16.64	0.19980896937312664
16.65	0.22750446328183702
16.66	0.21140777792784354
16.67	0.21097883240851625
16.68	0.21055286803739057
16.69	0.2087107058443578
16.7	0.20411613674223558
16.71	0.1935183523633797
16.72	0.20577975780736465
16.73	0.20172401443500307
16.74	0.19567067913503092
16.75	0.1951503887060932
16.76	0.20484883333970705
16.77	0.19628404092986368
16.78	0.20376634402723276
16.79	0.22096063797680685
16.8	0.20906157849478024
16.81	0.2043203741830595
16.82	0.21750397909085445
16.83	0.21394095538101068
16.84	0.21971152766418978
16.85	0.2216432276094335
16.86	0.2039718817664922
16.87	0.2049428446694559
16.88	0.2127970096246072
16.89	0.2066784390541495
16.9	0.20975291917549074
16.91	0.20647436813486028
16.92	0.21766050893263858
16.93	0.2027009930766073
16.94	0.18770434741206904
16.95	0.2054376554621203
16.96	0.22620364741278287
16.97	0.20661814243275894
16.98	0.21374790978837985
16.99	0.19133990249370014
17.0	0.19315864820100237
17.01	0.20608594695800983
17.02	0.1998098160354286
17.03	0.2088737067829506
17.04	0.21357507142242374
17.05	0.1904505916385954
17.06	0.19021772874616782
17.07	0.21001968824239878
17.08	0.18804325030528435
17.09	0.1948642525422439
17.1	0.20784673769057282
17.11	0.1918353841708177
17.12	0.20557524548054978
17.13	0.1831508414607289
17.14	0.19642824251230126
17.15	0.20344622584435412
17.16	0.20262163251728635
17.17	0.20552285447436164
17.18	0.20604805183699085
17.19	0.1957200355613876
17.2	0.18190792904844474
17.21	0.1998278771876882
17.22	0.18665181211385243
17.23	0.19177615065809128
17.24	0.1822562374098818
17.25	0.20782406730123348
17.26	0.20148037397508425
17.27	0.19505183634337694
17.28	0.20298668501987419
17.29	0.19040539392429934
17.3	0.20140269463678465
17.31	0.20762563456781505
17.32	0.1934221499221477
17.33	0.21685551559420882
17.34	0.19487450913097326
17.35	0.19629922213067208
17.36	0.20589822123630683
17.37	0.2043081473357407
17.38	0.18794749137003502
17.39	0.21228778736674286
17.4	0.21155916108288805
17.41	0.2074439626241714
17.42	0.18869577341350804
17.43	0.19750227832210565
17.44	0.1990309440354703
17.45	0.204839692541474
17.46	0.18532383785323606
17.47	0.21267895377232313
17.48	0.1918338520554172
17.49	0.20450904942907472
17.5	0.20773579088238195
17.51	0.20863370797839303
17.52	0.2179124344921267
17.53	0.19782259887992698
17.54	0.21366679035778055
17.55	0.19014091396953242
17.56	0.21002660656166147
17.57	0.21358157587722582
17.58	0.20289072540691316
17.59	0.19534038251448324
17.6	0.2220685115440558
17.61	0.21972688504739663
17.62	0.20337365082103312
17.63	0.2070925592291775
17.64	0.21332506782714322
17.65	0.20739645500466874
17.66	0.20525884725654392
17.67	0.18547348198204888
17.68	0.22544516383785101
17.69	0.17168919216533474
17.7	0.2007268466265464
17.71	0.20569195828662895
17.72	0.2113313698795598
17.73	0.20364445621364907
17.74	0.21953405893185085
17.75	0.21045074874362096
17.76	0.19887389696400126
17.77	0.21483829883259295
17.78	0.1845671958743539
17.79	0.19697146833972654
17.8	0.1842158182576257
17.81	0.19128492175272002
17.82	0.20614727525755333
17.83	0.20467961502257873
17.84	0.2025278119731319
17.85	0.19729416663888916
17.86	0.20963484363580295
17.87	0.18918370853509653
17.88	0.183645863286114
17.89	0.1894070399312445
17.9	0.21136990044045037
17.91	0.19760851196033374
17.92	0.20202674235981535
17.93	0.19726823815094802
17.94	0.17094295518210492
17.95	0.18124373260631424
17.96	0.1879461431653943
17.97	0.18643795538007177
17.98	0.19327580000741035
17.99	0.20457748333818743
18.0	0.19892209123038412
18.01	0.19187345389733962
18.02	0.19771192793943287
18.03	0.18217000293170033
18.04	0.19473190648454505
18.05	0.2181064866140895
18.06	0.20842300409892445
18.07	0.20332820620961012
18.08	0.20200681726765257
18.09	0.19953614049840154
18.1	0.19988426725760902
18.11	0.21840431390091197
18.12	0.1934526385642022
18.13	0.2251859628971786
18.14	0.20376147586328747
18.15	0.2040784100346315
18.16	0.20500586562970208
18.17	0.20274227223366698
18.18	0.19771629778489486
18.19	0.21193737806774443
18.2	0.21080321943305327
18.21	0.1953916652217517
18.22	0.1983468180053992
18.23	0.19977624386098525
18.24	0.2171118511909962
18.25	0.20089414987003312
18.26	0.2075334770789399
18.27	0.21066153433719076
18.28	0.22058091012967454
18.29	0.23276624062590542
18.3	0.21325375579921774
18.31	0.21045941822997527
18.32	0.19951724324780637
18.33	0.19209470787648228
18.34	0.21113622538635662
18.35	0.21670957940752922
18.36	0.21212607123737573
18.37	0.21838274806575178
18.38	0.2269784765861123
18.39	0.20247506595284318
18.4	0.21571068833747517
18.41	0.2053363905503326
18.42	0.20176154548786385
18.43	0.2277942847593556
18.44	0.21222548930659474
18.45	0.20206795958108473
18.46	0.1888690410782899
18.47	0.1899831185685121
18.48	0.20167793943156323
18.49	0.21316014613370657
18.5	0.20999721226179802
18.51	0.1950265435212392
18.52	0.1978749024540646
18.53	0.1902504520782076
18.54	0.20814011270292973
18.55	0.1796487856194625
18.56	0.21520486276919895
18.57	0.19864915393268578
18.58	0.17622971134067925
18.59	0.19756561009325785
18.6	0.1995740628383632
18.61	0.19786059911413204
18.62	0.19242016622063532
18.63	0.19862805056619284
18.64	0.19776751479825672
18.65	0.19136167828690154
18.66	0.19497675912439982
18.67	0.1783350643187069
18.68	0.20062477243150306
18.69	0.2068646874137021
18.7	0.19830277535083346
18.71	0.18586746364019963
18.72	0.19336644758414762
18.73	0.19951628983764413
18.74	0.20092344494963654
18.75	0.19259353221799458
18.76	0.20324730987371178
18.77	0.20080077244856828
18.78	0.19062053566930212
18.79	0.21789591844799894
18.8	0.19085458567641664
18.81	0.18442474938914807
18.82	0.21767433160535876
18.83	0.17959554577507758
18.84	0.2044433629271048
18.85	0.2100956795713623
18.86	0.2033156844786668
18.87	0.19828780299729343
18.88	0.1938072737996693
18.89	0.24306680888596
18.9	0.21096152713010455
18.91	0.216940284019257
18.92	0.1999136408806715
18.93	0.2194212299896262
18.94	0.19239490543490023
18.95	0.21144517482668732
18.96	0.2065862478668023
18.97	0.20568833423289679
18.98	0.21076405736223097
18.99	0.22705170460620627
19.0	0.1966272708575017
19.01	0.22126479683608413
19.02	0.20853657838140613
19.03	0.20966463834278767
19.04	0.22229292790238014
19.05	0.20043583096742756
19.06	0.21034058254311214
19.07	0.21410602267955478
19.08	0.20585330905311303
19.09	0.21554620817258174
19.1	0.2166759826285173
19.11	0.19528658079316716
19.12	0.22256511002470428
19.13	0.20898911136231704
19.14	0.1948656594796507
19.15	0.20204161519174152
19.16	0.2046238680315556
19.17	0.20257508336758204
19.18	0.20460388392970444
19.19	0.2227184506416392
19.2	0.2046606859357137
19.21	0.21663158826632894
19.22	0.20969501322480247
19.23	0.23976221887326377
19.24	0.19692587431684894
19.25	0.19428347137506155
19.26	0.20743400140432233
19.27	0.20555430588509918
19.28	0.19842184625688397
19.29	0.20820777932658463
19.3	0.198722925457263
19.31	0.18774426356413415
19.32	0.20615755195737506
19.33	0.20497028628834493
19.34	0.20929473314202468
19.35	0.18769876934356816
19.36	0.20007202534980784
19.37	0.1963374771963354
19.38	0.2106300700522121
19.39	0.20035152529585384
19.4	0.20665256980298777
19.41	0.20323066162835843
19.42	0.19153247475396187
19.43	0.1897758629737421
19.44	0.21223854948925638
19.45	0.1829584816499729
19.46	0.20016311143816012
19.47	0.20156147415630787
19.48	0.19069584593364436
19.49	0.19053076280296977
19.5	0.19319788905356614
19.51	0.19871567080583905
19.52	0.21779523572494008
19.53	0.19712697564708867
19.54	0.19344337816766166
19.55	0.1905058584934743
19.56	0.19576430792478317
19.57	0.20275616076972328
19.58	0.19713872618571215
19.59	0.19573587668405285
19.6	0.19921625594633077
19.61	0.1979102248851947
19.62	0.18947809598464008
19.63	0.20358646141731876
19.64	0.21110718134524467
19.65	0.20763731055346
19.66	0.21262270465338962
19.67	0.21680469568822774
19.68	0.20591539076030363
19.69	0.2034205657300312
19.7	0.20458153727896156
19.71	0.2277170232679898
19.72	0.21460357828151452
19.73	0.22856007904684558
19.74	0.21601236798037635
19.75	0.21426668212414055
19.76	0.2018723356766628
19.77	0.21971959475611177
19.78	0.213984163604713
19.79	0.21049991165913604
19.8	0.21398258110172097
19.81	0.20765131320433258
19.82	0.23490707888681925
19.83	0.22483791429322256
19.84	0.20939041168162112
19.85	0.21723439659846788
19.86	0.22422606656241126
19.87	0.23355243548187013
19.88	0.21535541668474203
19.89	0.1962576978665693
19.9	0.21532254062954445
19.91	0.2239287243583301
19.92	0.19070124433429803
19.93	0.1999948517641473
19.94	0.2136228170989253
19.95	0.20297026827294923
19.96	0.2206372878744704
19.97	0.2009041024141197
19.98	0.20773420418396138
19.99	0.20454960745064577
20.0	0.21784822608807797
20.01	0.20520135515056673
20.02	0.2035447629361177
20.03	0.20520097446195995
20.04	0.19418251706720308
20.05	0.18566306135508948
20.06	0.2058133612309693
20.07	0.19438296640779712
20.08	0.2069502062909243
20.09	0.20010822360042593
20.1	0.1965918651217105
20.11	0.182478447526505
20.12	0.19380205282505
20.13	0.21153227876619382
20.14	0.19463442495214708
20.15	0.2105401539292267
20.16	0.1791594895032891
20.17	0.19294150290907286
20.18	0.1873044120592559
20.19	0.199110426249447
20.2	0.1848694369230783
20.21	0.20558268807159516
20.22	0.18738142388549076
20.23	0.18871066216750684
20.24	0.20117952702923636
20.25	0.18679823903876136
20.26	0.19288008374693175
20.27	0.1962756786827821
20.28	0.20636238721345337
20.29	0.17704774147079416
20.3	0.19561405378221658
20.31	0.17499981126789732
20.32	0.20376029896385395
20.33	0.1933528550718471
20.34	0.1953411004428731
20.35	0.19400613461031863
20.36	0.17790514367245253
20.37	0.2052314413297056
20.38	0.21838965984451136
20.39	0.19620184452441372
20.4	0.19936265271640308
20.41	0.2001491439845572
20.42	0.20423162309386275
20.43	0.20741983158343974
20.44	0.2058607347003018
20.45	0.21452576358452716
20.46	0.21585556952539506
20.47	0.19258142845294354
20.48	0.19588652339361454
20.49	0.19960237668703873
20.5	0.2007797298945964
20.51	0.22983930659513585
20.52	0.22430878546685232
20.53	0.21059000968367647
20.54	0.21868845865453493
20.55	0.19553071018345403
20.56	0.18000685882154027
20.57	0.22662043642335436
20.58	0.21028683942740858
20.59	0.22455063897523597
20.6	0.21562775195344006
20.61	0.2201962221561634
20.62	0.2178697129967089
20.63	0.216325845017196
20.64	0.2194491836978895
20.65	0.21753332733252978
20.66	0.20534052304009098
20.67	0.21913889551830323
20.68	0.21506162477105956
20.69	0.21536176779571692
20.7	0.20760434852180298
20.71	0.1951009394909835
20.72	0.21410305344815847
20.73	0.20554196916956324
20.74	0.2078864883418873
20.75	0.2281197203365942
20.76	0.222003014279596
20.77	0.21036158341939915
20.78	0.18788490605542768
20.79	0.2052068906378335
20.8	0.21441496127622098
20.81	0.1974581037012321
20.82	0.205325664414544
20.83	0.18723344913159579
20.84	0.19758243788894927
20.85	0.19760263190684696
20.86	0.18058560678911423
20.87	0.18738010631679347
20.88	0.19083610427323927
20.89	0.18666401231776397
20.9	0.1871091587291117
20.91	0.18947654442256548
20.92	0.18977076309152618
20.93	0.17791511809506505
20.94	0.20864006864526735
20.95	0.19142530118120543
20.96	0.19002607525631396
20.97	0.20483342138958543
20.98	0.17810026167543694
20.99	0.2000685844769555
21.0	0.1969866641160606
21.01	0.18371976869582052
21.02	0.19158621176416826
21.03	0.2000082406308759
21.04	0.20323903920387323
21.05	0.17785598343026415
21.06	0.1884656557969207
21.07	0.20956079617420767
21.08	0.19986697171423098
21.09	0.21491589757075424
21.1	0.2049395032693758
21.11	0.20527318157436963
21.12	0.2022727496715877
21.13	0.21828244557651968
21.14	0.2045233560296702
21.15	0.2281596836257466
21.16	0.19752358040956344
21.17	0.1990214287060099
21.18	0.20717761831016132
21.19	0.20005907421626531
21.2	0.1995781644566391
21.21	0.19789750278174167
21.22	0.2133804642655416
21.23	0.211797297452702
21.24	0.22077251621658084
21.25	0.20516653136049406
21.26	0.2161673714061653
21.27	0.2157109745433903
21.28	0.22358925676156535
21.29	0.2030032571536545
21.3	0.21003687723535674
21.31	0.21022203026629296
21.32	0.2313200988131392
21.33	0.20963626370266514
21.34	0.21980482027757126
21.35	0.20771467561674367
21.36	0.20714418147750535
21.37	0.1959528039927289
21.38	0.20480926363332394
21.39	0.20926553718190996
21.4	0.22805827729802797
21.41	0.2248783020396343
21.42	0.21347030545802412
21.43	0.1875024848576738
21.44	0.19709451472732892
21.45	0.22141668654877858
21.46	0.20130361070517636
21.47	0.21372357584071686
21.48	0.2050350821912795
21.49	0.21120676742800418
21.5	0.2086326567270999
21.51	0.2072499327598949
21.52	0.23453407285817154
21.53	0.19962912328989169
21.54	0.19046021958378978
21.55	0.19512644916253266
21.56	0.22502751835524695
21.57	0.20531808007924296
21.58	0.2233526084891159
21.59	0.21421023530945496
21.6	0.19512527008039235
21.61	0.19926802774392194
21.62	0.19963516835195577
21.63	0.18952595211013692
21.64	0.19582646888231375
21.65	0.2005473945236281
21.66	0.2000060580558222
21.67	0.19201410797375287
21.68	0.1960788778918941
21.69	0.18202846524619662
21.7	0.1959812689817429
21.71	0.19398256169491454
21.72	0.19807246130834433
21.73	0.1696349237806331
21.74	0.2068049677843574
21.75	0.19114718755577523
21.76	0.2090341304192167
21.77	0.20094320403358498
21.78	0.1932869799593075
21.79	0.20000563425313428
21.8	0.18694677405896196
21.81	0.19467321584302236
21.82	0.1855611453423532
21.83	0.19818657942936674
21.84	0.2152595974619735
21.85	0.18945214655262727
21.86	0.20238302611380124
21.87	0.18232878139165967
21.88	0.16890981352283624
21.89	0.19605673574412863
21.9	0.21521931785903514
21.91	0.20027789305774898
21.92	0.19726563508466158
21.93	0.18119926641347187
21.94	0.20544346671048114
21.95	0.18715859922297073
21.96	0.19788063943720005
21.97	0.20217350902638911
21.98	0.1981641863497226
21.99	0.1955816713941821
22.0	0.2218716159724961
