10.0	0.2361571318137412
10.01	0.2472315227738453
10.02	0.22945124612767903
10.03	0.23949570888465485
10.04	0.22688668047528385
10.05	0.22853096215895796
10.06	0.24007770056392233
10.07	0.22869906579957178
10.08	0.21460991456653652
10.09	0.218797002372314
10.1	0.22800383682079026
10.11	0.2238770953822393
10.12	0.21773120694060422
10.13	0.22226484376334937
10.14	0.2066574341552403
10.15	0.2088993857350718
10.16	0.19584015288626166
10.17	0.20040256685543426
10.18	0.2122714023098464
10.19	0.21393434338333184
10.2	0.19667014635188373
10.21	0.20200318345760615
10.22	0.20722365142016702
10.23	0.20035076561096848
10.24	0.20319524978246398
10.25	0.20971674610253727
10.26	0.18745086970525068
10.27	0.1966199070291899
10.28	0.18831174171412804
10.29	0.17230108040843653
10.3	0.2005333241986919
10.31	0.18791854326614116
10.32	0.2042015948372355
10.33	0.20054912147262471
10.34	0.18641587044235247
10.35	0.1865483335708303
10.36	0.19178473603213902
10.37	0.1998312190513703
10.38	0.17662048510144282
10.39	0.1881994405079329
10.4	0.16527549711230016
10.41	0.17528145368538894
10.42	0.18072899664406827
10.43	0.17283261157168986
10.44	0.17187458793699706
10.45	0.19086244790701767
10.46	0.1750957212624364
10.47	0.18853752718398745
10.48	0.1849967171480239
10.49	0.20584370764455814
10.5	0.18510375672244095
10.51	0.1700207810813908
10.52	0.17464273547508358
10.53	0.1794999362892615
10.54	0.1971121023706861
10.55	0.18495362308044194
10.56	0.18000259840269608
10.57	0.18914265676586428
10.58	0.18609032840559758
10.59	0.19181208933045976
10.6	0.18247863726088184
10.61	0.18744732385725899
10.62	0.19320421790595982
10.63	0.169814949228025
10.64	0.18792477796701834
10.65	0.180110400001044
10.66	0.20308254906275877
10.67	0.18319581917078426
10.68	0.18890369224154868
10.69	0.19723678889077112
10.7	0.18096423910258164
10.71	0.1782371841118329
10.72	0.1853586861047557
10.73	0.18596557048479742
10.74	0.20175102635552616
10.75	0.18318287841964065
10.76	0.22530594780881197
10.77	0.19811500317215672
10.78	0.20063817521702057
10.79	0.19718661901385243
10.8	0.21223208237043925
10.81	0.20634901523328025
10.82	0.21574163977598285
10.83	0.2007196728053527
10.84	0.21199075968811215
10.85	0.21140119906093885
10.86	0.2126572482549578
10.87	0.2226652265168658
10.88	0.2161408988895274
10.89	0.2124446227183284
10.9	0.21771784609991143
10.91	0.22729802197568993
10.92	0.2051481176025815
10.93	0.2381865651603349
10.94	0.22986341489386874
10.95	0.22131939279402876
10.96	0.22917742055376822
10.97	0.22354260308467597
10.98	0.23198592315233516
10.99	0.21537383990630155
11.0	0.22628067120014467
11.01	0.22238879480460116
11.02	0.2238665624558886
11.03	0.22806978957485763
11.04	0.2282025035853549
11.05	0.2238732456529709
11.06	0.23025866611284296
11.07	0.21886848948926343
11.08	0.22395009807518376
11.09	0.2388963438077092
11.1	0.23996094465248152
11.11	0.2095345196335569
11.12	0.2133163706165197
11.13	0.23159803020583156
11.14	0.23003078137718538
11.15	0.22782488771927062
11.16	0.24622090501300792
11.17	0.22600004493686118
11.18	0.22928759630072448
11.19	0.22658471164499852
11.2	0.23492696505692304
11.21	0.22236286736125674
11.22	0.23246721337497572
11.23	0.23234351029593486
11.24	0.23299115677427784
11.25	0.21066656414610527
11.26	0.22479269904488747
11.27	0.22856512157550438
11.28	0.2136655914925096
11.29	0.21437381687843587
11.3	0.21550565209436073
11.31	0.22308081922135778
11.32	0.21449695593266196
11.33	0.21641272364550979
11.34	0.23202819677707134
11.35	0.20751892143147632
11.36	0.2209731989477782
11.37	0.1982295100206221
11.38	0.2070044353112235
11.39	0.20818328782973
11.4	0.1998005946407966
11.41	0.1984133852533544
11.42	0.21275960102493552
11.43	0.2031325985981624
11.44	0.21581889216599437
11.45	0.21968114841981554
11.46	0.17695472369162116
11.47	0.1928930506510772
11.48	0.20749400348328453
11.49	0.20900065891274397
11.5	0.19986001159712208
11.51	0.17252455677547315
11.52	0.1927868583809898
11.53	0.18096274816690364
11.54	0.17683897918007113
11.55	0.18421635391161892
11.56	0.18428001583367462
11.57	0.18812207148032062
11.58	0.18098298159108103
11.59	0.17048983802400958
11.6	0.1922481116647613
11.61	0.17969095710649186
11.62	0.15675612873439754
11.63	0.18208203221914418
11.64	0.17634121077072312
11.65	0.18371116544917854
11.66	0.19549825145299324
11.67	0.17730188385535575
11.68	0.17143385879138778
11.69	0.16061140221510556
11.7	0.17635975031500475
11.71	0.17862585481095664
11.72	0.18984451802059207
11.73	0.17445383970202655
11.74	0.17001045450156038
11.75	0.1867496665659483
11.76	0.17940680447806187
11.77	0.17506961657338405
11.78	0.17358152160362464
11.79	0.16958992211819693
11.8	0.16277190539939043
11.81	0.18342199488865366
11.82	0.16857075386091236
11.83	0.18691004330292485
11.84	0.1812028026344975
11.85	0.1715396023944036
11.86	0.1757346036397803
11.87	0.16571002666324255
11.88	0.1772667180638609
11.89	0.1661896607198196
11.9	0.1873981074665418
11.91	0.1762106308773937
11.92	0.16928855495342424
11.93	0.17161399079694095
11.94	0.18704578426198076
11.95	0.17723852911929952
11.96	0.1807530177113781
11.97	0.19271898118491299
11.98	0.19261641196784313
11.99	0.17912176848173253
12.0	0.17661936078930895
12.01	0.17358002153320226
12.02	0.2029873817833179
12.03	0.18464728383800402
12.04	0.19547098895176418
12.05	0.18575490343327283
12.06	0.19729651512843013
12.07	0.18858738849706036
12.08	0.20550819497952513
12.09	0.19827087172982186
12.1	0.20933280806007157
12.11	0.19022405164059558
12.12	0.20003258034696259
12.13	0.19154846547684645
12.14	0.19834997927653744
12.15	0.20453937096447938
12.16	0.20632840164786254
12.17	0.20569696256164324
12.18	0.2125629424591661
12.19	0.20206423494321168
12.2	0.22325420061575227
12.21	0.2043544901321192
12.22	0.20596473373915855
12.23	0.21822285613494166
12.24	0.2103805555153909
12.25	0.21757967612470624
12.26	0.2123285233373468
12.27	0.2228216535559792
12.28	0.22161244754961804
12.29	0.240239304676179
12.3	0.2184747729781515
12.31	0.21557552141082814
12.32	0.2215281847423305
12.33	0.23747258391051884
12.34	0.22386769062724787
12.35	0.2373280216900234
12.36	0.21659076689321674
12.37	0.21562301322014416
12.38	0.23500251234955088
12.39	0.23491797300598083
12.4	0.22700143445599186
12.41	0.23045105391755202
12.42	0.24739686473445208
12.43	0.22254745164350984
12.44	0.23785766362782423
12.45	0.24460809524958183
12.46	0.22366630739767804
12.47	0.2494588296084209
12.48	0.2433173277763667
12.49	0.21650897283229786
12.5	0.22294008363323936
12.51	0.20154135981635027
12.52	0.22857422980051723
12.53	0.23681236769120462
12.54	0.2182136020819731
12.55	0.22551321210684083
12.56	0.22964321243532979
12.57	0.24063370775381399
12.58	0.22540626372573827
12.59	0.21851598007012984
12.6	0.21716916519715013
12.61	0.2314886032454496
12.62	0.22338932447552964
12.63	0.2334899147347314
12.64	0.23211408356614707
12.65	0.22425236272282187
12.66	0.22615313695182013
12.67	0.22850541447973474
12.68	0.21226392940849031
12.69	0.2411821898098311
12.7	0.23459390593887997
12.71	0.21502769811165945
12.72	0.21877526053172566
12.73	0.22750696106312862
12.74	0.23116107068028158
12.75	0.20230280504765522
12.76	0.22185254204173305
12.77	0.2274702977152128
12.78	0.21543489085901146
12.79	0.23595734780868324
12.8	0.2051724913459939
12.81	0.22297344716403408
12.82	0.20994765356208536
12.83	0.2134290229358548
12.84	0.2020653974004371
12.85	0.2163750728548671
12.86	0.20721477337820757
12.87	0.20977363549399305
12.88	0.20401094561252495
12.89	0.2108525844503047
12.9	0.2128497480316527
12.91	0.19477069264929237
12.92	0.196680572146059
12.93	0.19421543639412428
12.94	0.19348068197107018
12.95	0.19964591814122323
12.96	0.20508380548224103
12.97	0.20519717881758356
12.98	0.17697583888581161
12.99	0.20259070679285132
13.0	0.21320476850747572
13.01	0.19308997584392532
13.02	0.1899803138545748
13.03	0.1855122963758065
13.04	0.2011921645444483
13.05	0.1954547704141353
13.06	0.19468197712394347
13.07	0.18097743775877867
13.08	0.1965070247816186
13.09	0.1903513326096315
13.1	0.1717837570213067
13.11	0.19906178207551803
13.12	0.20647771794619513
13.13	0.20018871987807044
13.14	0.18856326654859007
13.15	0.16114565901461125
13.16	0.17949309646752715
13.17	0.17273174362160582
13.18	0.1877386601886862
13.19	0.18937668927972345
13.2	0.19358878753605266
13.21	0.17263196181089346
13.22	0.18555235989656088
13.23	0.17318376346910885
13.24	0.2000950729554335
13.25	0.20054302178882855
13.26	0.17832772609765754
13.27	0.2052473143534042
13.28	0.18712570248153082
13.29	0.19639494651038325
13.3	0.1691574108911265
13.31	0.17431957255287867
13.32	0.16254692430326906
13.33	0.1595597190495334
13.34	0.1800235138398124
13.35	0.17764806070753503
13.36	0.19419039940500357
13.37	0.20753473984533183
13.38	0.20095108057945513
13.39	0.18649432424453394
13.4	0.19963641379396158
13.41	0.1765046666229629
13.42	0.19172509317894487
13.43	0.19797619642209927
13.44	0.19934624725338848
13.45	0.18489856987542164
13.46	0.19855659298960035
13.47	0.19748485046927775
13.48	0.1845864858189141
13.49	0.20502061613125555
13.5	0.18286940769700286
13.51	0.19674575580306433
13.52	0.19110768337974915
13.53	0.17681833099221203
13.54	0.21256106068497813
13.55	0.1834252071904101
13.56	0.22246140195999847
13.57	0.19381403085575113
13.58	0.19697660239549497
13.59	0.20836618415355726
13.6	0.19055607074965727
13.61	0.19969330686348125
13.62	0.21493094585677822
13.63	0.2103916559019781
13.64	0.21581620431239137
13.65	0.206492087609513
13.66	0.19030869303104858
13.67	0.19287727400006097
13.68	0.19890423345456876
13.69	0.20106722082558492
13.7	0.2003196059828822
13.71	0.2135451919241625
13.72	0.22515533346288538
13.73	0.2064064248428731
13.74	0.21801461768960126
13.75	0.2187886636983704
13.76	0.2082498558968309
13.77	0.21250650035925903
13.78	0.22071559346730482
13.79	0.2313435927471865
13.8	0.19913696223503094
13.81	0.22682940605322757
13.82	0.20978590287700186
13.83	0.21641920110073748
13.84	0.2196343082147923
13.85	0.21019177633311725
13.86	0.21901763821175957
13.87	0.22305783295337242
13.88	0.22199667613708313
13.89	0.2074668072368448
13.9	0.21349989939587458
13.91	0.2336855364435374
13.92	0.22204305167619368
13.93	0.21153937290565047
13.94	0.21863614071106147
13.95	0.2152327065592695
13.96	0.21690892321728278
13.97	0.2003669506292893
13.98	0.22985094570160333
13.99	0.21473023600042893
14.0	0.22690148328876486
14.01	0.20259709631027442
14.02	0.2212223028057125
14.03	0.2203234791567256
14.04	0.2116858440648029
14.05	0.20054429062533535
14.06	0.2324588809597372
14.07	0.23139171203128592
14.08	0.21926033208639098
14.09	0.21630175928350964
14.1	0.21817142229907388
14.11	0.22459922772227778
14.12	0.21061225734481678
14.13	0.21509075908234587
14.14	0.22141657715202268
14.15	0.2229059524119538
14.16	0.21759090809442477
14.17	0.21085650695828115
14.18	0.2199615489435249
14.19	0.22529698210513668
14.2	0.2050292842479758
14.21	0.21133110480443476
14.22	0.19484566325955913
14.23	0.21054933211106353
14.24	0.2118948922653128
14.25	0.20867051768842157
14.26	0.21681017908639277
14.27	0.22359692216088628
14.28	0.1854331947533654
14.29	0.20844468758214438
14.3	0.19563522556222424
14.31	0.21124786085470326
14.32	0.20165554396566243
14.33	0.18989710852394992
14.34	0.19439851741993702
14.35	0.18986421152015953
14.36	0.19786848958205214
14.37	0.208350686258236
14.38	0.2004250501782338
14.39	0.2039609945104951
14.4	0.21730425146357094
14.41	0.17654422106345666
14.42	0.18634085405223438
14.43	0.17229453223710942
14.44	0.19391915964283146
14.45	0.18305744561306755
14.46	0.19124024821084656
14.47	0.1837649720256578
14.48	0.18559112279905926
14.49	0.16960472317032202
14.5	0.18316948299945668
14.51	0.1817808728095803
14.52	0.18314136995413285
14.53	0.19451172694659905
14.54	0.1851253544735359
14.55	0.16227622579186335
14.56	0.1781102552740205
14.57	0.1648457968823699
14.58	0.18425582003011243
14.59	0.16864337431195747
14.6	0.15593712538255322
14.61	0.1964402126680983
14.62	0.17919267161325578
14.63	0.19477571284220196
14.64	0.1895087608844547
14.65	0.16957250561620668
14.66	0.169477571833238
14.67	0.18642152284685243
14.68	0.1723977852011552
14.69	0.17818006971835346
14.7	0.17905684282311665
14.71	0.1925253030242909
14.72	0.17733727127047985
14.73	0.19144362252852917
14.74	0.19125721381009983
14.75	0.19665993833759687
14.76	0.17214734987618766
14.77	0.19584729704593598
14.78	0.17578297341136687
14.79	0.1909139156869825
14.8	0.18042931909282248
14.81	0.16664501661149383
14.82	0.18889948746170218
14.83	0.17614340202622075
14.84	0.18447445437351467
14.85	0.1693588591136858
14.86	0.15370513228646296
14.87	0.18780075353810075
14.88	0.19194838876828726
14.89	0.20034766323320374
14.9	0.1911957025666472
14.91	0.2056864447104492
14.92	0.19329413653620214
14.93	0.1785011622777866
14.94	0.20190142040829306
14.95	0.18977989716337462
14.96	0.20401734618888295
14.97	0.21225039782431782
14.98	0.21158803328448472
14.99	0.1969555231853791
15.0	0.2146180926608877
15.01	0.20372105376107133
15.02	0.18068523199694186
15.03	0.19668402345297709
15.04	0.2163277567413262
15.05	0.23043101105272643
15.06	0.22356125193242962
15.07	0.20453774883917983
15.08	0.1950289870649279
15.09	0.19841853071006776
15.1	0.21153148678293285
15.11	0.20293484749453475
15.12	0.22053252343309312
15.13	0.21647880918715096
15.14	0.2245016917368682
15.15	0.22772748518941652
15.16	0.20621276829555377
15.17	0.22243051073224196
15.18	0.22963865225300722
15.19	0.23460087859098255
15.2	0.20884541800356612
15.21	0.21612707513135856
15.22	0.2105720229377891
15.23	0.24149357459235968
15.24	0.21506302127761462
15.25	0.21552214242075496
15.26	0.20819489205337893
15.27	0.2226672001172065
15.28	0.2066339018477093
15.29	0.22536126140833876
15.3	0.22134864579497948
15.31	0.2338302384888954
15.32	0.23020034882609272
15.33	0.22809914722548513
15.34	0.23335253254918437
15.35	0.23144899349563802
15.36	0.22540272787910606
15.37	0.23447051371922087
15.38	0.223518301726972
15.39	0.22610144500723672
15.4	0.22702168621944563
15.41	0.2279298675487228
15.42	0.2140594251602717
15.43	0.23658121390812925
15.44	0.21731797067716405
15.45	0.2389658073790875
15.46	0.20343119664066533
15.47	0.2119702250816459
15.48	0.22082985562116586
15.49	0.204377064379596
15.5	0.21765030785358513
15.51	0.20322151081726247
15.52	0.2269999880709184
15.53	0.20723912490037133
15.54	0.21023746767157933
15.55	0.21274408301422573
15.56	0.21529708207429668
15.57	0.2071072368514252
15.58	0.21879765319128572
15.59	0.2013986176143802
15.6	0.21635127821598937
15.61	0.203697657217984
15.62	0.21256675646885934
15.63	0.20892464015667891
15.64	0.18490331036851312
15.65	0.19824668028724962
15.66	0.20074138524554772
15.67	0.18718262113382
15.68	0.1867170512553108
15.69	0.1806448226616011
15.7	0.19565253006234334
15.71	0.1913928596810105
15.72	0.1793463318806634
15.73	0.19440438956619358
15.74	0.18621243448509875
15.75	0.17998429793414158
15.76	0.16727862140097796
15.77	0.17493480550160728
15.78	0.17752184019297804
15.79	0.17058265745106616
15.8	0.17129157938905323
15.81	0.1855589855868197
15.82	0.16314329424681384
15.83	0.16217660430663222
15.84	0.1774207174582721
15.85	0.1721376381636274
15.86	0.16203743351473895
15.87	0.19186874260027953
15.88	0.18316812185048406
15.89	0.18561135470001497
15.9	0.17502920756380422
15.91	0.1723630423680576
15.92	0.17111580790706227
15.93	0.17035193644171243
15.94	0.1883298934137462
15.95	0.1668927913720868
15.96	0.17891563825461246
15.97	0.1807527670038389
15.98	0.18100828254391135
15.99	0.1628634194185994
16.0	0.17854685960237265
16.01	0.1773813085198335
16.02	0.1750761187617486
16.03	0.18320342353340724
16.04	0.1861191876829792
16.05	0.169585698327995
16.06	0.17250513781243793
16.07	0.19502820060775156
16.08	0.16410924317895012
16.09	0.16449546296955891
16.1	0.18045193431610623
16.11	0.1755999487918478
16.12	0.1835217007784366
16.13	0.19313611263468483
16.14	0.18183907747111128
16.15	0.19820552542855197
16.16	0.1882455199945546
16.17	0.1914776958392762
16.18	0.19320779187135864
16.19	0.19600168610282093
16.2	0.19138788027726594
16.21	0.19705974743875931
16.22	0.19592595705172533
16.23	0.20617303474010115
16.24	0.19811777436621966
16.25	0.19129142254520126
16.26	0.20602096381797677
16.27	0.18923986464441855
16.28	0.22180291706262162
16.29	0.20619029835005243
16.3	0.19341941858464962
16.31	0.2028094489278102
16.32	0.21542215409805415
16.33	0.2123376597021115
16.34	0.20426719735781834
16.35	0.20656887652483388
16.36	0.20594096625631064
16.37	0.22020466857296345
16.38	0.22595287249984317
16.39	0.2205598704450124
16.4	0.21245296194178984
16.41	0.2359165761568376
16.42	0.23196750523529738
16.43	0.21937398005896844
16.44	0.2174525820298164
16.45	0.23709734674831612
16.46	0.218295028855025
16.47	0.20511411357123358
16.48	0.23351389963471697
16.49	0.21555244022549577
16.5	0.22217484780579447
16.51	0.21006532379219134
16.52	0.22966514121163198
16.53	0.23269311428097356
16.54	0.2413104445833873
16.55	0.23026428419681083
16.56	0.23938879305473057
16.57	0.22678857553598575
16.58	0.22913922011696916
16.59	0.22645778091587773
16.6	0.23740244071505498
16.61	0.2432405186462509
16.62	0.22324025497189892
16.63	0.2101843476665251
16.64	0.2349104389569459
16.65	0.22193005026604626
16.66	0.22758596290962363
16.67	0.23163913694934316
16.68	0.22321815876353754
16.69	0.2163010315920368
16.7	0.23050614158475516
16.71	0.22285428027762663
16.72	0.25034759963034126
16.73	0.22233982991685527
16.74	0.21747857445864088
16.75	0.22608525292450302
16.76	0.20198707103823005
16.77	0.23128233165516987
16.78	0.2170814278737209
16.79	0.2202213182263613
16.8	0.22336211328488978
16.81	0.22620269689008232
16.82	0.2262199532961345
16.83	0.20848064003425804
16.84	0.21399895240307243
16.85	0.22023469517945118
16.86	0.19873611935341165
16.87	0.19614696920139327
16.88	0.2259312976220627
16.89	0.2306608888339899
16.9	0.1963636444259489
16.91	0.19720957869333777
16.92	0.22400098520299583
16.93	0.19466361761904535
16.94	0.21500754266556207
16.95	0.20644912280548136
16.96	0.1723163703368457
16.97	0.17340510859818342
16.98	0.17803714715450888
16.99	0.19103493007330957
17.0	0.19951626964246702
17.01	0.20007748042937676
17.02	0.1918535328826601
17.03	0.19970087559586547
17.04	0.1834632314813897
17.05	0.18826505422632567
17.06	0.19407971411479838
17.07	0.19171077767692632
17.08	0.197961671906787
17.09	0.18204879087000075
17.1	0.1823273306132244
17.11	0.2017554426500435
17.12	0.16928844101422347
17.13	0.1849139409643126
17.14	0.17996716848761563
17.15	0.18260452386728743
17.16	0.19019881850162146
17.17	0.19589900107070898
17.18	0.19025909020576748
17.19	0.1782877388758088
17.2	0.1894194749030843
17.21	0.17108951038736805
17.22	0.19214684165704732
17.23	0.19918142766326524
17.24	0.17907034933458196
17.25	0.18604359530295533
17.26	0.17838431326750898
17.27	0.18029604257422857
17.28	0.1755446593290243
17.29	0.18172023381528782
17.3	0.178550029898994
17.31	0.17641094967094328
17.32	0.1818365205159903
17.33	0.1875198290660557
17.34	0.18150090542961334
17.35	0.19552637329172357
17.36	0.19793458959516994
17.37	0.17745626892247254
17.38	0.17674090659407588
17.39	0.1895279646814346
17.4	0.19780838813257673
17.41	0.18790897780119484
17.42	0.18643239882364795
17.43	0.2006540484583419
17.44	0.18939953028471673
17.45	0.18653446503221088
17.46	0.20187795229416036
17.47	0.18519142670136954
17.48	0.18475012247039463
17.49	0.21880803768158386
17.5	0.1849974319390583
17.51	0.19702556675418123
17.52	0.18418262954146492
17.53	0.21169732675895414
17.54	0.20773502221906365
17.55	0.21131854147065143
17.56	0.19447370246387335
17.57	0.19990400013485726
17.58	0.2153800280903022
17.59	0.2100012721500235
17.6	0.19803041721244247
17.61	0.20290420732096012
17.62	0.21910270477737945
17.63	0.1941909149426528
17.64	0.20413287916508183
17.65	0.23099252626929764
17.66	0.19948716861538662
17.67	0.22386292970645555
17.68	0.22043680674579522
17.69	0.20959171912973676
17.7	0.20446866966663135
17.71	0.2081280444019703
17.72	0.21561484344677595
17.73	0.2164453443073882
17.74	0.22336404910696428
17.75	0.2110703424532256
17.76	0.21689402653180967
17.77	0.23007649435126026
17.78	0.22402649187569634
17.79	0.22641085916682635
17.8	0.22460321404994524
17.81	0.23413951979825537
17.82	0.22953412819963537
17.83	0.22808466163072072
17.84	0.2259817952845876
17.85	0.225129995905253
17.86	0.21728298517106517
17.87	0.2250554454226893
17.88	0.22601169939468563
17.89	0.22155738268963235
17.9	0.21335427135888463
17.91	0.22542779396192708
17.92	0.21341132956231076
17.93	0.22007914168320813
17.94	0.21194622494246482
17.95	0.21164279488478868
17.96	0.22361991284105895
17.97	0.21029318950648945
17.98	0.2165949601859534
17.99	0.21322229357400743
18.0	0.22522087439976987
18.01	0.19738269240480663
18.02	0.20230817242881746
18.03	0.2104096714774447
18.04	0.22088297294658907
18.05	0.19586978129295537
18.06	0.19386612556754704
18.07	0.20672349472736834
18.08	0.2029618283346914
18.09	0.21120055229934123
18.1	0.20278598002655368
18.11	0.1963913863416104
18.12	0.19811585400014095
18.13	0.20400591302345356
18.14	0.19173336816775396
18.15	0.18974919160796536
18.16	0.20333939421740277
18.17	0.208459801189825
18.18	0.1943463514727351
18.19	0.18249388384105739
18.2	0.18897590834096312
18.21	0.1986985914847533
18.22	0.18844826357117442
18.23	0.1981484936960217
18.24	0.16992792244149302
18.25	0.17924754416213948
18.26	0.19849993943650318
18.27	0.1714468633369587
18.28	0.18402632616897202
18.29	0.17056297993355277
18.3	0.1768725245969478
18.31	0.18686577436592575
18.32	0.1825013663644193
18.33	0.16107434875582954
18.34	0.1920752515289185
18.35	0.16776093951531593
18.36	0.17283491605768903
18.37	0.19465784343111447
18.38	0.17559727025465413
18.39	0.1868867885194523
18.4	0.18573552459495402
18.41	0.17939636497689265
18.42	0.19354709370269335
18.43	0.191950554656993
18.44	0.19499178673557083
18.45	0.18537099983886177
18.46	0.1752135162074113
18.47	0.17804971068306238
18.48	0.16912721399211933
18.49	0.20640270600779054
18.5	0.1711975397644687
18.51	0.17937400314730217
18.52	0.1858744627728413
18.53	0.1816740311542554
18.54	0.18693501370410154
18.55	0.19136743164020903
18.56	0.18785136644538608
18.57	0.2056012413933579
18.58	0.19312450261934166
18.59	0.20224457707891638
18.6	0.19940174363568267
18.61	0.1848993103737861
18.62	0.19371412943318436
18.63	0.1876407540111446
18.64	0.17515932097090975
18.65	0.18518015261154988
18.66	0.20667542791894072
18.67	0.21117455410207758
18.68	0.19111376545353748
18.69	0.20933609462236935
18.7	0.20952244189809943
18.71	0.18877189006341832
18.72	0.21306710675435583
18.73	0.18653490788736382
18.74	0.20602639303722894
18.75	0.21819477117314842
18.76	0.22086775137971904
18.77	0.20817751878479604
18.78	0.21700830966350113
18.79	0.21066395899939014
18.8	0.2089628506439708
18.81	0.21175995832559943
18.82	0.22345475802325823
18.83	0.20954612321800167
18.84	0.21344912757839227
18.85	0.2330113140233107
18.86	0.23921178219673164
18.87	0.21857181717169302
18.88	0.2215793887431262
18.89	0.22083254487187245
18.9	0.21571791350179628
18.91	0.2242600702298835
18.92	0.23455008196693206
18.93	0.22461595929588385
18.94	0.2313806442090792
18.95	0.23477797703118974
18.96	0.22609593528043476
18.97	0.2319172629611125
18.98	0.22651426764741667
18.99	0.23336961675196813
19.0	0.23872367322840055
19.01	0.24156342390364963
19.02	0.20002825637137026
19.03	0.22254288093456026
19.04	0.23723337742694947
19.05	0.22446028066386575
19.06	0.21956838373101883
19.07	0.22013757907171064
19.08	0.22401707436013557
19.09	0.21836569156046956
19.1	0.2354829159880204
19.11	0.22855617804210598
19.12	0.230627393732262
19.13	0.21641725570568976
19.14	0.22927770834205916
19.15	0.20274764655572544
19.16	0.21250290669907115
19.17	0.20748589634353035
19.18	0.21259812824076665
19.19	0.2093993814771503
19.2	0.2099049995326582
19.21	0.20254071393492093
19.22	0.21516787180610752
19.23	0.21614250709110286
19.24	0.21936575517553766
19.25	0.19631335098710548
19.26	0.2046280343861585
19.27	0.20996234577972447
19.28	0.21499082923979781
19.29	0.20338157261885104
19.3	0.20195665315256597
19.31	0.2149293258849118
19.32	0.18521989287074442
19.33	0.20394345490110136
19.34	0.19457452578375786
19.35	0.20830122151131938
19.36	0.20175878465866898
19.37	0.17969238999691545
19.38	0.20445003650703736
19.39	0.1936452250379577
19.4	0.17368407036964664
19.41	0.190427207553175
19.42	0.18222019273928372
19.43	0.19640839516422295
19.44	0.18415231909275248
19.45	0.2041625299609208
19.46	0.19461256832249935
19.47	0.19139367348927222
19.48	0.18929333076708982
19.49	0.16995115549950876
19.5	0.1810235113232562
19.51	0.1934581929690106
19.52	0.19146875759523616
19.53	0.1761228311329283
19.54	0.17682667303542896
19.55	0.18424189664956991
19.56	0.16174438604568958
19.57	0.15376116171465914
19.58	0.17489884611652062
19.59	0.1810332939140344
19.6	0.17415868817521984
19.61	0.16911984124043056
19.62	0.17273412716714373
19.63	0.16197792269236863
19.64	0.16927656729211582
19.65	0.18829746123328442
19.66	0.14271990976540683
19.67	0.19259020181091754
19.68	0.16983621218001843
19.69	0.16786280209461654
19.7	0.1730707360391788
19.71	0.18444432940833774
19.72	0.16571484211667614
19.73	0.17469801815985958
19.74	0.1793019751863747
19.75	0.1799591061528876
19.76	0.17731325858972163
19.77	0.16890153171927552
19.78	0.17037026349313644
19.79	0.17913713363277797
19.8	0.19247404740827717
19.81	0.19671017287320408
19.82	0.16893801874044678
19.83	0.1797593810075011
19.84	0.18836961893794105
19.85	0.17491838568635987
19.86	0.1773119612260121
19.87	0.19658553821164745
19.88	0.19865253629448842
19.89	0.18018909948559525
19.9	0.18188199215157916
19.91	0.1807790497933897
19.92	0.16415367124981087
19.93	0.19091768747653176
19.94	0.18256376850329484
19.95	0.20018315037901738
19.96	0.19778349629935454
19.97	0.1961289647910789
19.98	0.20496490227504982
19.99	0.1971948336472509
20.0	0.2007341304175023
20.01	0.18400794956759825
20.02	0.2010206568297054
20.03	0.2068056621554105
20.04	0.17151506031559038
20.05	0.19155203793890346
20.06	0.18909085415083146
20.07	0.20754210918005475
20.08	0.20336224486923027
20.09	0.21649711889856152
20.1	0.20733743578305558
20.11	0.2148890912150664
20.12	0.20629863852778235
20.13	0.21879097722841429
20.14	0.20528307817688732
20.15	0.2164958970135107
20.16	0.20288657795163292
20.17	0.20409667841499035
20.18	0.20667182057921793
20.19	0.20856841434627285
20.2	0.18929423982091112
20.21	0.2042269770529438
20.22	0.19102084182734028
20.23	0.20430327125661182
20.24	0.21516860250448003
20.25	0.21890141895722934
20.26	0.20559252098991554
20.27	0.21703007515265754
20.28	0.21649945156381845
20.29	0.20269016111154764
20.3	0.2185676957272844
20.31	0.19009677621033486
20.32	0.23616857049672088
20.33	0.2003154386546941
20.34	0.22036349397750632
20.35	0.2076637224452432
20.36	0.2107350951515968
20.37	0.21964867093973187
20.38	0.22217719641326444
20.39	0.21853954145083843
20.4	0.21351141811845778
20.41	0.21829755381957713
20.42	0.19567181454584148
20.43	0.21237431903679302
20.44	0.20344542630685877
20.45	0.22773615069614225
20.46	0.19100834371102066
20.47	0.1959288213348857
20.48	0.21676930859523716
20.49	0.19866426961723588
20.5	0.20514869810946876
20.51	0.2120754122650763
20.52	0.19356667146833403
20.53	0.2000440962738082
20.54	0.21009851432786208
20.55	0.19351471194311148
20.56	0.1815567796845944
20.57	0.19439483476651356
20.58	0.20720788117530975
20.59	0.19185056347781523
20.6	0.1958911392398073
20.61	0.18729587395422648
20.62	0.1891169628540304
20.63	0.1857269806534169
20.64	0.18834404725167667
20.65	0.1970707221698961
20.66	0.187799217490707
20.67	0.18891383502222617
20.68	0.20538892577509518
20.69	0.18023159419135684
20.7	0.18803536326388218
20.71	0.17446903976126152
20.72	0.17924830144404108
20.73	0.1836268619567365
20.74	0.16180698785535627
20.75	0.19058118876235652
20.76	0.18525220425635408
20.77	0.17885675234843101
20.78	0.16300554403526876
20.79	0.17642324694237008
20.8	0.1554248860483769
20.81	0.17654446565617277
20.82	0.17887308246008737
20.83	0.17100306327312143
20.84	0.17833855981168126
20.85	0.18445628480391987
20.86	0.17822818929970385
20.87	0.18920923055039937
20.88	0.16952010979760798
20.89	0.15919746792039924
20.9	0.1622245193149843
20.91	0.16986071142327758
20.92	0.1659521820600241
20.93	0.1743087644509169
20.94	0.16424048310294787
20.95	0.17036955330794784
20.96	0.1977606744622706
20.97	0.18341631736608313
20.98	0.15709357225784187
20.99	0.16721633026781646
21.0	0.18195748817246962
21.01	0.16635654121999194
21.02	0.16651598539197218
21.03	0.17877651599552888
21.04	0.17733421133513994
21.05	0.18500520337366574
21.06	0.16614673751551182
21.07	0.16139582927089835
21.08	0.17777006272961654
21.09	0.18431462233859647
21.1	0.17493255826731988
21.11	0.17841351812863665
21.12	0.1694393779691042
21.13	0.17577411854191363
21.14	0.18475683413767527
21.15	0.1838085273260121
21.16	0.17223695899147692
21.17	0.19190832603202054
21.18	0.19185271103468332
21.19	0.18553757724904876
21.2	0.1827229713671642
21.21	0.189027839832283
21.22	0.1907229831390615
21.23	0.19436768760028486
21.24	0.19588822425517885
21.25	0.1976449202990356
21.26	0.19715286325202183
21.27	0.20469371706069386
21.28	0.18897934199383412
21.29	0.20848644230946223
21.3	0.20150015526982337
21.31	0.20051759439670697
21.32	0.21785201656235414
21.33	0.20581431135311085
21.34	0.21763018110213128
21.35	0.19810788846881677
21.36	0.20623179726649513
21.37	0.2003876505475732
21.38	0.22697001546861195
21.39	0.2003596160687268
21.4	0.20934833284076435
21.41	0.22540368901072952
21.42	0.20886323788028077
21.43	0.1982060757674723
21.44	0.21577736107553835
21.45	0.19478154329926642
21.46	0.20855008849746254
21.47	0.23918183225163647
21.48	0.2137604439929238
21.49	0.21011460539802337
21.5	0.21925848149993257
21.51	0.22851069170241892
21.52	0.20716326197800802
21.53	0.20170323525156433
21.54	0.21294355048762378
21.55	0.20020801687458745
21.56	0.20813801297484902
21.57	0.2158086094003031
21.58	0.20555342204199126
21.59	0.22574839219092466
21.6	0.2069625049213003
21.61	0.21884283212054387
21.62	0.22149701803726568
21.63	0.20051164428024396
21.64	0.2000429643965656
21.65	0.21109040946386334
21.66	0.2128193597198504
21.67	0.2152747848002045
21.68	0.19859784945015724
21.69	0.2186706131854829
21.7	0.23136737754574446
21.71	0.22154342216315828
21.72	0.21387010550258262
21.73	0.1865403342662532
21.74	0.20854923056462077
21.75	0.19514472300843264
21.76	0.17890695064000564
21.77	0.196861642953111
21.78	0.19714200134946525
21.79	0.20043952965985407
21.8	0.17914810950232152
21.81	0.18172315845146259
21.82	0.18512973295956053
21.83	0.20308448844206067
21.84	0.1975479037820767
21.85	0.19728559736092063
21.86	0.1844944942773474
21.87	0.19724608926230394
21.88	0.18858400665683545
21.89	0.16881207662456782
21.9	0.20058457040957503
21.91	0.19940649539705518
21.92	0.1673521960481521
21.93	0.18301592236517408
21.94	0.20094483126328969
21.95	0.18219903419314307
21.96	0.19186535209362712
21.97	0.1757641438780036
21.98	0.17513387221043705
21.99	0.18467744320251073
22.0	0.15171342550938333
