10.01	2.853837836420514
10.02	2.9870782393470843
10.03	2.842621651344185
10.04	3.1084320204318923
10.05	3.102103365502911
10.06	3.1268713180031122
10.07	2.8641180049751243
10.08	2.863501225304597
10.09	2.859749931784113
10.1	2.8469255491964494
10.11	2.8428109527015737
10.12	2.8460867950121456
10.13	2.5884752649070664
10.14	2.85196847276512
10.15	2.8516832762501205
10.16	2.5918037395263473
10.17	2.574025711794005
10.18	2.3306700531939977
10.19	2.3382156538761123
10.2	2.329122469931862
10.21	2.3442128778602354
10.22	2.335125156330825
10.23	2.2027600431417835
10.24	2.0806432384985616
10.25	2.087172944111527
10.26	1.682437471301174
10.27	1.70332609227243
10.28	1.5490221832879136
10.29	1.5505521494284478
10.3	1.5419617309202007
10.31	1.5555406487441163
10.32	1.2893219067432606
10.33	1.035854430671364
10.34	1.311008312160882
10.35	1.0397915807528297
10.36	1.01945487499623
10.37	0.773121046013345
10.38	0.7778315243431485
10.39	0.5062182822337621
10.4	0.5220772145386542
10.41	0.513315560016759
10.42	0.5129685913264753
10.43	0.27440379016402794
10.44	-0.001119094053270859
10.45	0.27873189909140805
10.46	0.26110131044973345
10.47	0.25711232380067417
10.48	0.13194934062680977
10.49	0.013078239107247584
10.5	-0.010276320935480332
10.51	0.2724427503234362
10.52	0.0011615583068988401
10.53	0.004435832317451687
10.54	0.0016879363390640537
10.55	0.013915645025089874
10.56	-0.001073520028169035
10.57	-0.006531295359724775
10.58	-0.003445568297748784
10.59	-0.0023226238182134347
10.6	0.0036161389743923846
10.61	-0.005557423862676904
10.62	-0.006429821148981371
10.63	0.14335229350013626
10.64	0.14352724291642938
10.65	0.013394550597005684
10.66	0.2679148201155145
10.67	0.27625827916121126
10.68	0.23532144914824465
10.69	0.25871409994911054
10.7	0.2577083762905993
10.71	0.5063484335368221
10.72	0.5320539393120988
10.73	0.515444166264517
10.74	0.5278380211557581
10.75	0.5117003051707495
10.76	0.6411166802461702
10.77	0.7870443259780051
10.78	0.5262612906825023
10.79	0.5176458860238883
10.8	0.775116217671137
10.81	0.7753974260356885
10.82	0.7859571629280514
10.83	0.7817984663824858
10.84	0.7787429154108934
10.85	0.7872596612193948
10.86	1.0430158654983948
10.87	1.0357111395806444
10.88	1.043284271926273
10.89	1.0323085934295386
10.9	0.9068133077405407
10.91	1.0352906638296766
10.92	1.030103459923105
10.93	1.028712270387372
10.94	0.7653998520453308
10.95	1.0354748689826436
10.96	0.7816618850021334
10.97	1.025816417986033
10.98	1.054575966836532
10.99	0.9008506565804272
11.0	0.7846893277532437
11.01	0.7819943244084894
11.02	0.8994206716837415
11.03	0.9086434344653811
11.04	0.9289115290016059
11.05	1.0225434795529558
11.06	1.0178074817350509
11.07	1.0279601397279934
11.08	1.0589897294491437
11.09	1.0427809349220825
11.1	0.9166734915413601
11.11	0.9150910467280388
11.12	0.7761332339996065
11.13	1.039580421407488
11.14	1.0267647755024134
11.15	0.7850566061517578
11.16	0.768771707695464
11.17	1.0701632173619644
11.18	0.9063661597846175
11.19	1.0009728904868098
11.2	1.0341763520802247
11.21	1.0365721102315684
11.22	0.7847951623024502
11.23	1.029233530235086
11.24	1.0391430524249945
11.25	1.0342988655616352
11.26	1.294659534689779
11.27	1.4159873265311749
11.28	1.0432611729365466
11.29	1.3001418663827697
11.3	1.1598427833159326
11.31	1.3026035393499966
11.32	1.1588030871137267
11.33	1.303003899714559
11.34	1.5643777484890218
11.35	1.5530902255378636
11.36	1.683284917808268
11.37	1.5581986522295213
11.38	1.6810622548771108
11.39	1.5573431932421842
11.4	1.5818089908560689
11.41	1.5451513373184012
11.42	1.6798565503935383
11.43	1.7969864407719502
11.44	1.9541556207664434
11.45	2.05380673103104
11.46	1.8254765810684082
11.47	2.067521897399339
11.48	2.0621916218645193
11.49	2.0794305854069624
11.5	2.3336959078015225
11.51	2.0867801452381207
11.52	2.3366918299694683
11.53	2.3389845707603927
11.54	2.58487449800153
11.55	2.581455264304626
11.56	2.3418025864274563
11.57	2.5860051509067143
11.58	2.580188710378147
11.59	2.605872276141178
11.6	2.5955568723103206
11.61	2.8506664917908635
11.62	2.58386509378891
11.63	2.58852507950478
11.64	2.5939397032935387
11.65	2.6099673626278475
11.66	2.5836875785958826
11.67	2.600245618520998
11.68	2.587960362479105
11.69	2.84786300436936
11.7	2.8495671013785
11.71	2.575870495600834
11.72	2.6008568269359853
11.73	2.3427934665049417
11.74	2.57546459005826
11.75	2.610044969941395
11.76	2.58891189408227
11.77	2.4767370459146556
11.78	2.6091180921757338
11.79	2.6026380670030624
11.8	2.3370690670222833
11.81	2.3489965146122262
11.82	2.0751355112205325
11.83	2.3335894797780514
11.84	2.074527871953249
11.85	2.0812760825422933
11.86	2.3385424241041117
11.87	2.211025914797616
11.88	2.0767791724455114
11.89	2.0676022358791015
11.9	2.2009347304041773
11.91	2.0669423923606383
11.92	2.3436643611155854
11.93	2.059225774626621
11.94	2.0745785459963026
11.95	2.0822355688609773
11.96	2.0611395787200726
11.97	2.0683018991329973
11.98	2.083549055168841
11.99	2.2154579160067738
12.0	2.3373087651138515
12.01	2.334905138139848
12.02	2.0752690963792237
12.03	2.066930913739304
12.04	2.196022672066408
12.05	2.0898468377026846
12.06	2.083774595575675
12.07	2.337484138120944
12.08	2.2179051311295384
12.09	2.104915210331616
12.1	2.2047961804678007
12.11	2.0824614770719965
12.12	2.0636564391856007
12.13	2.070243582218424
12.14	2.0714524291359586
12.15	2.07926192760902
12.16	2.0917574007926127
12.17	2.0653015437903273
12.18	2.074802967975156
12.19	2.07365108046493
12.2	2.089625699120629
12.21	1.6881468414675813
12.22	2.0736733583783016
12.23	2.082605097076192
12.24	2.063565618024318
12.25	2.076542917682477
12.26	2.0720728377431974
12.27	1.6976432701885515
12.28	1.6929661806556127
12.29	1.6733848454826128
12.3	1.6992532887734717
12.31	1.6979328824467113
12.32	1.6869332508181136
12.33	1.6829920176739597
12.34	2.071223859521355
12.35	1.6862957317855658
12.36	2.0614818475584498
12.37	1.6885565384393595
12.38	1.679575874291727
12.39	1.6894068673931002
12.4	1.6885588248428813
12.41	1.672223715894207
12.42	1.5609885379523196
12.43	1.6835777029535588
12.44	1.6928149507738277
12.45	1.6788734268668586
12.46	1.6912553228537086
12.47	1.5580990896694882
12.48	1.6696911292175218
12.49	1.6769367101230381
12.5	1.692456929177032
12.51	2.093456553994065
12.52	1.679310576453498
12.53	1.677735586486393
12.54	1.6755461215501122
12.55	2.07181414030499
12.56	2.0792019420024106
12.57	2.0643661634746224
12.58	2.3346557820472165
12.59	2.071953597149814
12.6	2.3301062277117595
12.61	2.0628349383147406
12.62	2.595451949916677
12.63	2.585733894414352
12.64	2.332776627189858
12.65	2.59152408358789
12.66	2.587257409494538
12.67	2.84428123068834
12.68	2.8514221955731105
12.69	3.1146778821177996
12.7	3.0972592858799017
12.71	3.1108151857288804
12.72	3.0973938235160325
12.73	3.120861151140989
12.74	3.119069490229237
12.75	3.251593307659223
12.76	3.2476497464976135
12.77	3.381695710234047
12.78	3.3643209308125175
12.79	3.385257760678388
12.8	3.3595270277553344
12.81	3.371211760364543
12.82	3.6088779609219888
12.83	3.4934947947755033
12.84	3.6387089411956923
12.85	3.6366815211985557
12.86	3.632885423260449
12.87	3.4981597533355218
12.88	3.5193515061461986
12.89	3.64897214558055
12.9	3.3673266855172135
12.91	3.6174341779954875
12.92	3.629545159237221
12.93	3.5076476286164304
12.94	3.352316124084211
12.95	3.639436890134436
12.96	3.3665124042811327
12.97	3.620393282725965
12.98	3.3768065466184622
12.99	3.355381725121333
13.0	3.243180162902493
13.01	3.367043051924424
13.02	3.3707101546204172
13.03	3.120602110746281
13.04	3.3632778539551147
13.05	3.359274036420837
13.06	3.3876509055975452
13.07	3.095325350461976
13.08	3.1045599790705425
13.09	3.1222962449806935
13.1	3.1194120817311917
13.11	3.1179651309617116
13.12	2.8531784146703667
13.13	2.856588233272391
13.14	2.981666546663435
13.15	2.8384159118789114
13.16	2.853287267695228
13.17	2.745509122301384
13.18	2.8610856161908624
13.19	2.849680560418184
13.2	2.598306219284832
13.21	2.5984418793406943
13.22	2.60777539010482
13.23	2.5835211138808107
13.24	2.5991695943126953
13.25	2.7365461103173274
13.26	2.3235569128861484
13.27	2.4606683386141768
13.28	2.334377994683148
13.29	2.3295653733155013
13.3	2.5935703846299596
13.31	2.3478704841495976
13.32	2.3358041089777295
13.33	2.201983521682263
13.34	2.3326579201609308
13.35	2.321529251776923
13.36	2.320826617491362
13.37	2.3244166943290914
13.38	2.0872157127615796
13.39	2.0723628880599043
13.4	2.06730017777042
13.41	2.325208898059813
13.42	2.320423830683027
13.43	2.324812955845749
13.44	2.343681042381188
13.45	2.3465758478795817
13.46	2.3502710750510962
13.47	2.332453177919352
13.48	2.3389558288433703
13.49	2.341169113942394
13.5	2.3330911113580894
13.51	2.201377048146194
13.52	2.3335174945292345
13.53	2.3316031338287866
13.54	2.3334629356881247
13.55	2.6175391939692387
13.56	2.324922645173909
13.57	2.4590031468506885
13.58	2.3351866392703626
13.59	2.3346385926683246
13.6	2.3299049633144144
13.61	2.6052073900587303
13.62	2.591119304152822
13.63	2.5920152063664648
13.64	2.5997545781378357
13.65	2.5992717042720286
13.66	2.59410174010417
13.67	2.6056460769912246
13.68	2.5968067385820173
13.69	2.601793222963374
13.7	2.6026649547182226
13.71	2.5908048890573667
13.72	2.593771366143114
13.73	2.7310513209628535
13.74	2.5930463306239506
13.75	2.8460214584263976
13.76	2.6042442456330397
13.77	2.5970051291093266
13.78	2.856448445734767
13.79	2.8642627663582494
13.8	2.8819313712879144
13.81	2.8523746729047135
13.82	2.852131307346995
13.83	2.7191580663010173
13.84	2.848923108511328
13.85	2.836165586095761
13.86	2.602657245801245
13.87	2.869215569436466
13.88	2.60022732946946
13.89	2.607340011322183
13.9	2.4765740773976557
13.91	2.57496904807489
13.92	2.597651981397341
13.93	2.4529603466140535
13.94	2.3419737322552083
13.95	2.342328414903894
13.96	2.06970188788144
13.97	2.07728779010764
13.98	1.671811676765791
13.99	1.9561811592572684
14.0	1.6808797004422396
14.01	1.689922784969987
14.02	1.7070567088786577
14.03	2.088958414475001
14.04	1.5574228034117488
14.05	1.5553905633433374
14.06	1.5785100997109345
14.07	1.5575496517883132
14.08	1.5434733977382644
14.09	1.5611289622682738
14.1	1.5605701679468726
14.11	1.5610479483425268
14.12	1.2911763346208827
14.13	1.318029048756963
14.14	1.5435337433789342
14.15	1.4272719195126116
14.16	1.3045676779709718
14.17	1.292019250882412
14.18	1.3088509224894453
14.19	1.3078407112936536
14.2	1.2999683521779097
14.21	1.3066061836481362
14.22	1.169338889006733
14.23	1.3032716386926135
14.24	1.281061538637556
14.25	1.418496620873964
14.26	1.3008502989164288
14.27	1.5745935202516808
14.28	1.2914703499067173
14.29	1.3076671098868586
14.3	1.3017728777303814
14.31	1.302323225920101
14.32	1.2977478398586382
14.33	1.5354361092739484
14.34	1.5584204353770577
14.35	1.4108839181740946
14.36	1.5388028945634982
14.37	1.5449689836843166
14.38	1.3049659387189243
14.39	1.5393011938886605
14.4	1.5468807376098046
14.41	1.28955358785793
14.42	1.5653012106396134
14.43	1.5464094456356636
14.44	1.5618322452291642
14.45	1.5542210332384712
14.46	1.6818762593767724
14.47	1.2980548339953497
14.48	1.5687579327757804
14.49	1.565283836471683
14.5	1.55122137622159
14.51	1.5679504206562591
14.52	1.5607042984064297
14.53	1.6920962018806927
14.54	1.5690067511048185
14.55	1.6861443199121655
14.56	1.6792745016387063
14.57	1.5508103644414446
14.58	1.5569011930089662
14.59	1.6997359980651077
14.6	1.5462829967203922
14.61	1.6804298523218315
14.62	1.6958827691615095
14.63	1.6874463095113834
14.64	1.796890681935543
14.65	2.0665630507426864
14.66	1.6847256156275077
14.67	2.062612476732252
14.68	1.6856811817846584
14.69	2.0573384267484935
14.7	2.0643661489160334
14.71	2.0671531724396686
14.72	2.0845708225667616
14.73	2.326694612842578
14.74	2.2082389809689738
14.75	2.088306578628265
14.76	2.3327140261717836
14.77	2.3442466422195114
14.78	2.3419741225940194
14.79	2.3274246769870754
14.8	2.3283331705823263
14.81	2.3356782982879962
14.82	2.46849935046538
14.83	2.599700414873624
14.84	2.3279704109046984
14.85	2.3254161472430823
14.86	2.604099251076004
14.87	2.3416272801794586
14.88	2.342628885662273
14.89	2.3390869145654687
14.9	2.3295923589453604
14.91	2.3385866688429253
14.92	2.3375165768126296
14.93	2.319862889034631
14.94	2.323942341976689
14.95	2.0792615528758325
14.96	2.336199696903669
14.97	2.0700489164944544
14.98	2.0654185472540725
14.99	2.0782091469393817
15.0	1.6963873577775785
15.01	1.6937552823442936
15.02	1.6777695596287001
15.03	1.6794357555976385
15.04	1.6872450192866577
15.05	1.5474128020657942
15.06	1.6990755732549916
15.07	1.56141698630686
15.08	1.54054886177463
15.09	1.5464798112425855
15.1	1.5577258470292863
15.11	1.5726512127341306
15.12	1.5640232219009709
15.13	1.2978409353789957
15.14	1.5505385273399197
15.15	1.5458710466917405
15.16	1.4251185977462713
15.17	1.546225788857311
15.18	1.288105222354252
15.19	1.2938300958895836
15.2	1.2915006740576052
15.21	1.3078296765658344
15.22	1.1580865872296175
15.23	1.295368027111773
15.24	1.0285495669066929
15.25	1.3086056663365908
15.26	1.2986877400562125
15.27	1.2988105402688133
15.28	1.2938721756750808
15.29	1.036387224159723
15.3	1.02839770069549
15.31	1.035090955030831
15.32	1.1811105307584315
15.33	1.2967282360146972
15.34	1.2916726409909447
15.35	1.0302100076783476
15.36	1.1708503229787475
15.37	1.040598988923456
15.38	1.0613510365601935
15.39	1.1749944069006544
15.4	1.055715740321903
15.41	1.0449078925275317
15.42	1.158558775332715
15.43	1.026576897016536
15.44	1.0443536111744005
15.45	1.0406994387553359
15.46	1.037142409903443
15.47	1.0447062998107899
15.48	1.0345300462251565
15.49	1.0296474872379486
15.5	0.7778156001082278
15.51	1.032436198303551
15.52	1.0332818427286066
15.53	1.0313244656023168
15.54	0.7729144100027339
15.55	0.9139958211588
15.56	1.0304448125556331
15.57	0.7885734278393781
15.58	0.8986767310780014
15.59	0.7846546701607419
15.6	1.031873820290021
15.61	0.7880683834217338
15.62	1.025413054847202
15.63	0.7781178030700582
15.64	1.0410343121263468
15.65	1.0355832068320898
15.66	1.0359607001134714
15.67	1.0326828531051673
15.68	1.0444213393357011
15.69	1.04230327363076
15.7	1.0491585433787645
15.71	1.3067308117232308
15.72	1.0438610712918344
15.73	1.28707136454589
15.74	1.2992691313369802
15.75	1.4084230414146166
15.76	1.437963341124685
15.77	1.5502417334608896
15.78	1.3086187945306884
15.79	1.559063758014618
15.8	1.5596401402150641
15.81	1.560785822699198
15.82	1.5452179348840553
15.83	1.6898009139905708
15.84	1.5500931321898879
15.85	1.6978393070214175
15.86	1.6944425062540784
15.87	1.678332540923792
15.88	1.6867485857346165
15.89	1.6881762394364757
15.9	1.6934197835204694
15.91	1.6921487430143731
15.92	1.6761293761231848
15.93	2.0531275856738036
15.94	1.6847784558649097
15.95	1.682526642215291
15.96	1.6898983642862175
15.97	2.074762525364406
15.98	1.6856210084132608
15.99	1.6708331776249388
16.0	2.065744123898497
16.01	2.0682156057704946
16.02	1.6820436519410218
16.03	1.6965366290506223
16.04	1.6712669397735935
16.05	1.681587553131514
16.06	1.6811634809271838
16.07	1.6824124016580728
16.08	1.6910292645590914
16.09	1.687760943170539
16.1	1.6754417084548319
16.11	1.698041270028304
16.12	1.938257423397959
16.13	1.6685492952205927
16.14	1.6717659636840625
16.15	1.687058159778313
16.16	1.5791380225377667
16.17	1.5442931155031407
16.18	1.676875177647778
16.19	1.5561371864715317
16.2	1.6890763355250338
16.21	1.5467108073374238
16.22	1.6889629925083105
16.23	1.5629718774371621
16.24	1.5417824053596367
16.25	1.4354814487225864
16.26	1.3023578226139303
16.27	1.5519781418986356
16.28	1.6956933389138529
16.29	1.2813182392025313
16.3	1.5517570890084262
16.31	1.4234783897558863
16.32	1.5526256538444252
16.33	1.2949624167661784
16.34	1.4323071353228993
16.35	1.2916510059357966
16.36	1.424746405306454
16.37	1.3026158291195211
16.38	1.2988458179105287
16.39	1.4268137433901007
16.4	1.5563247622217353
16.41	1.293308888114529
16.42	1.291917512374376
16.43	1.4288389879262013
16.44	1.280025047888416
16.45	1.2964606238595549
16.46	1.299138903875023
16.47	1.3093148387795563
16.48	1.3049648922938997
16.49	1.2945089981264226
16.5	1.3028549906561904
16.51	1.4233267433176966
16.52	1.2924772336196384
16.53	1.2909415342872164
16.54	1.3078431417601981
16.55	1.2940384640389633
16.56	1.3007721058760642
16.57	1.542555186831784
16.58	1.0294098888851275
16.59	1.4285723887980017
16.6	1.3013988579011342
16.61	1.3066705639656495
16.62	1.2845202678033951
16.63	1.3089271986307842
16.64	1.3008842238083342
16.65	1.5431300668787042
16.66	1.30643189191196
16.67	1.2902727153145404
16.68	1.3021300618572882
16.69	1.2838855888106089
16.7	1.3066249251147912
16.71	1.304603980258531
16.72	1.3086671751455994
16.73	1.318596510175475
16.74	1.3008253660394484
16.75	1.298514420275955
16.76	1.0405338336637986
16.77	1.0171587686696242
16.78	1.1713532331657164
16.79	1.326374727604154
16.8	1.183356687340678
16.81	1.3007875193530272
16.82	1.3027838557710623
16.83	1.3021065591674674
16.84	1.288879625202503
16.85	1.167528360229766
16.86	1.2950803456613031
16.87	1.2956493672204414
16.88	1.285310849552925
16.89	1.434623619735472
16.9	1.2894278318010004
16.91	1.2789160404851834
16.92	1.5530210480369382
16.93	1.5500683644648414
16.94	1.4437230965617847
16.95	1.5493363682028014
16.96	1.6771398041856826
16.97	1.5605495687478512
16.98	1.5597547746521643
16.99	1.547408581725525
17.0	1.563679034565376
17.01	1.6789616730591745
17.02	1.6947268112574803
17.03	1.6838026839290177
17.04	1.6887954436490127
17.05	1.7011702211254407
17.06	1.6958451300332387
17.07	1.6703509921783488
17.08	1.694676468595597
17.09	1.6771238191536495
17.1	1.693102233944094
17.11	1.6903429378019645
17.12	1.6870801150129888
17.13	1.6883567500320105
17.14	1.6924124422668425
17.15	1.6876636483923764
17.16	1.685932732264559
17.17	1.9514418148149948
17.18	1.6846117271500942
17.19	2.1952367877969476
17.2	2.336016657770376
17.21	2.3332545778327907
17.22	2.07717149057289
17.23	2.3351660839258943
17.24	2.3129741643227284
17.25	2.329255301414111
17.26	2.3352808686719055
17.27	2.3396674861117526
17.28	2.3231089209925475
17.29	2.3229990963194598
17.3	2.3268835807308923
17.31	2.333840668580181
17.32	2.4778064416152197
17.33	2.447149773969775
17.34	2.3310745476450383
17.35	2.4816136689923214
17.36	2.3476528780922203
17.37	2.459700580663743
17.38	2.850414871441473
17.39	2.721457515537139
17.4	2.585495937195079
17.41	2.8541468283553977
17.42	2.8686924765728765
17.43	2.834879963291783
17.44	2.84130372759522
17.45	2.9840078217904304
17.46	2.8612110683810426
17.47	2.991185095565994
17.48	3.117126256935067
17.49	2.9852192311838843
17.5	2.9906295020098814
17.51	3.1186407528813946
17.52	3.1246626455109636
17.53	3.380244250322669
17.54	3.37578567927353
17.55	3.507836533982388
17.56	3.377667085727313
17.57	3.364173924658464
17.58	3.5027450163348766
17.59	3.37785700859594
17.6	3.508921781288725
17.61	3.510721102228962
17.62	3.5205962049114823
17.63	3.4982285694662596
17.64	3.4848382730388834
17.65	3.4959686732667845
17.66	3.775397404625087
17.67	3.624356744529379
17.68	3.763559797764436
17.69	3.781487683462546
17.7	3.7639303723355835
17.71	3.7660830381766845
17.72	3.753168607692926
17.73	3.777399003155565
17.74	3.7414361689055116
17.75	3.757373300441773
17.76	3.77163525035349
17.77	4.0213958517417945
17.78	3.77374982251202
17.79	4.029770315115583
17.8	3.746409459658337
17.81	4.1615862446509855
17.82	3.7414630635766666
17.83	3.7600808430021817
17.84	3.765649218165974
17.85	4.286116104151654
17.86	4.413124545545707
17.87	4.4013068212337
17.88	4.404376102787691
17.89	4.4056550734731745
17.9	4.4234362999286825
17.91	4.42986706857046
17.92	4.541083101184185
17.93	4.4042020828850275
17.94	4.418061506806177
17.95	4.533070795447418
17.96	4.559405313206969
17.97	4.5422610196523046
17.98	4.527261325767868
17.99	4.558034591141772
18.0	4.678284264898077
18.01	4.659350186867088
18.02	4.672913760304951
18.03	4.928281869720075
18.04	4.692618050364436
18.05	4.542902425016267
18.06	4.931152133464343
18.07	4.919531743090525
18.08	4.908241129746458
18.09	4.540089202588084
18.1	4.935039218079517
18.11	4.676000964051023
18.12	4.9189050627778075
18.13	4.915879743950998
18.14	4.805521089068446
18.15	4.813684650066089
18.16	4.5532840590062715
18.17	4.682395461215615
18.18	4.785144571223917
18.19	4.672403367084341
18.2	4.538330898921133
18.21	4.796713678926643
18.22	4.533961300853351
18.23	4.541383425942482
18.24	4.539384928684931
18.25	4.405588557901792
18.26	4.416501605495204
18.27	4.399762503432999
18.28	4.404709870879017
18.29	4.281509303719487
18.3	4.409394804477508
18.31	4.170865202018688
18.32	3.756089655944403
18.33	4.152848162754994
18.34	4.02892920621913
18.35	4.143690478426089
18.36	3.7636737256058233
18.37	3.7525872020312505
18.38	3.781466453924853
18.39	3.7515638712945742
18.4	3.7625635935054613
18.41	3.496808896658468
18.42	3.7610354126439307
18.43	3.6319178922745
18.44	3.62762922043304
18.45	3.5027964731746195
18.46	3.5049863066635947
18.47	3.505788714296931
18.48	3.508635888295299
18.49	3.507060266055556
18.5	3.3827109117698715
18.51	3.378571685374605
18.52	3.3528183592783796
18.53	3.360127872918288
18.54	3.1329419903277724
18.55	3.0987817507787874
18.56	2.858963533704744
18.57	2.999889514591217
18.58	2.976533057821317
18.59	2.9785520311570575
18.6	2.984278681494415
18.61	2.8662542195857372
18.62	2.849501490090548
18.63	2.9736358800196014
18.64	2.844262312064397
18.65	2.729493660877014
18.66	2.597340509559784
18.67	2.846026933655639
18.68	2.593458274868843
18.69	2.597827236527045
18.7	2.861501507496179
18.71	2.5876665066540805
18.72	2.4653878315635547
18.73	2.58888705811562
18.74	2.5999209546408353
18.75	2.4624164958859702
18.76	2.5820412050589527
18.77	2.5966055420794345
18.78	2.584217377852844
18.79	2.8573901570282665
18.8	2.4635589416963657
18.81	2.604659041744386
18.82	2.5852052483706376
18.83	2.5898960659708354
18.84	2.574605460300157
18.85	2.4767511490034164
18.86	2.5976370787901675
18.87	2.603996711703314
18.88	2.6009930834562476
18.89	2.5934438398588027
18.9	2.6015246459023538
18.91	2.463288737576166
18.92	2.4693892781982036
18.93	2.458819316201817
18.94	2.602633272512537
18.95	2.5895546338727176
18.96	2.570117207185731
18.97	2.602787792365701
18.98	2.4620522254234007
18.99	2.599772935636771
19.0	2.591005621267271
19.01	2.5919919250714165
19.02	2.4534254241206783
19.03	2.854920162666325
19.04	2.716969603010517
19.05	2.7224574616816275
19.06	2.854854587185201
19.07	2.7288490816175974
19.08	2.456917556776378
19.09	2.6046752918436398
19.1	2.4658485575087115
19.11	2.710327278707134
19.12	2.852154153194641
19.13	2.858863551847069
19.14	2.4665504847777364
19.15	2.7167415712182303
19.16	2.8699154832924436
19.17	2.8556046066661698
19.18	2.860909589374886
19.19	2.5968454672024603
19.2	2.5897877375633325
19.21	2.7388371717780777
19.22	2.852490584282804
19.23	2.5839014427127176
19.24	2.599367869645737
19.25	2.6152984492965694
19.26	2.608889868321287
19.27	2.84812043784036
19.28	2.594438569926681
19.29	2.8500652152744586
19.3	2.5882341853758843
19.31	2.5869298720108516
19.32	2.593193451865803
19.33	2.468018065105383
19.34	2.6110970534510005
19.35	2.4730435073078767
19.36	2.5836790577838755
19.37	2.7207179623412614
19.38	2.4642784834965736
19.39	2.4664829016245404
19.4	2.587602623732455
19.41	2.5883942994601288
19.42	2.4833222972260223
19.43	2.8348214129464724
19.44	2.8496161245724014
19.45	2.604095345190042
19.46	2.609380130747174
19.47	2.8499093762150314
19.48	2.9826826503703794
19.49	3.1138601508791015
19.5	2.9809098689210347
19.51	2.9894545619849855
19.52	2.980108537944076
19.53	2.987580396486798
19.54	3.1182630312172885
19.55	3.37849961303769
19.56	3.3691199028854473
19.57	3.3756235698183645
19.58	3.243600802099024
19.59	3.3448933762204573
19.6	3.3684575473956166
19.61	3.3701522517744444
19.62	3.4975428641079245
19.63	3.3675035822497565
19.64	3.3690131486699815
19.65	3.4781580893866835
19.66	3.5238700096037845
19.67	3.628361866723886
19.68	3.629376945963488
19.69	3.4891140759325903
19.7	3.6324047211559636
19.71	3.4958460611032565
19.72	3.7653209301631527
19.73	3.3651487077397397
19.74	3.6206976675647433
19.75	3.7799543513616185
19.76	3.6243891253019433
19.77	3.6413499554841935
19.78	3.5038614470421323
19.79	3.510615277830917
19.8	3.7591143983432675
19.81	3.604454908934162
19.82	3.504338869734963
19.83	3.6403066612653525
19.84	3.653514320564587
19.85	3.6215455484388914
19.86	3.623851553089185
19.87	3.626751432843185
19.88	3.510481350881908
19.89	3.3558889265234924
19.9	3.492736968059629
19.91	3.514777154037096
19.92	3.47383694298481
19.93	3.513513932366011
19.94	3.477663840892288
19.95	3.510201184790699
19.96	3.3929522603922324
19.97	3.3785618671443163
19.98	3.380837224156323
19.99	3.372093515000964
20.0	3.368017723685885
