10.01	5.105268553730341
10.02	5.104528467031905
10.03	4.9251069718300275
10.04	4.703322984031197
10.05	3.7372008158211165
10.06	3.736507570914174
10.07	3.7274810568021337
10.08	3.5436429415633186
10.09	3.147041894362583
10.1	2.9533666227473727
10.11	2.763378124509482
10.12	2.347805193180202
10.13	2.3678579530182824
10.14	2.350309620553491
10.15	2.3585454475672942
10.16	1.9510037137385878
10.17	1.5778143694890125
10.18	1.5751148185555146
10.19	1.3674502824989576
10.2	1.1772493604860497
10.21	1.1897383275493645
10.22	0.5903800646421781
10.23	0.9934634991920412
10.24	0.7932691182036099
10.25	0.5958238645577357
10.26	0.5944821632573145
10.27	0.5920172417642466
10.28	0.5907963974889795
10.29	0.6068823202764199
10.3	0.5781859265645062
10.31	0.5975114591751327
10.32	0.5845178459017767
10.33	1.36070652030136
10.34	0.6046620293796269
10.35	1.567049814026543
10.36	1.582122052745504
10.37	1.9687408578060943
10.38	1.779878841875051
10.39	2.3489566249101754
10.4	2.352027723182829
10.41	2.544006246380493
10.42	3.157181718130762
10.43	3.148189265551745
10.44	3.33486688593307
10.45	3.734206718756633
10.46	4.330051367749127
10.47	4.308254881385747
10.48	4.903865794225536
10.49	5.114400790400892
10.5	5.712071235951354
10.51	6.2988766128727045
10.52	6.485826090211668
10.53	6.682333166371027
10.54	6.871740294876953
10.55	7.837996051931734
10.56	8.064520465610073
10.57	8.643227579933692
10.58	9.031573233542176
10.59	9.41143463457873
10.6	10.014083728735299
10.61	10.611602767281662
10.62	11.192042396955662
10.63	11.598181869856614
10.64	11.786590104482162
10.65	12.578463560820778
10.66	12.774526743228705
10.67	12.969452798899725
10.68	13.167686733136494
10.69	14.157249610903593
10.7	14.755647349661048
10.71	15.13382847446312
10.72	15.315268632281661
10.73	15.719694398358934
10.74	15.903290072394597
10.75	16.310448332061387
10.76	16.298958231238764
10.77	17.2884067947673
10.78	17.491037560506857
10.79	17.876742079024293
10.8	18.08284139818122
10.81	18.8613393067628
10.82	18.647646701486057
10.83	19.068099134343047
10.84	19.045217359560493
10.85	19.46113217268322
10.86	19.435205295531382
10.87	20.039259553672917
10.88	20.05354307836325
10.89	20.229535335356612
10.9	20.245331827378813
10.91	20.64538578219751
10.92	20.630009674604977
10.93	20.82104891540417
10.94	21.23285018394061
10.95	21.204274434144903
10.96	21.415158988738437
10.97	21.213522238637058
10.98	21.01194915705754
10.99	21.21981736113305
11.0	21.233881070254903
11.01	21.2125622382756
11.02	20.809860706461485
11.03	20.828296862245374
11.04	20.63482997732295
11.05	20.44483788441959
11.06	20.433364082174663
11.07	20.04315491480015
11.08	20.42584810488959
11.09	19.838320155394065
11.1	19.448439579768245
11.11	19.44633737200792
11.12	19.2520124935557
11.13	19.258595102577505
11.14	18.867011841216684
11.15	18.663547995525875
11.16	18.068875124782135
11.17	17.881204843294775
11.18	17.68087884455883
11.19	17.28187073223174
11.2	16.699484309746968
11.21	16.307145454309385
11.22	16.30297224540985
11.23	15.728182578238963
11.24	15.33947511040021
11.25	14.93479353404326
11.26	14.143474817748485
11.27	14.326897806134536
11.28	13.17523844606649
11.29	13.165365886243222
11.3	12.764241141594468
11.31	12.565392216808098
11.32	11.595215669887603
11.33	11.407284150808433
11.34	11.209860278516143
11.35	10.621468486276418
11.36	10.012073764549415
11.37	9.814837476494644
11.38	9.42258758570129
11.39	8.823556248650894
11.4	8.251879810317591
11.41	8.265996165998885
11.42	7.867226220187039
11.43	6.853714259188574
11.44	6.863105536338357
11.45	6.681711675350268
11.46	6.274064565585163
11.47	6.292870417584941
11.48	5.488799980546432
11.49	5.298917998820013
11.5	5.098076489139893
11.51	4.7230266772426495
11.52	4.3187304867764045
11.53	3.7332205725011707
11.54	3.740616916312984
11.55	3.7390038347685555
11.56	3.346559955259347
11.57	3.331199127457636
11.58	3.1380978849450356
11.59	3.145474745552668
11.6	2.952813862579894
11.61	2.555688060732072
11.62	2.3573023539039197
11.63	2.3675800411546075
11.64	2.17260224918157
11.65	1.9620822675455614
11.66	1.9688689600987737
11.67	1.7847449976462348
11.68	1.9683668676129464
11.69	1.7638424991815183
11.7	1.7747663160434104
11.71	1.569987361173398
11.72	1.558188672362524
11.73	1.565755458903278
11.74	1.7496537377008894
11.75	1.575813883452393
11.76	1.9614809384264247
11.77	1.7674382492606777
11.78	1.9612354114410206
11.79	1.9668222943614986
11.8	1.957443850874146
11.81	2.3776600935566723
11.82	2.348708291531334
11.83	2.3718071625872543
11.84	2.751873674920318
11.85	2.936359145004583
11.86	3.1260729284076127
11.87	3.142659660180009
11.88	3.552561263764426
11.89	3.5112479576917517
11.9	3.7258819057464905
11.91	3.7356456427270586
11.92	3.7314155220104004
11.93	4.69964220854647
11.94	5.108343684528326
11.95	5.10056094603002
11.96	5.500140050677261
11.97	5.697324169620436
11.98	5.891413421883533
11.99	6.28046932976888
12.0	6.484973374095898
12.01	6.8714216828241605
12.02	7.26390423656918
12.03	7.85843984599561
12.04	8.05760999785834
12.05	8.472184830751685
12.06	8.635757868339025
12.07	9.429884391264798
12.08	9.419415783824023
12.09	9.82006694025155
12.1	10.024184220245417
12.11	10.019495503403382
12.12	10.61065221703003
12.13	10.988748516683195
12.14	11.204171056505858
12.15	11.780333773559367
12.16	12.175118899806888
12.17	12.581808555046289
12.18	12.75986103985881
12.19	12.763415755483404
12.2	13.173049535280478
12.21	13.773032936954891
12.22	13.17132769277619
12.23	14.134378313897788
12.24	14.342900187889445
12.25	14.560108128013635
12.26	14.922966133160514
12.27	15.12987180782031
12.28	15.135433459728683
12.29	15.691186006431378
12.3	15.704942738338387
12.31	16.106591487165517
12.32	16.296948681283226
12.33	16.328032987378272
12.34	16.31459117099322
12.35	17.097628664822867
12.36	17.279060369979153
12.37	17.278046539554023
12.38	17.29119233149983
12.39	17.48405198153528
12.4	17.490412597700118
12.41	17.70047633621114
12.42	17.690703359617302
12.43	17.681055253883205
12.44	17.483125119222755
12.45	17.686367791958226
12.46	18.07076948349898
12.47	17.483154326645245
12.48	17.894292737363596
12.49	17.507212642756127
12.5	17.503566377241302
12.51	16.87041736064762
12.52	17.089626390463096
12.53	16.70110815627233
12.54	16.311036441132636
12.55	16.298471274629247
12.56	16.30437723427159
12.57	16.112502815703603
12.58	15.727762264307332
12.59	15.70601274738933
12.6	15.121739016418386
12.61	14.938728971056936
12.62	14.533700672940665
12.63	13.748792996335954
12.64	13.179241134915044
12.65	13.186319655572527
12.66	12.775328999027002
12.67	12.772875657932504
12.68	11.795721038821553
12.69	11.590896320743992
12.7	11.381865561006173
12.71	10.788803769078115
12.72	10.416570538465074
12.73	10.018232228791227
12.74	9.815063078025528
12.75	9.432648440130581
12.76	8.619499474649581
12.77	8.635971302135909
12.78	8.056599113208186
12.79	7.47958269789266
12.8	7.2810349670289485
12.81	6.86095129579635
12.82	6.284893971993241
12.83	5.910861240279046
12.84	5.694278397502001
12.85	5.50863148222802
12.86	5.123057628590648
12.87	5.134952851914
12.88	4.709091518352781
12.89	4.323277285635499
12.9	3.7321178165321816
12.91	3.732975443269606
12.92	3.5388661652653752
12.93	3.143866989650072
12.94	2.9532802202559227
12.95	2.5680173572123906
12.96	2.3549640793307907
12.97	2.1738703315006505
12.98	1.9748834604721879
12.99	1.7534284704556586
13.0	1.5880490192132823
13.01	1.7749796083334461
13.02	1.5702891313863725
13.03	1.3800688096290157
13.04	1.1780701282010382
13.05	0.5828594796629344
13.06	0.7741448798867598
13.07	1.163791585310952
13.08	1.1582613919718951
13.09	0.5818744144255804
13.1	1.1743284601721031
13.11	1.1740334899800717
13.12	1.1956774081132198
13.13	1.1797170026825976
13.14	1.1859137228939773
13.15	1.3722661727771697
13.16	1.1711646008672982
13.17	1.1806997379638986
13.18	1.5806009965057497
13.19	1.3691903501353633
13.2	1.9602835151456781
13.21	1.9515757369937878
13.22	2.3495107475791435
13.23	2.3623562010512473
13.24	2.366538280443338
13.25	2.766565321239702
13.26	2.743331728462101
13.27	2.7633460449388783
13.28	3.53807362084294
13.29	3.524211748580608
13.3	3.550506763609562
13.31	3.5306598498654105
13.32	4.321130917800486
13.33	4.708365610550297
13.34	5.097006309175413
13.35	5.104380403043628
13.36	5.496442212001324
13.37	5.898371306503838
13.38	5.89445969822184
13.39	6.4946528248041435
13.4	6.874942692809451
13.41	7.449824500668669
13.42	7.85513996878516
13.43	8.230046767453235
13.44	8.642912399276993
13.45	9.031848343996383
13.46	9.455111496737432
13.47	10.020799616072905
13.48	10.603476768503615
13.49	11.013612043772758
13.5	11.371974094071271
13.51	12.167614523359093
13.52	12.373968715062015
13.53	12.973481340287215
13.54	13.158251963919742
13.55	13.76226552277555
13.56	14.53513711673516
13.57	14.53617182634132
13.58	15.317850968829791
13.59	15.899121619073817
13.6	16.294232964445722
13.61	16.32180341773962
13.62	17.296062966275894
13.63	17.670430911037997
13.64	18.48689923157546
13.65	18.658280482046262
13.66	19.24883791669075
13.67	19.426935704884293
13.68	20.04853956072138
13.69	20.048710465563023
13.7	20.229124544811533
13.71	20.833883892221653
13.72	20.82197547548868
13.73	21.226471515684203
13.74	21.225302633365438
13.75	21.614278313382034
13.76	21.42985620526715
13.77	21.613960719498774
13.78	21.614392784842348
13.79	21.98573549162219
13.8	21.62626956595808
13.81	21.60936466422677
13.82	21.59712269061787
13.83	21.605422162992053
13.84	21.4146848927784
13.85	21.22830450784306
13.86	20.810602299167822
13.87	20.828238796719276
13.88	20.232462817930724
13.89	20.025770608392868
13.9	19.453081365508208
13.91	19.253864519559464
13.92	19.251179800145987
13.93	18.475800592000798
13.94	18.060684756567323
13.95	17.67426051745085
13.96	17.470473192061622
13.97	16.699164546185447
13.98	16.30519549160552
13.99	16.118459002325036
14.0	15.337563670628883
14.01	15.122831879522703
14.02	14.156974340180382
14.03	13.743197659463537
14.04	13.17043355435313
14.05	12.783394046031187
14.06	12.179022492707686
14.07	11.393163607318527
14.08	11.003750038465139
14.09	10.594961494374656
14.1	9.83932567205622
14.11	9.825385603326433
14.12	9.00996695910626
14.13	8.255432351312363
14.14	7.8635230518830985
14.15	7.471559930097994
14.16	6.873539641647693
14.17	6.6794768306909384
14.18	6.2956422981517415
14.19	5.505090880130049
14.2	5.5248432917396055
14.21	4.715249933783425
14.22	4.509285072584186
14.23	3.708705109719228
14.24	3.72458130928382
14.25	3.5470374295940936
14.26	3.1398273766479785
14.27	2.7430784361578495
14.28	2.3450264220870345
14.29	2.346281384541871
14.3	1.9532097405741382
14.31	1.9676754731916726
14.32	1.5595396743035665
14.33	1.5621229515017085
14.34	1.1775034028096427
14.35	1.1776728286042208
14.36	0.7892891366496492
14.37	0.5820102219801375
14.38	1.174233344861926
14.39	0.5882668652930484
14.4	0.9865721834343476
14.41	0.5971110263062338
14.42	1.1917737913805122
14.43	1.1699124870548645
14.44	1.1895894284943955
14.45	1.180762527239001
14.46	1.175149521412146
14.47	1.568421134040445
14.48	1.17803032939095
14.49	1.5601040858002164
14.5	1.5763676235062432
14.51	1.9615350627491184
14.52	1.977024282242023
14.53	1.9462695033229462
14.54	2.3459532222744164
14.55	2.5575508689326485
14.56	2.7630657831059846
14.57	2.739242349209294
14.58	3.1481893381904458
14.59	3.551375410273773
14.6	3.5574197965734338
14.61	3.735177737416019
14.62	4.317278405618915
14.63	4.312058222124821
14.64	4.720462807072291
14.65	5.095383272132975
14.66	5.49454920742721
14.67	5.487035959003419
14.68	6.276614717395796
14.69	5.8883617058243285
14.7	6.286932850867229
14.71	6.489673062413687
14.72	6.878730427918144
14.73	7.473566853703356
14.74	7.8679765756014515
14.75	7.847422329016064
14.76	8.642652966651465
14.77	8.649188167293056
14.78	9.02764071289982
14.79	9.827027203965871
14.8	9.825899244720139
14.81	10.01346005372315
14.82	10.612397747027341
14.83	11.002055396556857
14.84	11.00286119570324
14.85	11.57549595704353
14.86	12.18643359363241
14.87	12.184427848151135
14.88	12.572674615418194
14.89	12.940538109562336
14.9	13.160479353269578
14.91	13.753109704137964
14.92	14.155445557131502
14.93	14.739432429731979
14.94	14.934988210481547
14.95	15.318983471934827
14.96	15.722484694480025
14.97	16.12253435578748
14.98	16.11136749030377
14.99	16.900598972121006
15.0	17.269410789648777
15.01	17.307342766021783
15.02	18.07556305038708
15.03	18.08184827360723
15.04	18.06749013768754
15.05	18.442253675511843
15.06	18.871394351936484
15.07	19.25359360939899
15.08	18.847412186549896
15.09	19.253136115609713
15.1	19.240027320136814
15.11	19.250016899148644
15.12	19.243666754824236
15.13	19.45439185283091
15.14	19.437226770730728
15.15	19.250850537189496
15.16	19.23591526635508
15.17	19.24446966621679
15.18	19.05568905364784
15.19	19.260616742645627
15.2	18.660321305530935
15.21	18.47194745083509
15.22	18.062986275558263
15.23	18.074323574244357
15.24	17.290483629502322
15.25	17.277743152408238
15.26	17.274599864324134
15.27	16.31669799695819
15.28	16.145096662067736
15.29	16.10591079416663
15.3	15.72016063888811
15.31	15.126559439628004
15.32	14.541251130078805
15.33	14.166302978398948
15.34	13.71903705372299
15.35	13.163134743698366
15.36	12.76782217679251
15.37	12.198191759447168
15.38	12.185107861283702
15.39	11.209898621940116
15.4	11.007808307052507
15.41	10.039853989395828
15.42	10.038344016311996
15.43	9.623971646096699
15.44	9.03599168004134
15.45	8.666420767674738
15.46	7.86170364249489
15.47	7.471390475728158
15.48	6.88469120466903
15.49	6.6922144212528405
15.5	6.276623277634827
15.51	6.297344535366675
15.52	5.116916132771324
15.53	5.112964532175111
15.54	4.523350677683498
15.55	4.32153355642944
15.56	3.5127212242120627
15.57	3.5530001808225333
15.58	3.5360624979373734
15.59	2.94868107279002
15.6	2.745454202881525
15.61	2.179483883702569
15.62	1.9661200036268383
15.63	1.9787777506789035
15.64	1.5695152345477719
15.65	1.3751303260510932
15.66	1.1574226360145734
15.67	1.165443589916793
15.68	0.6059403236126228
15.69	0.3909973110196867
15.7	0.586213525896798
15.71	0.1958535681840338
15.72	0.39083025957813405
15.73	-0.006082884069560366
15.74	0.38279891083831225
15.75	0.3996740078198607
15.76	0.1973843801830129
15.77	0.004773887718287189
15.78	0.19773066169938203
15.79	0.3971316084741762
15.8	-0.01686189732043452
15.81	0.6067366914155198
15.82	0.5975132939216051
15.83	0.37219533663522275
15.84	0.602832920511481
15.85	0.5850158910403126
15.86	0.6024786386713987
15.87	0.598031248730491
15.88	1.178743261401809
15.89	1.5845788391644833
15.9	1.3689623588543687
15.91	1.9620716933031666
15.92	1.9893334592764895
15.93	2.352214840524999
15.94	2.750933271512585
15.95	2.768472011970285
15.96	3.1381255939119415
15.97	3.5281696562632745
15.98	3.542396719273075
15.99	3.5267808992305643
16.0	3.7594172640585595
16.01	4.51505860926388
16.02	4.717905068208041
16.03	5.112553000620765
16.04	5.102859604471878
16.05	5.495830429637619
16.06	5.891701860863655
16.07	6.672817418228719
16.08	6.875786124978875
16.09	6.887637719351154
16.1	7.8510754774431355
16.11	8.241153264937164
16.12	8.653394673709721
16.13	9.048907181343097
16.14	9.047974859054477
16.15	9.807591236567752
16.16	10.034958533673423
16.17	10.808635816120372
16.18	11.011093111173231
16.19	11.409017237214481
16.2	11.789960218025657
16.21	12.187916249426554
16.22	12.573365072874493
16.23	12.95849646173203
16.24	13.153746509932787
16.25	13.764730843689575
16.26	14.15061434445069
16.27	14.518383589241537
16.28	14.93137340378209
16.29	15.313846159105092
16.3	15.718092721389112
16.31	15.729216078456194
16.32	16.127029432963877
16.33	16.304896878825726
16.34	16.305686893032348
16.35	16.300695926493418
16.36	17.27099148831945
16.37	17.293414981667254
16.38	17.280387655376735
16.39	17.279228661806577
16.4	17.496630246279697
16.41	17.67514180117532
16.42	18.079907413508266
16.43	17.677125069533737
16.44	18.059484269710605
16.45	18.077222369450773
16.46	18.070502746772547
16.47	18.073904547068796
16.48	18.084288605653114
16.49	18.072023480753145
16.5	18.07641076047304
16.51	18.08769321488261
16.52	18.09260233137847
16.53	18.070950337806547
16.54	18.27769838385831
16.55	18.064004667939155
16.56	17.874316328347373
16.57	17.495363723530954
16.58	17.494851735724758
16.59	17.27312652511254
16.6	16.89628624084511
16.61	16.89195277828219
16.62	16.30912965331894
16.63	16.307410974327553
16.64	16.30773321862353
16.65	15.915475084152602
16.66	15.914096608128824
16.67	15.122496049408142
16.68	15.521775553363945
16.69	15.13519292407681
16.7	14.920048995168377
16.71	14.155524921124002
16.72	13.161254234138498
16.73	13.148894904824942
16.74	12.771868488859637
16.75	12.577833802700216
16.76	11.965388516115143
16.77	11.804836411187813
16.78	11.208007154589723
16.79	10.037104657798226
16.8	10.031232368634218
16.81	9.641463101677308
16.82	9.411268756805818
16.83	8.856591314239779
16.84	8.44095873686407
16.85	7.849481105649431
16.86	7.861168034387017
16.87	6.884520651056945
16.88	6.471174255431371
16.89	6.293405513183094
16.9	5.708527438363996
16.91	5.500359654147582
16.92	4.901527456195652
16.93	4.6975363803638945
16.94	3.733088846064396
16.95	3.532166576279916
16.96	3.538582252916643
16.97	3.3361106853494378
16.98	3.1244058073514216
16.99	2.7621167549327748
17.0	2.5656771155689615
17.01	1.9710763241541323
17.02	1.7564068084585553
17.03	1.776369937244957
17.04	1.760137636737098
17.05	1.5665580118793034
17.06	1.1759526273273015
17.07	0.5912073423044626
17.08	0.5717620950686724
17.09	0.5760178598434793
17.1	0.5893531795690831
17.11	0.5881900523107706
17.12	0.5688360151050413
17.13	0.59698599612535
17.14	0.37591086955797415
17.15	0.5803310448800584
17.16	0.5956723432283252
17.17	0.5952849160339176
17.18	0.5849509885252987
17.19	0.18528701165548517
17.2	0.7840188141755255
17.21	0.5978251741267194
17.22	0.5994695238034093
17.23	0.6112298307309828
17.24	1.5921964305262875
17.25	1.1806651812516593
17.26	1.1755974369694753
17.27	1.5716994156027573
17.28	1.5754801598893518
17.29	1.978165287564273
17.3	1.768044123628455
17.31	1.9729898865714972
17.32	2.357659141739892
17.33	2.7446614217348455
17.34	3.1526754022985366
17.35	3.1609452835227003
17.36	3.3268197555072394
17.37	3.524696327486528
17.38	3.733112063996588
17.39	4.322061241391917
17.4	4.710256709386237
17.41	4.918642647489751
17.42	5.501643861831376
17.43	5.696740141539555
17.44	6.290093109193463
17.45	6.272213065232731
17.46	6.876564082074527
17.47	6.881951705189535
17.48	7.673606638664431
17.49	8.241436166894994
17.5	8.647190349641242
17.51	9.418515698286402
17.52	9.435885838711005
17.53	9.815264550658823
17.54	10.018939130722014
17.55	10.99829192893499
17.56	10.99778919514229
17.57	11.380551312574779
17.58	11.976194022481288
17.59	12.35692877501514
17.6	13.164572163048666
17.61	13.150054441479892
17.62	13.175319975280384
17.63	14.147016271427809
17.64	14.357234990107065
17.65	14.74425948233698
17.66	14.947098746109
17.67	15.323909412213704
17.68	15.321252695060664
17.69	15.904231855510215
17.7	16.09489129629113
17.71	16.311388297269694
17.72	16.310778453497658
17.73	16.313112112746378
17.74	16.68251744625833
17.75	16.89045127772277
17.76	17.111207865282246
17.77	16.902622124142088
17.78	16.910515046139004
17.79	16.89104893037074
17.8	17.076955766250066
17.81	16.88715110220001
17.82	16.901438735977074
17.83	16.325039060737428
17.84	16.68683489219284
17.85	16.30351599875607
17.86	16.319526382631683
17.87	16.29824635054978
17.88	16.108901027988942
17.89	15.7155283089051
17.9	15.705370221569986
17.91	15.339290498519192
17.92	14.91759630718328
17.93	14.927168584736208
17.94	14.344874958172404
17.95	14.143527251083906
17.96	13.74711636819449
17.97	13.14161458218517
17.98	13.162763000101751
17.99	12.75921791001304
18.0	12.559143640701489
18.01	11.778665484777157
18.02	11.388211571694297
18.03	11.007615019652288
18.04	10.024028282704776
18.05	10.022874968724919
18.06	9.607640587567776
18.07	9.433492995279178
18.08	8.835065414086245
18.09	8.63296061816333
18.1	7.868140068528308
18.11	7.471420145692485
18.12	6.871657325880344
18.13	6.871303463411877
18.14	6.667926381879348
18.15	6.283676702893924
18.16	5.695348620364762
18.17	5.502331779567844
18.18	4.913033499177797
18.19	4.7226427950108905
18.2	4.311465368010598
18.21	3.732938891878854
18.22	3.526140312117387
18.23	3.5319202874465714
18.24	3.3467702219474336
18.25	2.7413935569109027
18.26	3.1440811930535295
18.27	2.759587180736181
18.28	2.3465817133013074
18.29	2.5404517134664713
18.3	2.3511620315442174
18.31	1.971939220663168
18.32	1.7629524752478347
18.33	2.3710542772844923
18.34	1.7842362880627627
18.35	1.9691372332550776
18.36	1.9488143541409888
18.37	1.554081536443498
18.38	1.765893493655205
18.39	1.9660529523519548
18.4	1.5806021814267948
18.41	1.7437910354579735
18.42	1.9548323387642155
18.43	1.962677709372197
18.44	2.142341006215734
18.45	2.3630391536275352
18.46	2.3646145690984484
18.47	2.354073957342834
18.48	2.3321899469272216
18.49	2.551200697673191
18.5	3.1415754566457896
18.51	3.128240631041269
18.52	3.138323705945025
18.53	3.330918471466684
18.54	3.728351146042904
18.55	3.7322364896631925
18.56	4.325427810004951
18.57	4.720144058839529
18.58	4.706508038798482
18.59	5.126358820220089
18.6	5.505421534132524
18.61	5.901756591346126
18.62	6.296628365174376
18.63	6.28893753800459
18.64	6.865908517765674
18.65	6.878691314173193
18.66	7.468602232716154
18.67	8.633929971950916
18.68	8.044456848747194
18.69	9.030025535177836
18.7	9.211587322499943
18.71	9.816380736850093
18.72	10.008457958429709
18.73	10.605328743147059
18.74	10.983887899264571
18.75	11.19755931051697
18.76	11.392230639845565
18.77	12.573836100616308
18.78	12.563798497445248
18.79	12.568500649377038
18.8	13.153275701044896
18.81	13.552211806241003
18.82	14.1505078730524
18.83	14.135566857244246
18.84	14.31309702566416
18.85	14.72797535727156
18.86	14.938059498978289
18.87	14.929809073970338
18.88	15.11802258970176
18.89	15.142517373685632
18.9	15.322849270558748
18.91	15.722403486293508
18.92	15.320853813829935
18.93	15.333931733101338
18.94	15.719036824212367
18.95	15.695645077759334
18.96	15.714004545305995
18.97	15.727738774146996
18.98	14.92587022951985
18.99	14.927442259452597
19.0	14.52985106789312
19.01	14.728285979459038
19.02	14.529809544524841
19.03	14.527150537704898
19.04	14.539493897946885
19.05	13.769238281873601
19.06	13.353979891403506
19.07	13.167847118894098
19.08	12.965851940676076
19.09	12.585955257210367
19.1	12.177583927846271
19.11	12.188449131801692
19.12	11.794666064142257
19.13	11.383374669220226
19.14	10.996783933143073
19.15	10.587068599005661
19.16	10.019814879779679
19.17	9.636111779258203
19.18	9.44160225028493
19.19	9.029601281037651
19.2	8.650479974894466
19.21	8.244182052407558
19.22	7.473841342700593
19.23	6.8693466567182115
19.24	6.705770691917301
19.25	6.284142529674841
19.26	5.895608074194142
19.27	5.484890044240317
19.28	5.101889397572772
19.29	5.1108612769842505
19.3	4.5262755667655705
19.31	4.528225551287118
19.32	3.737727269775198
19.33	3.537098382387032
19.34	3.5508102804083164
19.35	3.139906658633685
19.36	2.7374754165101574
19.37	2.746112253715198
19.38	2.3836900646345978
19.39	2.3628322873897125
19.4	2.354588443992863
19.41	1.962750173944129
19.42	1.560190040941009
19.43	1.382016913004557
19.44	1.570422931734536
19.45	0.7853635162657636
19.46	1.171555724500707
19.47	1.1686160778208727
19.48	1.1957714055388329
19.49	0.5875668132855069
19.5	0.6059743463225238
19.51	0.590101497175389
19.52	1.1672040165394166
19.53	1.5788221174236243
19.54	1.1745846139826215
19.55	1.5668097061171053
19.56	1.3755983822330315
19.57	1.3665540974538959
19.58	1.5758051133488353
19.59	1.5860873317502904
19.6	1.9504005844540089
19.61	2.348176031503953
19.62	2.748817266769854
19.63	2.7511107339825496
19.64	2.746776288073999
19.65	2.7383327867419496
19.66	3.532883355070066
19.67	3.536035316808226
19.68	3.937497336267838
19.69	4.311561347456036
19.7	5.114209430326126
19.71	5.121509793324091
19.72	5.496421059602907
19.73	5.8928906456738535
19.74	6.300990512514954
19.75	6.716100855505433
19.76	7.069536083975453
19.77	7.443167117665404
19.78	7.846258782837793
19.79	8.255311103091271
19.8	8.640383373965607
19.81	9.419610266617717
19.82	9.825505969057607
19.83	9.821804711802274
19.84	10.028282632635072
19.85	10.81667847096052
19.86	11.188801852071492
19.87	11.399946242878611
19.88	12.19956712746526
19.89	12.19559754986579
19.9	12.572132975179368
19.91	12.76140759192836
19.92	12.97677786911526
19.93	13.746597262311676
19.94	13.761990408239493
19.95	14.540483616658006
19.96	13.943623915668942
19.97	14.142693329876968
19.98	14.927034351434054
19.99	14.912855999475244
20.0	14.931645103597537
