10.0	0.2431997989311333
10.01	0.2225218573021573
10.02	0.2452901257557837
10.03	0.2335248844897863
10.04	0.24726374622332603
10.05	0.25686811111758695
10.06	0.2418411486936041
10.07	0.23520820108042553
10.08	0.2567867676525932
10.09	0.23637199023011427
10.1	0.24370828096616529
10.11	0.24918960590097103
10.12	0.24258424874112036
10.13	0.2436767742235747
10.14	0.24192287778161511
10.15	0.25353217906639786
10.16	0.24919535723990383
10.17	0.24452717776758875
10.18	0.23505896688748865
10.19	0.23104401418197615
10.2	0.2284428650937937
10.21	0.2386545353092425
10.22	0.226761966545484
10.23	0.251158374492599
10.24	0.23742241311738366
10.25	0.24883337542953068
10.26	0.25158381127351204
10.27	0.2536427482594818
10.28	0.26695316249986734
10.29	0.22909811182626602
10.3	0.22759746062567596
10.31	0.23294594430051827
10.32	0.24147196503204124
10.33	0.23869375036546542
10.34	0.2589061524944272
10.35	0.2533675480021157
10.36	0.23368952316190833
10.37	0.24916684569500705
10.38	0.25099494490784396
10.39	0.21966105366890015
10.4	0.23269280268541737
10.41	0.23475906762054827
10.42	0.23363462169976315
10.43	0.23140045085121977
10.44	0.24012098016911013
10.45	0.23478618656446446
10.46	0.23515340302601992
10.47	0.23858399527268292
10.48	0.23336945860948277
10.49	0.2296345440557637
10.5	0.22826243277158986
10.51	0.24618259576225235
10.52	0.2375924628883539
10.53	0.238727873872466
10.54	0.23397215565151686
10.55	0.23303655122277755
10.56	0.23612674513234147
10.57	0.22761128508368675
10.58	0.2294979253993691
10.59	0.2448500229487993
10.6	0.23983672125601718
10.61	0.23605342611987098
10.62	0.23465150169075885
10.63	0.25211158268486733
10.64	0.22673124116347237
10.65	0.2252000105365888
10.66	0.23055215474728372
10.67	0.24573151939982418
10.68	0.2497611894665313
10.69	0.23521976359945296
10.7	0.24872623986758458
10.71	0.25174257574128717
10.72	0.24196852486506482
10.73	0.24203347442586262
10.74	0.23975905348148824
10.75	0.23063408676547165
10.76	0.2455259332820052
10.77	0.23243813151269446
10.78	0.2205650157721471
10.79	0.2325758178692146
10.8	0.24438279829181425
10.81	0.25093290501225846
10.82	0.24462291998347316
10.83	0.22152172078198454
10.84	0.24787472701713612
10.85	0.22736229424665774
10.86	0.24990288019013887
10.87	0.22154580285032782
10.88	0.2505473234573845
10.89	0.2405289986378848
10.9	0.23702653983429164
10.91	0.22716068026515893
10.92	0.24301879909814045
10.93	0.24264538334127128
10.94	0.23457734812067332
10.95	0.2271821466869484
10.96	0.2498144616521576
10.97	0.24163675372095467
10.98	0.2514202431157132
10.99	0.24920043800706773
11.0	0.2381397223558084
11.01	0.22396821178542917
11.02	0.22684453070546826
11.03	0.23257353262476588
11.04	0.25809150075565546
11.05	0.22433600374469848
11.06	0.24733073918880413
11.07	0.24863701251882414
11.08	0.24209014420529168
11.09	0.23179869702309483
11.1	0.22958583895461956
11.11	0.24814305140652568
11.12	0.24747926729455394
11.13	0.23874960776746548
11.14	0.26620638645832867
11.15	0.240807243357588
11.16	0.25454266277473303
11.17	0.23834308448225305
11.18	0.24397938767765814
11.19	0.24396110593037648
11.2	0.2358977297613226
11.21	0.2361638482229023
11.22	0.2404426230928886
11.23	0.24795144675607328
11.24	0.230348348300404
11.25	0.24002485368806178
11.26	0.2333101963088169
11.27	0.23777802112995786
11.28	0.2484891129628499
11.29	0.2366532712507818
11.3	0.23916968480108872
11.31	0.22733028202717545
11.32	0.2472420500128143
11.33	0.23273856635641205
11.34	0.2306750634183209
11.35	0.2479061804785911
11.36	0.2229383859618736
11.37	0.24323653928427025
11.38	0.23559216874058372
11.39	0.2194942537806892
11.4	0.24910995177469494
11.41	0.2405772027893617
11.42	0.2426579737325476
11.43	0.24316397437504314
11.44	0.24488861171938073
11.45	0.24731536838040497
11.46	0.23334917989079138
11.47	0.2562634322601833
11.48	0.22530464860035582
11.49	0.24592651003359506
11.5	0.23674570844161877
11.51	0.23665278446529503
11.52	0.24193025965102563
11.53	0.2467277397402717
11.54	0.24315109530663923
11.55	0.2244486893948625
11.56	0.21391065085432373
11.57	0.23840773199040396
11.58	0.23184976504015264
11.59	0.2274138302166272
11.6	0.2436323408947625
11.61	0.24693574140260868
11.62	0.23855450816543944
11.63	0.23670621023529934
11.64	0.23615823616386097
11.65	0.23364533724142206
11.66	0.25022996536808906
11.67	0.243569134883581
11.68	0.24205502063418688
11.69	0.2501511202199923
11.7	0.263389373095074
11.71	0.22419823625707685
11.72	0.2406641625020959
11.73	0.24958200255756557
11.74	0.24632207727469363
11.75	0.24861481520816026
11.76	0.24021994963241203
11.77	0.23391831778685554
11.78	0.2633672810891401
11.79	0.24381653218131194
11.8	0.233348039463981
11.81	0.23246832405152157
11.82	0.23395677529975287
11.83	0.2365028776639979
11.84	0.22138004927169203
11.85	0.2313788574527606
11.86	0.23481667831464872
11.87	0.2559517954844567
11.88	0.2522770984488495
11.89	0.2577708002540188
11.9	0.24057677131109004
11.91	0.24699027923626157
11.92	0.23628644594706474
11.93	0.23923807403784
11.94	0.24417296946427686
11.95	0.24967031220340258
11.96	0.23634815607854953
11.97	0.2359588211541567
11.98	0.2415237276295684
11.99	0.2597631779468708
12.0	0.24991932249979823
12.01	0.2241654084943253
12.02	0.22897923245793084
12.03	0.22950671570910103
12.04	0.2303399217688672
12.05	0.24841719498019504
12.06	0.24078027384653844
12.07	0.2245859137665155
12.08	0.2550322441679105
12.09	0.2369352633331345
12.1	0.23498365804832275
12.11	0.2492992076212001
12.12	0.24496096583897237
12.13	0.23533717001007096
12.14	0.2524466722599826
12.15	0.22860888717574535
12.16	0.2408294828463433
12.17	0.2304774151580454
12.18	0.2593689899186836
12.19	0.2317556106239375
12.2	0.2524086055194815
12.21	0.2277669177203752
12.22	0.24593251879090675
12.23	0.2458545261116775
12.24	0.21908180666067067
12.25	0.24923381200041286
12.26	0.24020098261187534
12.27	0.2503741399115378
12.28	0.23867988365527734
12.29	0.22574658634975947
12.3	0.2608543512015559
12.31	0.2321788370301448
12.32	0.23069299894285894
12.33	0.24433275152303782
12.34	0.23407868624719397
12.35	0.22843766125748083
12.36	0.23955361287321142
12.37	0.2406792769456679
12.38	0.25964702620621916
12.39	0.228774151723692
12.4	0.2421615677893922
12.41	0.24171216979521776
12.42	0.23194212784455312
12.43	0.24971281266160206
12.44	0.243579484546224
12.45	0.23344782968935118
12.46	0.22264831390237852
12.47	0.23749111537065823
12.48	0.24670979301904092
12.49	0.2337342786580135
12.5	0.23835789815547145
12.51	0.2455925027376705
12.52	0.2333297036647486
12.53	0.22357601143471154
12.54	0.24960661912021656
12.55	0.24095813842537234
12.56	0.2373775073548994
12.57	0.24438824669282214
12.58	0.21440849100125442
12.59	0.23723063168163705
12.6	0.2442790652715645
12.61	0.2538163920641983
12.62	0.21442211079954138
12.63	0.2558066950553062
12.64	0.23006951767940462
12.65	0.22438090249235806
12.66	0.24200387047170502
12.67	0.2319152796120241
12.68	0.24722026357653734
12.69	0.2326496883201242
12.7	0.2464197098071472
12.71	0.25312027141284965
12.72	0.2512103215879913
12.73	0.24643822013940161
12.74	0.2417525437105403
12.75	0.24005396984400407
12.76	0.25186132239738046
12.77	0.24324157226606405
12.78	0.2394514962324079
12.79	0.26645241561578703
12.8	0.25640376630526934
12.81	0.25354498716923585
12.82	0.2521282592177377
12.83	0.2554624711830542
12.84	0.24066138741950516
12.85	0.2381886129755054
12.86	0.25286962601280233
12.87	0.24950252010491103
12.88	0.2344152569259977
12.89	0.22775260767404149
12.9	0.2449187265123307
12.91	0.22847739414607054
12.92	0.24089122914927147
12.93	0.23577651077083606
12.94	0.2599281158695068
12.95	0.2562713834953653
12.96	0.24679648140251723
12.97	0.2640184286022794
12.98	0.2319407277400135
12.99	0.24203370217937634
13.0	0.2590447188637915
13.01	0.22157859019231513
13.02	0.2428925768694388
13.03	0.25200948802602424
13.04	0.26002503575970953
13.05	0.24321314540482233
13.06	0.2521772727263976
13.07	0.24358260538519902
13.08	0.2379258981135354
13.09	0.24036491356903822
13.1	0.23730970459857229
13.11	0.22403542246725766
13.12	0.2606011200771875
13.13	0.2266200898947814
13.14	0.24254058769248957
13.15	0.23990202130258723
13.16	0.24216411150711847
13.17	0.22876808417717096
13.18	0.241758192393542
13.19	0.2478658597199423
13.2	0.2414166890679604
13.21	0.2273727113083739
13.22	0.2524434649652877
13.23	0.23977078343202263
13.24	0.2455404420478625
13.25	0.2477259906406883
13.26	0.24715367448266828
13.27	0.22875951573631784
13.28	0.239467258592643
13.29	0.22799563065623168
13.3	0.24261859532053254
13.31	0.24843637580067796
13.32	0.23670886967194157
13.33	0.2174093830090835
13.34	0.233174617032136
13.35	0.25544872318850526
13.36	0.226983721248659
13.37	0.22830022803618064
13.38	0.24875932222156716
13.39	0.2623044615089131
13.4	0.22378812679268267
13.41	0.23864990479718234
13.42	0.22405978404283533
13.43	0.23567752606555106
13.44	0.24722232048327467
13.45	0.22871248046635032
13.46	0.24058935914575935
13.47	0.23177369169233533
13.48	0.2195996616744395
13.49	0.24625022077577907
13.5	0.24087506323611085
13.51	0.2491089355221802
13.52	0.24247645294373618
13.53	0.2425534850599813
13.54	0.26654780261063993
13.55	0.23390773532409917
13.56	0.2422057424978223
13.57	0.2264744126740653
13.58	0.22707165183711406
13.59	0.22780270629611696
13.6	0.23394493705941355
13.61	0.2395826426587255
13.62	0.24890698258352556
13.63	0.2428865441319064
13.64	0.22775486784464344
13.65	0.2433422937650902
13.66	0.22623402890826158
13.67	0.22681240267742098
13.68	0.24999797369359317
13.69	0.2386606379356518
13.7	0.24221056718578005
13.71	0.2378125252052088
13.72	0.25028115225043407
13.73	0.2491643424482445
13.74	0.24141249554599475
13.75	0.23576037470147843
13.76	0.24051257392774997
13.77	0.23397176263354846
13.78	0.2291766808069032
13.79	0.2563938778628184
13.8	0.25282460210744306
13.81	0.25108577898662643
13.82	0.2387717864343734
13.83	0.2518625961718576
13.84	0.23091147177006224
13.85	0.24656683477354255
13.86	0.24663684068425012
13.87	0.24121154280913745
13.88	0.23194708899847483
13.89	0.24340234918926765
13.9	0.24550607684748757
13.91	0.23171938507820689
13.92	0.2399640457065155
13.93	0.24689350091155185
13.94	0.2408193530235336
13.95	0.26163153381448506
13.96	0.23975158894815454
13.97	0.2534109083066498
13.98	0.23765270092871088
13.99	0.24133546316525165
14.0	0.2252691990806829
14.01	0.22846132314306622
14.02	0.23301849307848718
14.03	0.23035679943120926
14.04	0.2304378649122612
14.05	0.2413599581313336
14.06	0.23075159492078876
14.07	0.24433544573316676
14.08	0.23543842293574568
14.09	0.23080106215693408
14.1	0.23893239954891982
14.11	0.24125183391177402
14.12	0.2354947525507378
14.13	0.2439968943497503
14.14	0.237895604202387
14.15	0.23142014360738428
14.16	0.2579199522755291
14.17	0.2655798197051895
14.18	0.24319731537299671
14.19	0.25230601312370315
14.2	0.22434868209161996
14.21	0.24537997044295007
14.22	0.23447622843716648
14.23	0.22862738638752006
14.24	0.23906276075763533
14.25	0.23446073277611723
14.26	0.24945014041556857
14.27	0.22705521751766988
14.28	0.2510642103409291
14.29	0.23463310990585742
14.3	0.23934370149502768
14.31	0.24068350846754946
14.32	0.23905990963510232
14.33	0.2475342977633756
14.34	0.23422555643259688
14.35	0.2441358437858085
14.36	0.23653215660059135
14.37	0.24011261466301947
14.38	0.2202484864434734
14.39	0.23508200742014276
14.4	0.24352140528543204
14.41	0.22561787127533314
14.42	0.2436887077009809
14.43	0.24935256004140063
14.44	0.2375554629809897
14.45	0.22345164571926496
14.46	0.24183639243594207
14.47	0.2394315276402556
14.48	0.24466081233378228
14.49	0.22483429124947674
14.5	0.2451605641846531
14.51	0.24460812888000766
14.52	0.23724966917321544
14.53	0.25899702767988614
14.54	0.2527677384477163
14.55	0.22589741762956514
14.56	0.25224847733544925
14.57	0.2424331827342207
14.58	0.22725482358746701
14.59	0.22346107110645066
14.6	0.26197113328144683
14.61	0.22768757534506365
14.62	0.23863220285606648
14.63	0.25932420239949305
14.64	0.23407256242683067
14.65	0.24809548554848082
14.66	0.23996806798488124
14.67	0.24522071862004013
14.68	0.23358470653553318
14.69	0.2514852643212071
14.7	0.23060970051748114
14.71	0.22903604089796575
14.72	0.23453115083483503
14.73	0.23443320547544538
14.74	0.24705888012890526
14.75	0.24550888437288684
14.76	0.2444501540988421
14.77	0.25553410318444897
14.78	0.24052230842237163
14.79	0.24064844627038043
14.8	0.24060402898186117
14.81	0.24791482552574054
14.82	0.22786038503957998
14.83	0.23056863384715442
14.84	0.22786030284271144
14.85	0.23957073541492874
14.86	0.22572758622392092
14.87	0.24989284140606027
14.88	0.23462210688183965
14.89	0.24453243939847627
14.9	0.23358546028621224
14.91	0.24220634997114285
14.92	0.23536740752779758
14.93	0.25222568932704836
14.94	0.21692242495923922
14.95	0.24360716549019104
14.96	0.24178216514900644
14.97	0.22706626938848756
14.98	0.24499215764450943
14.99	0.23795283055909414
15.0	0.24017848141252218
15.01	0.25732882725238143
15.02	0.23753167102394165
15.03	0.24356796070216932
15.04	0.24457863289161993
15.05	0.25224713571913704
15.06	0.24179964112213773
15.07	0.24294267844629566
15.08	0.24590542916136854
15.09	0.24724517048708922
15.1	0.23540422723949964
15.11	0.23687954594946656
15.12	0.25387700310795724
15.13	0.22455419296749757
15.14	0.2246959189117614
15.15	0.23175079972245557
15.16	0.23048378912414888
15.17	0.2547783708681465
15.18	0.24047163262425067
15.19	0.22840451432477116
15.2	0.24768846700723068
15.21	0.2273470731381901
15.22	0.2447681654164432
15.23	0.25276858902517596
15.24	0.24399520647082645
15.25	0.236952745317756
15.26	0.24406214962386116
15.27	0.23222197056380126
15.28	0.23969150437554526
15.29	0.23936521041568976
15.3	0.2341529575750045
15.31	0.22329730054352465
15.32	0.2522013495182218
15.33	0.24650619145294433
15.34	0.23007632154926166
15.35	0.23592204092603453
15.36	0.2216147152188077
15.37	0.24900308425333448
15.38	0.24123660490759918
15.39	0.2431989787047468
15.4	0.23742056673613823
15.41	0.24061594032078965
15.42	0.2479041496322384
15.43	0.22880060491040388
15.44	0.23448244782697253
15.45	0.23514481717428137
15.46	0.24959912314527996
15.47	0.24846714762533217
15.48	0.2432671011544289
15.49	0.2559048480534253
15.5	0.2296209402197179
15.51	0.23978378436732262
15.52	0.22093425650603343
15.53	0.22828788860829888
15.54	0.23195000441986405
15.55	0.22479609516908927
15.56	0.2426322416512148
15.57	0.23391039432289437
15.58	0.23962977905017538
15.59	0.24446911651031422
15.6	0.24230497892992
15.61	0.2244941510392584
15.62	0.24006007933743573
15.63	0.23603592591615677
15.64	0.23750699007469853
15.65	0.2677319099322683
15.66	0.23968233665692293
15.67	0.24228205074264056
15.68	0.2423119620980262
15.69	0.23180787120631896
15.7	0.23139364974389817
15.71	0.23570141822866372
15.72	0.2232185303807749
15.73	0.2203377104844637
15.74	0.23838741465513072
15.75	0.234829705996766
15.76	0.22870869779751807
15.77	0.23610483977053434
15.78	0.24418285622417993
15.79	0.24985910727738417
15.8	0.23053057676091143
15.81	0.2413341076219018
15.82	0.2550003756926533
15.83	0.20630471065418393
15.84	0.23944279327880824
15.85	0.23630636224211202
15.86	0.23499573913098482
15.87	0.23203804291343624
15.88	0.23595128154522582
15.89	0.24012846010273728
15.9	0.20139255877321605
15.91	0.23659919901054424
15.92	0.22100957572123256
15.93	0.2420961978865556
15.94	0.24231175579061953
15.95	0.24325370406918204
15.96	0.2338527085021723
15.97	0.2486302265519031
15.98	0.25534832060662865
15.99	0.2393647552157561
16.0	0.22984618319436842
16.01	0.2543215658490668
16.02	0.2519965549547262
16.03	0.2501785098367501
16.04	0.26094234636751845
16.05	0.24051036799438888
16.06	0.2416287734120482
16.07	0.2508639788573903
16.08	0.24145330630176345
16.09	0.21914079122375274
16.1	0.23118972055684653
16.11	0.25529264288702735
16.12	0.2545583415551538
16.13	0.23723739974510666
16.14	0.232797666594825
16.15	0.222146505843998
16.16	0.2401750961793574
16.17	0.25061441758797337
16.18	0.23469717544973834
16.19	0.24139060398444437
16.2	0.25794925811559344
16.21	0.22792426831847137
16.22	0.2328833040830571
16.23	0.23805861877240306
16.24	0.23921957956566697
16.25	0.22996655891717158
16.26	0.24170786169340117
16.27	0.2443704365591475
16.28	0.22941169781806442
16.29	0.24140270606879463
16.3	0.2369826287864525
16.31	0.23843235816999683
16.32	0.24704784927366763
16.33	0.2498199492690184
16.34	0.21834331209813548
16.35	0.24366504502074138
16.36	0.2296722863549634
16.37	0.23404868327071232
16.38	0.24064968890043295
16.39	0.23163100113202256
16.4	0.25066662090270947
16.41	0.24045241148239474
16.42	0.23219712034968512
16.43	0.2411980482631745
16.44	0.24641820200648623
16.45	0.24996293600551558
16.46	0.2415426066729624
16.47	0.21979330592692176
16.48	0.22669120005106852
16.49	0.25402546504591383
16.5	0.25773881007595983
16.51	0.2417868839879173
16.52	0.23444425982411063
16.53	0.2474974871535064
16.54	0.24165437171132131
16.55	0.2368214456348491
16.56	0.24002775287461292
16.57	0.2206844362690606
16.58	0.2303797096397428
16.59	0.234952596121441
16.6	0.22805057033133191
16.61	0.22781729487570618
16.62	0.23949019621547582
16.63	0.22816472010967315
16.64	0.220988560503974
16.65	0.23041174733127073
16.66	0.24069221746722455
16.67	0.2397194142796707
16.68	0.24295260717017608
16.69	0.23570479801933084
16.7	0.2347175788852915
16.71	0.23265908695524437
16.72	0.22973844224673204
16.73	0.25384622419416475
16.74	0.24708907632529306
16.75	0.2273232631383257
16.76	0.2273499625178294
16.77	0.25403852753537964
16.78	0.2513508565978575
16.79	0.23646264047857957
16.8	0.2327235087137385
16.81	0.2430885205728999
16.82	0.2440412733837501
16.83	0.23729508860479415
16.84	0.24653737062040196
16.85	0.23943920273778677
16.86	0.23698502334042634
16.87	0.2505974747103048
16.88	0.23133396395906253
16.89	0.24316258530785276
16.9	0.22316565505709263
16.91	0.23775581015788233
16.92	0.21979459535510878
16.93	0.24766292869480355
16.94	0.22812948687271806
16.95	0.24102320481938813
16.96	0.2374241328115238
16.97	0.2463887153283229
16.98	0.25237368292174184
16.99	0.23075096834754596
17.0	0.20957322321863675
17.01	0.23469905740083002
17.02	0.23500418351190053
17.03	0.2212689767285965
17.04	0.2254734757940226
17.05	0.2341374842212245
17.06	0.24023622388809718
17.07	0.24284679651411398
17.08	0.24475560926356849
17.09	0.24381576684309722
17.1	0.2505400472706118
17.11	0.2299831279367338
17.12	0.23691187912958153
17.13	0.2469719067529857
17.14	0.24262898938931743
17.15	0.2550628955841562
17.16	0.26191656680460856
17.17	0.2575161064148688
17.18	0.2368031816160314
17.19	0.25294418714261535
17.2	0.25078647185316916
17.21	0.23421493668976665
17.22	0.2406082242745922
17.23	0.21595086738116753
17.24	0.267996424120777
17.25	0.24698493464443624
17.26	0.23355025216974357
17.27	0.24643323476890963
17.28	0.23478574590242202
17.29	0.23047187165416086
17.3	0.258007206964712
17.31	0.24014683067288523
17.32	0.24876036224707124
17.33	0.24017051236410633
17.34	0.25858759592298663
17.35	0.24262919228774435
17.36	0.2557047034062016
17.37	0.21916606110971504
17.38	0.24734383283264755
17.39	0.24346248375960966
17.4	0.24044718032371123
17.41	0.22743952271214002
17.42	0.24823135580965566
17.43	0.25993274356836193
17.44	0.24702559315986353
17.45	0.24788852534232456
17.46	0.22507715336279502
17.47	0.24518632728680295
17.48	0.23447076542987474
17.49	0.26001599816039433
17.5	0.2546837838946305
17.51	0.24698910805759608
17.52	0.22570447461826185
17.53	0.26310172902728796
17.54	0.223704708513642
17.55	0.2510486710886573
17.56	0.23619003068763714
17.57	0.24681749307150413
17.58	0.24666368367829494
17.59	0.24931462266147036
17.6	0.23816889955939066
17.61	0.2567452346570759
17.62	0.2508802611245192
17.63	0.23895215641032858
17.64	0.2364410745781457
17.65	0.25369576216706713
17.66	0.23397671534843767
17.67	0.24654824049877708
17.68	0.2440876711545979
17.69	0.2499928252513296
17.7	0.21843606456476322
17.71	0.25844758991905586
17.72	0.2344399647572122
17.73	0.23511210012455136
17.74	0.2269269814815872
17.75	0.2373882660899298
17.76	0.2526279789521242
17.77	0.23304429218719655
17.78	0.2509046717463468
17.79	0.24659510461974377
17.8	0.23783877539814846
17.81	0.2518599521797721
17.82	0.24921461507671577
17.83	0.24676197553020798
17.84	0.24106597615835143
17.85	0.25501389624974
17.86	0.24896889460091323
17.87	0.22155538844483935
17.88	0.2625596924400804
17.89	0.26131500300505606
17.9	0.24224689888887252
17.91	0.2402874542700852
17.92	0.23239711372771316
17.93	0.2475636804838802
17.94	0.23292266253667626
17.95	0.25108328639285243
17.96	0.21553799678270022
17.97	0.24665952423033638
17.98	0.2455409569743974
17.99	0.23297273084956754
18.0	0.256912707342876
18.01	0.2529464595610996
18.02	0.25589429545587367
18.03	0.2536590175103741
18.04	0.2402762426755384
18.05	0.2460690150306103
18.06	0.23870133826394155
18.07	0.25526664416627537
18.08	0.2343572637786454
18.09	0.2566729478585005
18.1	0.2566274031859151
18.11	0.2395357668521341
18.12	0.23934363357027652
18.13	0.2490374391841725
18.14	0.253371124077893
18.15	0.23066980371672427
18.16	0.2468256038265027
18.17	0.24322955261787138
18.18	0.258880215276481
18.19	0.24553853415056914
18.2	0.24998219156588006
18.21	0.22186116169420206
18.22	0.2552321035666981
18.23	0.24808592031633053
18.24	0.2593764392714845
18.25	0.2535478759517065
18.26	0.23940596881307025
18.27	0.24677627376650021
18.28	0.2442962389808749
18.29	0.24478169097905575
18.3	0.23428172563640856
18.31	0.2478015202382572
18.32	0.25130340311434346
18.33	0.2578744521729928
18.34	0.2483658014071613
18.35	0.22806235071222467
18.36	0.25341747940288634
18.37	0.2376801118289213
18.38	0.24911366799431012
18.39	0.25456441411666986
18.4	0.24277569542983532
18.41	0.23977563189479212
18.42	0.24213890362206902
18.43	0.2585678375500853
18.44	0.2566598492104237
18.45	0.24328832015989532
18.46	0.2703546447742788
18.47	0.25505332405859377
18.48	0.25202143280513406
18.49	0.2431719725710348
18.5	0.24265479372176632
18.51	0.24730927828642416
18.52	0.2266013038316556
18.53	0.24480559855616568
18.54	0.22280849507412964
18.55	0.24711562127624068
18.56	0.24876785829414
18.57	0.25552798614317845
18.58	0.24624021007356825
18.59	0.24403387435790777
18.6	0.25231816468559937
18.61	0.2359116510441592
18.62	0.23633325349132378
18.63	0.22688608488119735
18.64	0.25044975769005995
18.65	0.2612415358020594
18.66	0.2337698164872508
18.67	0.23811717056117368
18.68	0.22082332316342468
18.69	0.22302547114817484
18.7	0.24936045598453466
18.71	0.24683151659664634
18.72	0.23940305656647637
18.73	0.24386484171783582
18.74	0.25102246120355376
18.75	0.23192020269876598
18.76	0.24300235210576746
18.77	0.2211281643120433
18.78	0.22871038122827417
18.79	0.23248113546075952
18.8	0.2075441783895249
18.81	0.23257432831859037
18.82	0.2360634821808972
18.83	0.23061367048617196
18.84	0.25157468648209447
18.85	0.24937017847222323
18.86	0.226830992582954
18.87	0.24639909313123273
18.88	0.2360626391878141
18.89	0.23100995699645754
18.9	0.22102935674407712
18.91	0.22956940648399227
18.92	0.2440978818003882
18.93	0.25453252096554113
18.94	0.25522332854679036
18.95	0.2419025412885746
18.96	0.25277062263349076
18.97	0.23510454506380973
18.98	0.267868176056392
18.99	0.2330766835937735
19.0	0.23813220897061038
19.01	0.2582921080242937
19.02	0.2236343085423103
19.03	0.25754655470850496
19.04	0.23901083936263992
19.05	0.23523310854962048
19.06	0.25068364525497633
19.07	0.23562276013019123
19.08	0.23105289991407074
19.09	0.23002103252939685
19.1	0.2485982643539393
19.11	0.23976380183326954
19.12	0.24544629554672504
19.13	0.24438621912581612
19.14	0.23223349967809537
19.15	0.23871611119620273
19.16	0.25182180939456517
19.17	0.2570174927990111
19.18	0.24481802906220823
19.19	0.24207586868456574
19.2	0.25879472056123165
19.21	0.2448234807092647
19.22	0.25250632661625605
19.23	0.2468728634587404
19.24	0.23762998300492022
19.25	0.2501372581960809
19.26	0.24645607042815007
19.27	0.23211239376980566
19.28	0.24684171372674235
19.29	0.22916605655829994
19.3	0.2386120780681863
19.31	0.2312539276561347
19.32	0.24189372423907957
19.33	0.22916157934951126
19.34	0.25022315693243824
19.35	0.24550181391755668
19.36	0.2317812854919583
19.37	0.24149370304661702
19.38	0.24439058529131738
19.39	0.2666793544402935
19.4	0.25944130001693666
19.41	0.25412160572381465
19.42	0.24756695276079224
19.43	0.23495111387582834
19.44	0.24255218634364414
19.45	0.2352914894977895
19.46	0.24007721026557932
19.47	0.23415919268532578
19.48	0.24752540577770202
19.49	0.23421431781524882
19.5	0.24356557943770935
19.51	0.2433839733722238
19.52	0.2455153673091108
19.53	0.22875156800597696
19.54	0.2404796214170481
19.55	0.24227914277464058
19.56	0.2515788935126335
19.57	0.23222848087776438
19.58	0.2301623681866347
19.59	0.22624519411880456
19.6	0.246222015750034
19.61	0.2510406723471513
19.62	0.24226303181248374
19.63	0.25078693702651556
19.64	0.2574395719342378
19.65	0.25281878110677786
19.66	0.25629931660301486
19.67	0.25109712618996693
19.68	0.24322474662830793
19.69	0.23453356922614832
19.7	0.24384923773819933
19.71	0.2619840320688479
19.72	0.22586065211384748
19.73	0.24249274399556833
19.74	0.22980967011539077
19.75	0.2518722650880979
19.76	0.22336098959123932
19.77	0.24748264271215398
19.78	0.2396606951059919
19.79	0.24924678958158564
19.8	0.24243555414205048
19.81	0.24654047610835425
19.82	0.24045531177322693
19.83	0.23899297737342062
19.84	0.2626076277822166
19.85	0.2542806907940338
19.86	0.24792437724935287
19.87	0.2307169369372099
19.88	0.236022287041246
19.89	0.24436824817249356
19.9	0.23876235225399853
19.91	0.22636430290601192
19.92	0.24109660071342218
19.93	0.24391640766035844
19.94	0.24722605270094772
19.95	0.25115002881121595
19.96	0.23393741133337032
19.97	0.24417785088057672
19.98	0.2226866676668784
19.99	0.2241632163075459
20.0	0.2309645835537736
20.01	0.24242385479358974
20.02	0.2424123933452772
20.03	0.2412984203263964
20.04	0.2539008948858267
20.05	0.24079948121252714
20.06	0.24521375501939371
20.07	0.25563031703099454
20.08	0.248374519230421
20.09	0.2379620703925573
20.1	0.23538479395897696
20.11	0.23417767978822335
20.12	0.22216496180437825
20.13	0.2589431659417798
20.14	0.22690419881195492
20.15	0.22442722572388774
20.16	0.24534725697176585
20.17	0.22443365189403405
20.18	0.24875853727735467
20.19	0.2384725824865364
20.2	0.22943393874631082
20.21	0.2385458928850586
20.22	0.24004630312693825
20.23	0.24659726532021312
20.24	0.2488509937207169
20.25	0.22800906733439702
20.26	0.23634272725047903
20.27	0.23695246888940694
20.28	0.2287130835653407
20.29	0.24263628886912936
20.3	0.24157654297048048
20.31	0.22844163965518582
20.32	0.2430624023309388
20.33	0.24351392242406328
20.34	0.23543711680238308
20.35	0.24286682175127097
20.36	0.24423514073905836
20.37	0.22564517103139148
20.38	0.21400980688830187
20.39	0.25007602889139086
20.4	0.2599545981956125
20.41	0.25296903118327274
20.42	0.24839456330186954
20.43	0.2461972304064907
20.44	0.2403934618771521
20.45	0.24559735611731748
20.46	0.24383509899801925
20.47	0.22948095867189036
20.48	0.2545683358960978
20.49	0.23299941794475051
20.5	0.24035041779979635
20.51	0.24426686993453925
20.52	0.2433450136383057
20.53	0.23029521229170796
20.54	0.25175908919148404
20.55	0.24331846304076415
20.56	0.24735782958163322
20.57	0.2424984246713673
20.58	0.23266504374962313
20.59	0.24504782283586812
20.6	0.24399726199610972
20.61	0.22239353297410816
20.62	0.23007559197547853
20.63	0.23913564370562584
20.64	0.23140410839779094
20.65	0.25773913868575404
20.66	0.2281273006922952
20.67	0.24241665414589095
20.68	0.2379518071229867
20.69	0.2319179887327446
20.7	0.227217947663752
20.71	0.2386865297882091
20.72	0.24021088038528304
20.73	0.22499719756801084
20.74	0.23441102636170158
20.75	0.22786276639033853
20.76	0.23704513336181726
20.77	0.2416210126845398
20.78	0.23942643457890433
20.79	0.24016967260351665
20.8	0.21693002138870823
20.81	0.2512492881456901
20.82	0.23062551080762903
20.83	0.24503634663726426
20.84	0.2431756683268717
20.85	0.2443840740996708
20.86	0.23518641576739074
20.87	0.2296579764072169
20.88	0.23056315206342962
20.89	0.2378653562419803
20.9	0.2537181191307069
20.91	0.240904629266765
20.92	0.2498533957476743
20.93	0.2508893847701691
20.94	0.23523723507814565
20.95	0.2543876296979902
20.96	0.24550506230974134
20.97	0.24778715080488528
20.98	0.21901427851388663
20.99	0.24818648826921294
21.0	0.23495198031685738
21.01	0.24206054657783113
21.02	0.2292476881825744
21.03	0.2422561922164798
21.04	0.24113008684644574
21.05	0.23205716791537642
21.06	0.24645864014582047
21.07	0.23876756380604858
21.08	0.2337415671854042
21.09	0.2527928784806666
21.1	0.2320934191914712
21.11	0.23176789570124187
21.12	0.2184429837141951
21.13	0.2467643846789089
21.14	0.24639960216495488
21.15	0.24381455689395456
21.16	0.2422748932213056
21.17	0.22368503737178397
21.18	0.24588059533293002
21.19	0.23726177494229675
21.2	0.2297776321367827
21.21	0.23803782136285423
21.22	0.23140057376649048
21.23	0.2369980825341892
21.24	0.2198462123484346
21.25	0.2103729564676111
21.26	0.24343907034344298
21.27	0.24606778577082097
21.28	0.24273941411259006
21.29	0.24443329586181878
21.3	0.2293232864721811
21.31	0.2468836191034927
21.32	0.22573449402333237
21.33	0.23443742024762412
21.34	0.23210835657506101
21.35	0.23362630297715636
21.36	0.22668594587837582
21.37	0.22275020337791715
21.38	0.22295378748289885
21.39	0.22963301034436187
21.4	0.23727417678643087
21.41	0.2348089380967926
21.42	0.24594129829751774
21.43	0.23018853189601446
21.44	0.23283611750925004
21.45	0.23396651299330085
21.46	0.24425212038960556
21.47	0.23567278448063117
21.48	0.22927067082390737
21.49	0.23351056011401478
21.5	0.2670256052522191
21.51	0.24378835168922636
21.52	0.22621268149012733
21.53	0.21950138511253997
21.54	0.2564734318595881
21.55	0.21844793341566326
21.56	0.23037231785269477
21.57	0.22700665928644215
21.58	0.2534626886078813
21.59	0.24628736865512935
21.6	0.24556610003349866
21.61	0.22530854008432205
21.62	0.2417445301816731
21.63	0.25139265620164863
21.64	0.2364158135901627
21.65	0.24266159944303028
21.66	0.23905521249169706
21.67	0.23948180474851466
21.68	0.2517994798353718
21.69	0.25073012971358527
21.7	0.23277294496011453
21.71	0.24761258793089375
21.72	0.22285325229357655
21.73	0.2521138516249798
21.74	0.2255480732321505
21.75	0.23249292285938963
21.76	0.2472841526164478
21.77	0.2326079842162236
21.78	0.22632410118387278
21.79	0.2333674599121451
21.8	0.24677095032504373
21.81	0.24461444536090657
21.82	0.2348943015022172
21.83	0.2408364891325939
21.84	0.23500496932696555
21.85	0.2449171970630134
21.86	0.2547203321248645
21.87	0.2352188780977047
21.88	0.2456384576956108
21.89	0.24554945720214685
21.9	0.24951046456575268
21.91	0.25079015501238255
21.92	0.23743619382002096
21.93	0.2442621518216659
21.94	0.21858797302340488
21.95	0.23789615961635158
21.96	0.2484381235314189
21.97	0.24548481118311197
21.98	0.23680742194045776
21.99	0.23689497831680617
22.0	0.2404658827092036
