10.01	5.098293775282864
10.02	5.110440904254287
10.03	4.914823270964265
10.04	4.737565309489857
10.05	3.7389306564536247
10.06	3.7110459571556236
10.07	3.718804714187651
10.08	3.5204218469169364
10.09	3.1474915693430354
10.1	2.9489310616545605
10.11	2.754419562666653
10.12	2.3680120939158726
10.13	2.356656384981797
10.14	2.349094698513579
10.15	2.365512021408935
10.16	1.9694453034403367
10.17	1.5833570905087573
10.18	1.569531922924391
10.19	1.3801208767690827
10.2	1.181812618150755
10.21	1.1764039560191062
10.22	0.5874979327447095
10.23	0.9827093963603392
10.24	0.7980897398282878
10.25	0.5783228720919086
10.26	0.5735419648848125
10.27	0.5895651979810405
10.28	0.6001344786306836
10.29	0.5819190965839997
10.3	0.5901859422699085
10.31	0.584973119014012
10.32	0.5952650487561507
10.33	1.3786905783731258
10.34	0.589139041276871
10.35	1.5862930709252472
10.36	1.5834401031096943
10.37	1.9501302029072716
10.38	1.760823257010262
10.39	2.3498633523998844
10.4	2.353680222004812
10.41	2.5594059527456876
10.42	3.1372165736492006
10.43	3.1437189911598242
10.44	3.3302789745907786
10.45	3.7313275642657673
10.46	4.325562241493334
10.47	4.306188507557376
10.48	4.907963055036717
10.49	5.128874343204955
10.5	5.687564005406795
10.51	6.277762591970923
10.52	6.491063191814508
10.53	6.6881114605060255
10.54	6.888969490631448
10.55	7.854353738382096
10.56	8.071789184787791
10.57	8.63099793376387
10.58	9.027483575944789
10.59	9.441766536291615
10.6	10.013039202314548
10.61	10.601691099433923
10.62	11.196667116883983
10.63	11.59297026683809
10.64	11.792588293014946
10.65	12.579332688333261
10.66	12.767226359703695
10.67	12.969283080884443
10.68	13.149526407200167
10.69	14.149903919593923
10.7	14.740619711664507
10.71	15.14045502134486
10.72	15.304681497712796
10.73	15.718734640933558
10.74	15.924392002348256
10.75	16.319210046405
10.76	16.308628458663183
10.77	17.303996800371195
10.78	17.487414056024644
10.79	17.875066772457938
10.8	18.079333633643596
10.81	18.86694975829212
10.82	18.679288247192154
10.83	19.049273188674885
10.84	19.042477115911314
10.85	19.454746601127795
10.86	19.447123052910133
10.87	20.02847240849158
10.88	20.048749628880522
10.89	20.221381008201394
10.9	20.233284209845024
10.91	20.639954103681745
10.92	20.63284989885128
10.93	20.83616892158606
10.94	21.210278662674256
10.95	21.21720587363806
10.96	21.410044079149614
10.97	21.22590324195729
10.98	21.033658709839372
10.99	21.221417308824172
11.0	21.210868654936508
11.01	21.23319644653692
11.02	20.84273984990419
11.03	20.832305509161532
11.04	20.626213825739672
11.05	20.432758877444662
11.06	20.434912562832103
11.07	20.043632939232857
11.08	20.4362734570628
11.09	19.839910565393712
11.1	19.4537464218592
11.11	19.4489260508603
11.12	19.240641114471885
11.13	19.262940187009857
11.14	18.87448834746412
11.15	18.64373574142999
11.16	18.066815539221427
11.17	17.887329880572928
11.18	17.680789801381792
11.19	17.28038797801767
11.2	16.697904890390678
11.21	16.320626522354182
11.22	16.317218433797525
11.23	15.718151843387217
11.24	15.32862211351553
11.25	14.932368354868158
11.26	14.153856048811821
11.27	14.32873277570506
11.28	13.158048485197728
11.29	13.162376025454543
11.3	12.768786046566044
11.31	12.576962207500355
11.32	11.600042778916526
11.33	11.403285355740191
11.34	11.185222026460435
11.35	10.60973904882835
11.36	10.031537258864734
11.37	9.818248966547822
11.38	9.419844925918563
11.39	8.829877206462001
11.4	8.237855629964443
11.41	8.246199177390855
11.42	7.844897571496869
11.43	6.867142504615037
11.44	6.8861822485200985
11.45	6.691458113608718
11.46	6.301543233703265
11.47	6.292234668538652
11.48	5.515301036013597
11.49	5.30082166568136
11.5	5.129181419956722
11.51	4.727509956523415
11.52	4.314019250801197
11.53	3.7398130663283373
11.54	3.7460799587971394
11.55	3.733158670237456
11.56	3.3463797513273805
11.57	3.3247979359159077
11.58	3.1565586895316198
11.59	3.1493807739084545
11.6	2.94914207131344
11.61	2.56125224183791
11.62	2.3457219741096615
11.63	2.356813100230056
11.64	2.1571695269701143
11.65	1.9734981522145862
11.66	1.9708447600083652
11.67	1.7674149925517817
11.68	1.9604745267439043
11.69	1.7774439001387181
11.7	1.7651413753802612
11.71	1.5700332568054025
11.72	1.5788244083007072
11.73	1.5857180780951845
11.74	1.7666611740158908
11.75	1.5689678832574094
11.76	1.950340870235652
11.77	1.7609328738213617
11.78	1.9588196370769262
11.79	1.9590133579748734
11.8	1.9715298579322307
11.81	2.371572425320916
11.82	2.376083826949157
11.83	2.3429449462006735
11.84	2.729417437307153
11.85	2.934560887734152
11.86	3.140568412536445
11.87	3.1340010382982135
11.88	3.5298813116517884
11.89	3.5190973731393793
11.9	3.7338771237065305
11.91	3.7449079631275715
11.92	3.7291850811296863
11.93	4.727738100750032
11.94	5.133320234875834
11.95	5.117657037531788
11.96	5.511538339832217
11.97	5.701342693552715
11.98	5.883432334562631
11.99	6.302947792593897
12.0	6.476655655952149
12.01	6.876473240081483
12.02	7.2827240754393605
12.03	7.851999427874421
12.04	8.064373553215606
12.05	8.445362705632643
12.06	8.64492527025344
12.07	9.440332068599151
12.08	9.431145413157
12.09	9.836004781491205
12.1	10.023196063166225
12.11	10.023452360962946
12.12	10.609316718642997
12.13	10.983018242279126
12.14	11.20102886816177
12.15	11.791212568990488
12.16	12.168068319078847
12.17	12.56611277051534
12.18	12.770423900943635
12.19	12.775076518759638
12.2	13.15266214422121
12.21	13.752579675727775
12.22	13.135538393982005
12.23	14.139156866174027
12.24	14.336334056352875
12.25	14.529192455570891
12.26	14.946573908951423
12.27	15.12718202111638
12.28	15.121078476716379
12.29	15.71432273406981
12.3	15.715016348728604
12.31	16.126047048745967
12.32	16.298779853873384
12.33	16.29632837532271
12.34	16.2987554806124
12.35	17.082362655540088
12.36	17.303603107602537
12.37	17.292950195341128
12.38	17.302284420891922
12.39	17.499001840829443
12.4	17.483259196213915
12.41	17.67762086333061
12.42	17.67906569561438
12.43	17.68389708484365
12.44	17.492294598286694
12.45	17.67870364972751
12.46	18.052747286814572
12.47	17.47133473408427
12.48	17.86378799271243
12.49	17.490503957059598
12.5	17.474770683323705
12.51	16.9009218609848
12.52	17.093782235311892
12.53	16.699303432177985
12.54	16.296921131411622
12.55	16.306576327205565
12.56	16.315255459159754
12.57	16.108290652099534
12.58	15.72474138135552
12.59	15.734264972234099
12.6	15.141672331649374
12.61	14.926752935994626
12.62	14.519656255605769
12.63	13.747874012816219
12.64	13.17311427990423
12.65	13.15313675872721
12.66	12.77362816228304
12.67	12.778391179392898
12.68	11.7811153043453
12.69	11.583876364667262
12.7	11.403479740605931
12.71	10.814847000470156
12.72	10.409704642958662
12.73	10.028591623442358
12.74	9.83132486597668
12.75	9.431332536582358
12.76	8.640532971675725
12.77	8.658467861200146
12.78	8.042939394066016
12.79	7.475400690556572
12.8	7.273984105315363
12.81	6.881940217354991
12.82	6.2910281105453025
12.83	5.895089897866822
12.84	5.695909415465779
12.85	5.483322042815897
12.86	5.104707295205981
12.87	5.088101878314472
12.88	4.707020478355983
12.89	4.309598538302483
12.9	3.728541578790744
12.91	3.7239117646017825
12.92	3.5333508834385334
12.93	3.1319626438335515
12.94	2.949964799139239
12.95	2.5651078911715652
12.96	2.333958016753013
12.97	2.168068658514375
12.98	1.9701777795730901
12.99	1.7676054946109825
13.0	1.561791384608272
13.01	1.7713483910812173
13.02	1.5776195372208657
13.03	1.3582579476469745
13.04	1.1808936654771403
13.05	0.5836411602672836
13.06	0.7765468750200462
13.07	1.18373913829957
13.08	1.1847198614279748
13.09	0.5776440309604169
13.1	1.1773935710173182
13.11	1.1906528319309602
13.12	1.1760970265777453
13.13	1.1747504159486464
13.14	1.1817725024353771
13.15	1.3659971781715863
13.16	1.1601344761802919
13.17	1.1634238625217594
13.18	1.5655791367708707
13.19	1.3791677350057323
13.2	1.957902247792254
13.21	1.9665391940344599
13.22	2.362327140055305
13.23	2.3518940114613356
13.24	2.3517486583338867
13.25	2.757434484146109
13.26	2.757667011731973
13.27	2.751591511670041
13.28	3.5337968647266305
13.29	3.5371995444901585
13.3	3.5322957769320333
13.31	3.5494048064415984
13.32	4.324737375379143
13.33	4.707517072976515
13.34	5.097662726379698
13.35	5.102863402049447
13.36	5.512170905993441
13.37	5.88037656833307
13.38	5.906858736363104
13.39	6.473776762785547
13.4	6.870629341217782
13.41	7.455456917773144
13.42	7.849408088672947
13.43	8.249473970390307
13.44	8.640131498918057
13.45	9.02107105003712
13.46	9.442015620535699
13.47	10.015800451854238
13.48	10.611824552669832
13.49	10.992180528945973
13.5	11.399293306671353
13.51	12.19032897002263
13.52	12.370206221266992
13.53	12.966196645012456
13.54	13.144166232248029
13.55	13.759413905103242
13.56	14.523694727353513
13.57	14.534322614405422
13.58	15.334525211485886
13.59	15.922634196799827
13.6	16.29001614143592
13.61	16.314753811411524
13.62	17.276732425360517
13.63	17.6736147545667
13.64	18.464174595684344
13.65	18.66858824703714
13.66	19.246445159652506
13.67	19.457047557149046
13.68	20.042664516997828
13.69	20.046388013738824
13.7	20.22393835456025
13.71	20.822439236664792
13.72	20.82977165950994
13.73	21.20553457883129
13.74	21.232907057176227
13.75	21.610711296642624
13.76	21.419037528157652
13.77	21.598075485575002
13.78	21.612265096474193
13.79	21.99806915688473
13.8	21.612270668134325
13.81	21.60928989529806
13.82	21.594852605416236
13.83	21.596797291066032
13.84	21.40201170316585
13.85	21.235677657450633
13.86	20.82759970151816
13.87	20.810829983005803
13.88	20.248919091341097
13.89	20.0364553195402
13.9	19.43184767578913
13.91	19.25302301965316
13.92	19.261027855860405
13.93	18.476971150905854
13.94	18.089032120510925
13.95	17.67502696678912
13.96	17.486195574692253
13.97	16.71689991713344
13.98	16.314887962160967
13.99	16.10460147075365
14.0	15.320638537623703
14.01	15.141083250595313
14.02	14.133848481922008
14.03	13.754399299630741
14.04	13.154739519692773
14.05	12.77552867376779
14.06	12.18635346320881
14.07	11.401914384313896
14.08	11.00879392354975
14.09	10.612857303680544
14.1	9.803509806748746
14.11	9.816867577740744
14.12	9.03058863886172
14.13	8.258602870791904
14.14	7.867539592421167
14.15	7.4775537373487575
14.16	6.871892542193288
14.17	6.68752519541822
14.18	6.28167812270467
14.19	5.493699426914364
14.2	5.504961235344921
14.21	4.709067751927967
14.22	4.509796964478863
14.23	3.731301607815554
14.24	3.7357793522145353
14.25	3.537534959382154
14.26	3.1496652357709136
14.27	2.7476447940017286
14.28	2.3550414720101283
14.29	2.3547916976172667
14.3	1.9705848534265384
14.31	1.9724153117773229
14.32	1.5857608287513747
14.33	1.5697486022415412
14.34	1.1828778126576738
14.35	1.1674110122461236
14.36	0.7961464679923221
14.37	0.5913923445936567
14.38	1.1786035506804726
14.39	0.5764800501537304
14.4	0.9836543729145731
14.41	0.5819345816352819
14.42	1.177097936861311
14.43	1.179570096791699
14.44	1.1730217725871392
14.45	1.1834605757940029
14.46	1.1732208215878108
14.47	1.563927678917322
14.48	1.1969134007541116
14.49	1.5712732407869276
14.5	1.589399383118977
14.51	1.9756706705426696
14.52	1.9523344107213447
14.53	1.9514645808240039
14.54	2.3628554684667553
14.55	2.56126579191358
14.56	2.7490742087751814
14.57	2.7566258493921234
14.58	3.167525385237028
14.59	3.5500714836650054
14.6	3.5413756140140045
14.61	3.7309904002407297
14.62	4.332478520331402
14.63	4.341990436922239
14.64	4.717062903101192
14.65	5.1046540795187925
14.66	5.515342188576227
14.67	5.496444144776041
14.68	6.290633226480597
14.69	5.897231360450475
14.7	6.27559877443084
14.71	6.480629605023933
14.72	6.8717245792581725
14.73	7.472514471389346
14.74	7.857728722626848
14.75	7.8773892907606395
14.76	8.652385371463136
14.77	8.64305814790705
14.78	9.017199614850508
14.79	9.827514408477912
14.8	9.807668879444675
14.81	10.012894450366886
14.82	10.613304977691438
14.83	11.002353920923447
14.84	11.008619578747279
14.85	11.583706050477565
14.86	12.17436346083106
14.87	12.174841629170137
14.88	12.564863448374076
14.89	12.966365448377077
14.9	13.171856601645082
14.91	13.758304749385635
14.92	14.128526449933444
14.93	14.720899071305753
14.94	14.934366526607818
14.95	15.310114785437916
14.96	15.730803670731461
14.97	16.10042157579776
14.98	16.103447338323473
14.99	16.88757689870741
15.0	17.296885395805585
15.01	17.302364336145835
15.02	18.078698519859497
15.03	18.05579890548487
15.04	18.064588597352255
15.05	18.478053071125828
15.06	18.853857427170126
15.07	19.2556794269102
15.08	18.849567956002304
15.09	19.258391517072408
15.1	19.26074560612536
15.11	19.249961316879805
15.12	19.243261848051205
15.13	19.45926045766137
15.14	19.44535242728046
15.15	19.248183535024932
15.16	19.26862074776667
15.17	19.234343528214808
15.18	19.036767881799705
15.19	19.251002452375932
15.2	18.662706927977553
15.21	18.486834169449033
15.22	18.072840500900327
15.23	18.087485097728486
15.24	17.283850830380818
15.25	17.275147752905006
15.26	17.301959961921376
15.27	16.318136846607477
15.28	16.117596053516973
15.29	16.11760199809405
15.3	15.714751855112643
15.31	15.1301882995392
15.32	14.536376276649454
15.33	14.146374676422411
15.34	13.751253401633095
15.35	13.139774874041857
15.36	12.784820927741354
15.37	12.182375629648485
15.38	12.18492958624344
15.39	11.188936565834254
15.4	10.995352446701716
15.41	10.005792360376104
15.42	10.00053067365739
15.43	9.62760550705963
15.44	9.05373996511405
15.45	8.648748952367619
15.46	7.850234235888599
15.47	7.463138921712677
15.48	6.860723223432283
15.49	6.6729159527288795
15.5	6.289919607342572
15.51	6.282114975017377
15.52	5.119341020601823
15.53	5.120226097653625
15.54	4.502828327655369
15.55	4.324703225445249
15.56	3.5370258781040005
15.57	3.533836026915891
15.58	3.5355642677741725
15.59	2.9307322590416156
15.6	2.7333131509401514
15.61	2.172245207692564
15.62	1.9798626290229544
15.63	1.9544691103650376
15.64	1.5728211918194712
15.65	1.3711896062587374
15.66	1.1652790939070856
15.67	1.1796079926553433
15.68	0.6116611012760764
15.69	0.393048613899451
15.7	0.5897597257446555
15.71	0.2071133468321604
15.72	0.3981975405552654
15.73	0.02162205188600592
15.74	0.39871017784125035
15.75	0.383728558899675
15.76	0.16660408856602338
15.77	-0.01107772646934439
15.78	0.20436209033470315
15.79	0.39001193239048154
15.8	-0.004846308222196063
15.81	0.5903873112790339
15.82	0.605989059668473
15.83	0.39398714204139273
15.84	0.5919473821592447
15.85	0.6102223718523062
15.86	0.5799351663781103
15.87	0.5944186391868159
15.88	1.169496353012405
15.89	1.578467738404426
15.9	1.3974132843463167
15.91	1.975234606224601
15.92	1.975768523597379
15.93	2.346936720667949
15.94	2.748845610651076
15.95	2.752005016816683
15.96	3.1481703354185493
15.97	3.5301954789219874
15.98	3.529655810003779
15.99	3.5295315889823984
16.0	3.74587791827074
16.01	4.503590890856627
16.02	4.713006723683397
16.03	5.110283740686704
16.04	5.119569767422727
16.05	5.5084367277209205
16.06	5.876858714894699
16.07	6.6829600668222975
16.08	6.865823060027771
16.09	6.873037176900905
16.1	7.8617808819075075
16.11	8.243735118832564
16.12	8.650655249501174
16.13	9.042727995544993
16.14	9.042918491988477
16.15	9.827047053784671
16.16	10.018843212708257
16.17	10.797816528924432
16.18	11.007201194983544
16.19	11.40228920020864
16.2	11.787074672243929
16.21	12.16441279003466
16.22	12.594613188617947
16.23	12.970882777484036
16.24	13.163762369198315
16.25	13.753568447056377
16.26	14.131771991927678
16.27	14.53840841146713
16.28	14.927363329250625
16.29	15.30388892339767
16.3	15.723506393048542
16.31	15.70473022065471
16.32	16.11470311901189
16.33	16.29610705037687
16.34	16.31705866634472
16.35	16.34317344660243
16.36	17.292703031415858
16.37	17.27408700114273
16.38	17.280717053578623
16.39	17.291438778892157
16.4	17.48601293826751
16.41	17.69210399463086
16.42	18.085797105593283
16.43	17.68493149106923
16.44	18.076993228505405
16.45	18.068300951684886
16.46	18.08784029391785
16.47	18.092812822644483
16.48	18.068200484969665
16.49	18.065265702926972
16.5	18.083138579506
16.51	18.088264225002
16.52	18.07486582449841
16.53	18.085901427723083
16.54	18.2533436955178
16.55	18.091487723067253
16.56	17.89262953349934
16.57	17.482472738691015
16.58	17.47136296702584
16.59	17.293594767578732
16.6	16.901590248515923
16.61	16.883606627860797
16.62	16.316202591412395
16.63	16.29730550826904
16.64	16.30791041083472
16.65	15.913574741646205
16.66	15.928540378076889
16.67	15.116998479411135
16.68	15.523060652968013
16.69	15.135006395121891
16.7	14.927513171316729
16.71	14.130341078134052
16.72	13.168480383341286
16.73	13.142386453804441
16.74	12.766349710444441
16.75	12.577003684866161
16.76	11.98185843585506
16.77	11.790381013156594
16.78	11.193865551340604
16.79	10.015087802999224
16.8	10.03742673141489
16.81	9.633216787978705
16.82	9.434992561454266
16.83	8.835556460196178
16.84	8.456370045592452
16.85	7.86264784921817
16.86	7.863148025821293
16.87	6.862528509202427
16.88	6.4843012227020855
16.89	6.281919917509732
16.9	5.6835673319231494
16.91	5.523586777478927
16.92	4.913891726224367
16.93	4.713272597697581
16.94	3.715950676482142
16.95	3.552900675426916
16.96	3.5446091142623257
16.97	3.3455560363642975
16.98	3.1582078448093656
16.99	2.7529831388881685
17.0	2.5539421786989194
17.01	1.9781592179344867
17.02	1.7477924681327426
17.03	1.762387084873814
17.04	1.7573477213668158
17.05	1.5527811382082204
17.06	1.1805755604243688
17.07	0.590026986255573
17.08	0.5859353726207428
17.09	0.5788545201912607
17.1	0.5940387558158607
17.11	0.5870440819829049
17.12	0.5883486760910586
17.13	0.5822158122722709
17.14	0.38792989147050005
17.15	0.5973184622681296
17.16	0.6003761679150817
17.17	0.5986028779493126
17.18	0.5873071955947979
17.19	0.20362761359763745
17.2	0.7699924639438073
17.21	0.5996464716186499
17.22	0.5900750797515317
17.23	0.5841489275647881
17.24	1.5779318413497156
17.25	1.192450481811232
17.26	1.1796433391445753
17.27	1.5800059166379257
17.28	1.5696228730189923
17.29	1.9605872427084128
17.3	1.775870003263385
17.31	1.948832676355063
17.32	2.3451593007650504
17.33	2.7512549287537134
17.34	3.1336113808751214
17.35	3.1486434027113734
17.36	3.347752548527845
17.37	3.538704830831608
17.38	3.7162717412882746
17.39	4.331082473684248
17.4	4.701759464090178
17.41	4.927465534942757
17.42	5.507520260965737
17.43	5.708283306270032
17.44	6.283126389116373
17.45	6.2824497358604585
17.46	6.867301130569724
17.47	6.880198451934583
17.48	7.664152438140269
17.49	8.247224788903546
17.5	8.666778299292876
17.51	9.43734389495186
17.52	9.405598974903887
17.53	9.795165964546397
17.54	10.034998317397106
17.55	11.01047934482743
17.56	11.017734140603862
17.57	11.408164818113358
17.58	11.972645195799743
17.59	12.374503103545432
17.6	13.163235899119123
17.61	13.157517215922631
17.62	13.163838024929397
17.63	14.15189785425721
17.64	14.34779977970204
17.65	14.740534939578266
17.66	14.930707265120816
17.67	15.327609853437899
17.68	15.34056371963582
17.69	15.913264779118649
17.7	16.09462154741061
17.71	16.310151698020313
17.72	16.30520090811487
17.73	16.302382538305853
17.74	16.700710306899875
17.75	16.88399499230719
17.76	17.075621553190263
17.77	16.89202402214653
17.78	16.878391650440324
17.79	16.895386116720477
17.8	17.069999866812935
17.81	16.877242323810037
17.82	16.891632914239914
17.83	16.31056066443156
17.84	16.702032865520554
17.85	16.308384702207377
17.86	16.308574749534696
17.87	16.302856823107266
17.88	16.114714558126163
17.89	15.717042376723052
17.9	15.710691698862982
17.91	15.333302404789585
17.92	14.94001161771821
17.93	14.921679535209446
17.94	14.335312710812257
17.95	14.156371109858371
17.96	13.743563557326837
17.97	13.157289332387442
17.98	13.155164238030691
17.99	12.780824931994427
18.0	12.569321626166087
18.01	11.78123142558153
18.02	11.386614980198496
18.03	11.013447313262791
18.04	10.016238726322186
18.05	10.031180968433546
18.06	9.627886052038876
18.07	9.43195802235785
18.08	8.848325569617446
18.09	8.661951449559911
18.1	7.864063229703562
18.11	7.448377598949874
18.12	6.858448905020647
18.13	6.888765253807153
18.14	6.676937624863417
18.15	6.287972311859152
18.16	5.685587144258337
18.17	5.5116702481756095
18.18	4.921430423045969
18.19	4.715221330063402
18.2	4.32410077702644
18.21	3.7377336484562003
18.22	3.529801997461987
18.23	3.5333790595246986
18.24	3.331759362738964
18.25	2.759370716630956
18.26	3.153365709680769
18.27	2.7475958069552373
18.28	2.352886782473366
18.29	2.554171892843241
18.3	2.3462288860402563
18.31	1.96504441727141
18.32	1.7678381053088132
18.33	2.3644810391161273
18.34	1.7713413019611726
18.35	1.9702913112578322
18.36	1.9792931426260278
18.37	1.549660355271867
18.38	1.7572305732829487
18.39	1.9606020674735427
18.4	1.5600620435736157
18.41	1.77082343670482
18.42	1.9671661609438662
18.43	1.9601390893535846
18.44	2.170017227981235
18.45	2.36133650333411
18.46	2.343818673471353
18.47	2.3517299157952536
18.48	2.361338935406858
18.49	2.5429083201923923
18.5	3.139400680468207
18.51	3.16929475985805
18.52	3.147915872141007
18.53	3.329417026744892
18.54	3.7331949856116866
18.55	3.7350406067380066
18.56	4.31412808686807
18.57	4.712030683085688
18.58	4.7062493274407045
18.59	5.115355423276885
18.6	5.4886686087240175
18.61	5.891620535837381
18.62	6.294240610383401
18.63	6.292189047189845
18.64	6.8780416436354965
18.65	6.853312159305004
18.66	7.467573230288598
18.67	8.656996153840709
18.68	8.051450110892944
18.69	9.048665704609212
18.7	9.253065702455853
18.71	9.831401291815617
18.72	10.009251917288122
18.73	10.617172930429504
18.74	11.00359558362936
18.75	11.211679171677593
18.76	11.375564230412301
18.77	12.548659623585465
18.78	12.56912110377918
18.79	12.586339654234324
18.8	13.162416635082277
18.81	13.538692146323378
18.82	14.144274763219755
18.83	14.141439677927181
18.84	14.346807174958386
18.85	14.761307127824459
18.86	14.922505201469807
18.87	14.9238031499434
18.88	15.130531843752177
18.89	15.144325763307577
18.9	15.305328610332486
18.91	15.709718454762717
18.92	15.311314434121316
18.93	15.325441425017754
18.94	15.704567328294486
18.95	15.707598595742187
18.96	15.726342740994085
18.97	15.714794764565713
18.98	14.925175294050126
18.99	14.93854721210748
19.0	14.526511126376175
19.01	14.74031767198025
19.02	14.535177913187662
19.03	14.547136907605978
19.04	14.540903402619175
19.05	13.72789940065062
19.06	13.376173923052221
19.07	13.163098809472185
19.08	12.967102681717424
19.09	12.575898255884926
19.1	12.18520330795459
19.11	12.17397267559416
19.12	11.78139857492888
19.13	11.401523802120439
19.14	11.007198080945352
19.15	10.60946126757337
19.16	10.001973076032115
19.17	9.629128347161716
19.18	9.4080752004382
19.19	9.034344960871264
19.2	8.637953136046225
19.21	8.26766298840825
19.22	7.48184085758273
19.23	6.863349578612388
19.24	6.688432518668453
19.25	6.263882816720545
19.26	5.8776821598622
19.27	5.497733802677583
19.28	5.106523188129275
19.29	5.101651503336953
19.3	4.5217802137543295
19.31	4.532109130022066
19.32	3.738734896175463
19.33	3.5289152929506225
19.34	3.5353845922435068
19.35	3.1608681765547213
19.36	2.731656851446603
19.37	2.7350388192188317
19.38	2.352094690923548
19.39	2.3760169185957154
19.4	2.3684611899887233
19.41	1.956550971872554
19.42	1.5669322467636957
19.43	1.3976306632189248
19.44	1.5763676931282131
19.45	0.7820385799239813
19.46	1.1666059155830248
19.47	1.1853762518734423
19.48	1.1760753913201831
19.49	0.5772969359396123
19.5	0.585389223763834
19.51	0.5970213766905438
19.52	1.1951029613591309
19.53	1.5616055237802087
19.54	1.1920831135196763
19.55	1.5800782954434738
19.56	1.37396841386767
19.57	1.358715742248687
19.58	1.568707261745124
19.59	1.5687351550534658
19.6	1.971305963613257
19.61	2.3546121361320242
19.62	2.7530410597438264
19.63	2.7458445795524447
19.64	2.7555380890180463
19.65	2.7266575378846247
19.66	3.5209369215149326
19.67	3.535654381068614
19.68	3.9383422026556527
19.69	4.339061954316228
19.7	5.121224303805227
19.71	5.1038004719607
19.72	5.500782125307405
19.73	5.907218821597465
19.74	6.2885023208594495
19.75	6.689938150146831
19.76	7.080422671923169
19.77	7.460262457581699
19.78	7.879016900935146
19.79	8.258480699657804
19.8	8.645869576097521
19.81	9.440874825623057
19.82	9.83835693768536
19.83	9.828132097672318
19.84	10.026657408445482
19.85	10.799863653563081
19.86	11.204415134383144
19.87	11.385961352910611
19.88	12.189052295564307
19.89	12.172712280233814
19.9	12.584234073106641
19.91	12.78200892820431
19.92	12.954974805061605
19.93	13.757347289556682
19.94	13.747717681347073
19.95	14.554249015224249
19.96	13.921484394116975
19.97	14.140889618072238
19.98	14.936533154908151
19.99	14.936459463149793
20.0	14.946419350119909
