10.01	29.34338761441777
10.02	28.98574507592289
10.03	28.28925238322643
10.04	27.801133906889337
10.05	27.613877691768245
10.06	27.244077911819684
10.07	26.54111602322305
10.08	26.23109283096056
10.09	25.519274209699795
10.1	24.82312359250495
10.11	24.147647142352614
10.12	23.78484822583005
10.13	22.755777150877456
10.14	22.051470850318726
10.15	21.353316347571454
10.16	20.643478690722997
10.17	19.4628055608683
10.18	18.92888060504068
10.19	18.241296515157178
10.2	17.35808882665226
10.21	16.6591231343016
10.22	15.800710232196991
10.23	15.110235530501853
10.24	14.405237823096565
10.25	13.368985607289158
10.26	12.681295902644571
10.27	11.981690538765106
10.28	11.65149599456125
10.29	10.933791981504626
10.3	10.259037780908487
10.31	9.88157654970388
10.32	9.198294398707421
10.33	8.3426790793261
10.34	8.151735419354821
10.35	7.475919253783406
10.36	7.1104210661481435
10.37	6.773428750112439
10.38	6.410219252625628
10.39	6.071708663649323
10.4	5.378564808876684
10.41	5.40188623290489
10.42	5.0399823184219015
10.43	4.680206930978986
10.44	4.341268447157322
10.45	4.329681007810082
10.46	3.9865877964101526
10.47	3.997775946590726
10.48	3.9890957116073036
10.49	3.6407175992276195
10.5	3.6572255858495764
10.51	3.645703186502018
10.52	3.639372517999499
10.53	3.282124591737589
10.54	3.280545468321734
10.55	3.6556341503559584
10.56	3.6462425262523435
10.57	3.641355223900116
10.58	3.9857167403576157
10.59	3.999413435556053
10.6	3.9902076718098156
10.61	4.342444797918808
10.62	4.728602202633271
10.63	5.037733259832417
10.64	5.4005788036860665
10.65	5.367619847814692
10.66	6.084229856330001
10.67	6.421189084426264
10.68	7.111200115437071
10.69	7.462291086908332
10.7	8.354735583693742
10.71	8.846093692111985
10.72	9.54616195158683
10.73	10.238876588523544
10.74	10.9214976945891
10.75	11.816144816143282
10.76	12.688394281783454
10.77	13.36704555638413
10.78	14.073632151854936
10.79	15.119792822158267
10.8	16.12833174015046
10.81	16.503323953086873
10.82	17.539269882389593
10.83	18.57587327882552
10.84	18.91872997851571
10.85	19.964071581939333
10.86	20.838221448379993
10.87	21.362762467464556
10.88	22.212441599948246
10.89	22.758022515789907
10.9	23.43969512686084
10.91	24.12790219026811
10.92	24.82019395209031
10.93	25.51904167252911
10.94	26.217293896550387
10.95	26.5663957641476
10.96	26.907870390194763
10.97	27.5987485042469
10.98	27.77208739397158
10.99	28.303637034161138
11.0	28.646669328299694
11.01	29.34170452544291
11.02	29.336985001402134
11.03	29.69298247443276
11.04	30.033601487692597
11.05	30.04135090968209
11.06	30.382481811875564
11.07	30.376834210149237
11.08	30.38231633511409
11.09	30.366899227495843
11.1	30.54560682036425
11.11	30.37958452607417
11.12	30.56531597093745
11.13	30.546739171964735
11.14	30.3750095020803
11.15	30.018151910019625
11.16	30.389283726633067
11.17	29.686866481028865
11.18	29.69974217075299
11.19	29.33944219821383
11.2	29.003291213918487
11.21	28.986206275735203
11.22	28.47226226401556
11.23	27.765031287130544
11.24	27.777818074177997
11.25	26.925893140298964
11.26	26.57418459110709
11.27	25.864462427171848
11.28	25.507166324377962
11.29	24.822097017494187
11.3	24.133801143572523
11.31	23.610447014552516
11.32	22.742330630883494
11.33	22.0412038098516
11.34	21.36182873419575
11.35	20.841211890161983
11.36	19.452990283256096
11.37	19.270923860173234
11.38	18.235294975696558
11.39	17.541505636172452
11.4	16.677169913593254
11.41	15.966028115757954
11.42	15.100229167657828
11.43	14.411306191349476
11.44	13.697786016117032
11.45	12.677856121751455
11.46	12.004772999076325
11.47	10.954054750240426
11.48	10.943718351961495
11.49	9.877628050619004
11.5	9.228685640469616
11.51	8.359543473360494
11.52	7.954804439819026
11.53	7.479371667467488
11.54	7.11796544193515
11.55	6.246095398147138
11.56	5.5358631463181505
11.57	5.203586588357715
11.58	5.009170871486985
11.59	4.696237416105418
11.6	4.347520369063328
11.61	3.8206301114778762
11.62	3.6558142938801224
11.63	2.7651038127949903
11.64	2.785418903473836
11.65	2.6025032734408975
11.66	2.5998665486435164
11.67	2.2456231168611542
11.68	2.254008021387462
11.69	1.5540889938474214
11.7	1.548976682263133
11.71	1.2081298962100226
11.72	1.2107535223502797
11.73	1.2155773900679223
11.74	1.215861804525924
11.75	1.2257295947223779
11.76	1.0611894165277427
11.77	0.8753807066561763
11.78	0.8817462660078313
11.79	0.8663202775913198
11.8	0.8750942085057725
11.81	0.8644209681632989
11.82	1.2025774148867625
11.83	0.8702513789037849
11.84	1.2340090002489676
11.85	1.2238211921269118
11.86	1.2068733450786167
11.87	0.864274989613287
11.88	1.5663186297088532
11.89	1.551346874142605
11.9	1.5686810437407661
11.91	2.2735881137850047
11.92	2.2416918692106016
11.93	2.2543248658390023
11.94	2.613974074474994
11.95	2.7872921086378444
11.96	3.2844795013817762
11.97	3.640263524831979
11.98	3.6545712528306797
11.99	4.3589054078382885
12.0	5.030189801301109
12.01	5.193286580110119
12.02	5.563306343978462
12.03	6.072160521918797
12.04	6.77106160160122
12.05	7.815910486582734
12.06	8.163049537301827
12.07	8.670215554209259
12.08	9.379353542409316
12.09	10.249030436454829
12.1	11.097770925770849
12.11	11.12086811376538
12.12	11.988544566832672
12.13	13.185834122972219
12.14	13.713862399287857
12.15	14.759264741369686
12.16	15.448797574309683
12.17	16.145591537667727
12.18	16.69003534060254
12.19	17.543928380362036
12.2	18.21054723942677
12.21	18.91822929302846
12.22	19.454891957379495
12.23	20.300199678595032
12.24	20.994699556737956
12.25	21.70509897264963
12.26	22.042060457558232
12.27	22.742413045150816
12.28	23.43058915245211
12.29	23.795260719089043
12.3	24.467481638786023
12.31	24.83416545666337
12.32	24.994360503685716
12.33	25.869569911736196
12.34	26.22172534647699
12.35	26.928224187647405
12.36	26.910386814408692
12.37	27.254243073792775
12.38	27.425216229452175
12.39	27.59893430059625
12.4	27.783140648667022
12.41	27.78387732864082
12.42	28.300800944946847
12.43	28.66132363761683
12.44	28.63465433481967
12.45	29.172019698052605
12.46	29.179045569693862
12.47	29.355321477475268
12.48	29.348203326206043
12.49	29.326818562153722
12.5	29.32096477039635
12.51	29.49468334605345
12.52	29.323222050643842
12.53	29.69070563484496
12.54	29.52189508562561
12.55	29.35024342781619
12.56	29.344270673049323
12.57	29.518850731447163
12.58	29.702006176902255
12.59	29.346766843566225
12.6	29.339905873619454
12.61	29.510775871125087
12.62	29.162590147230972
12.63	29.18050731784247
12.64	28.975384537149388
12.65	29.35903343109972
12.66	28.81682863498139
12.67	28.312791561695477
12.68	27.765312168064504
12.69	27.78419296228885
12.7	27.776251920415692
12.71	27.606763025764725
12.72	27.442352882895943
12.73	27.23272561221104
12.74	26.72578963225794
12.75	26.044395752371567
12.76	25.874152131083804
12.77	25.001416478075246
12.78	24.6671957717477
12.79	24.469422045226217
12.8	24.131559639078304
12.81	23.27057389449705
12.82	23.08558480050674
12.83	22.216789419449505
12.84	21.891801351851377
12.85	20.99503276283786
12.86	20.490934135463764
12.87	19.45922323461094
12.88	19.0971349473324
12.89	18.920340770699347
12.9	18.219564125511557
12.91	17.335238948062237
12.92	16.655268536564503
12.93	16.13993946555157
12.94	15.451232619280093
12.95	14.75790279002806
12.96	13.875896606798024
12.97	13.539596209582005
12.98	12.661239750567638
12.99	12.322305763795374
13.0	11.12258726048759
13.01	11.091401441524962
13.02	10.771879841852991
13.03	10.404227601251305
13.04	9.547818028612808
13.05	9.206174865293862
13.06	8.854405360729642
13.07	8.339275770443711
13.08	7.983651577965068
13.09	7.2862619501321175
13.1	7.127550672869233
13.11	6.779816907651416
13.12	6.4424807474619845
13.13	6.426767184086044
13.14	6.069880425470676
13.15	5.549163603067281
13.16	5.201192353235947
13.17	5.216475487243625
13.18	5.0406773816627535
13.19	5.043002967728637
13.2	4.692452358358985
13.21	4.51500566464286
13.22	4.336022072005286
13.23	4.333627667863884
13.24	4.176385524785149
13.25	4.347313500352181
13.26	4.167054968290701
13.27	3.989221978094079
13.28	4.145923576627524
13.29	3.820129364940815
13.3	4.016881074187016
13.31	3.8291147717325056
13.32	4.342996796911214
13.33	4.3447291216018815
13.34	4.3604309330977795
13.35	4.001499819844219
13.36	4.363840469782314
13.37	4.511980429532746
13.38	4.514754383863605
13.39	5.041997015420175
13.4	5.1936873128184615
13.41	5.219597738973934
13.42	5.560889848636282
13.43	5.5406407975437055
13.44	6.078031568970056
13.45	6.605424873441941
13.46	6.773390916890046
13.47	7.29108439601292
13.48	7.8223183354061385
13.49	8.332788520643946
13.5	8.33340359282561
13.51	9.183481588336214
13.52	9.367171580536617
13.53	10.06400406500135
13.54	10.421088078132792
13.55	10.945644229658834
13.56	11.095847353814312
13.57	12.151573307395521
13.58	12.6695400749845
13.59	13.379663725715268
13.6	13.901059843221148
13.61	14.254276804179698
13.62	15.459755702274839
13.63	15.618626044188245
13.64	16.156744053680203
13.65	16.688144601913116
13.66	17.51819969469586
13.67	18.238593025346056
13.68	18.91967167969212
13.69	19.273069030197963
13.7	20.131442310539157
13.71	20.300936712568763
13.72	21.02556055043372
13.73	21.7121209566152
13.74	21.695021577087523
13.75	22.217949503491106
13.76	22.724521768031092
13.77	23.252865140178454
13.78	23.80640086832531
13.79	23.952158842544165
13.8	24.482125068755643
13.81	24.64304896705119
13.82	24.99132798610415
13.83	25.013519611170313
13.84	25.86640250032958
13.85	25.853591028646033
13.86	25.888145928051898
13.87	26.21784932735752
13.88	26.569394536550284
13.89	26.228067401875588
13.9	26.56587548669978
13.91	26.572521244849003
13.92	26.735691694411976
13.93	26.556078776382968
13.94	26.728114517210486
13.95	26.72872990944161
13.96	26.729082384108295
13.97	26.899832977176114
13.98	26.73475272637717
13.99	26.724084085091896
14.0	26.55353887294334
14.01	26.73298835533443
14.02	26.73306316255706
14.03	26.569683631682892
14.04	26.55690469161071
14.05	26.391275357091263
14.06	26.23501453733421
14.07	26.043930609936933
14.08	26.031199733234413
14.09	26.0449658395312
14.1	25.5210918606672
14.11	25.70322526435421
14.12	25.004709230087663
14.13	24.99518508069578
14.14	24.825795785667733
14.15	24.47700469975796
14.16	23.955869881101492
14.17	23.785564851284153
14.18	23.419673493132244
14.19	23.26997729638849
14.2	22.241012249953332
14.21	22.226181790253978
14.22	21.696335592880192
14.23	21.017427318948677
14.24	20.658203376233434
14.25	20.310145202881742
14.26	19.4490348702542
14.27	18.932892722434495
14.28	18.410906098516556
14.29	17.711660979301985
14.3	16.653057933544446
14.31	16.13615543049056
14.32	15.625891250759695
14.33	14.779640866529126
14.34	13.885042128487116
14.35	13.723829094752729
14.36	13.026640520071814
14.37	12.32193093000718
14.38	11.116227752543558
14.39	10.764013838262512
14.4	9.898782807167118
14.41	9.220591513752296
14.42	8.846357819113692
14.43	7.979184849214806
14.44	7.832966371121087
14.45	7.284460468009779
14.46	6.431641511582182
14.47	6.074945640542669
14.48	5.541663865909176
14.49	4.881274378605407
14.5	4.685855640587065
14.51	4.33326242255318
14.52	3.995842817151545
14.53	3.636342808799088
14.54	2.7828955925170997
14.55	2.6292948417771833
14.56	2.5899004248988122
14.57	2.4440239005387396
14.58	2.2639828955102335
14.59	1.7427147834815466
14.6	1.7289398679818353
14.61	1.5622483013916881
14.62	1.5455063222929568
14.63	1.5523208150122798
14.64	0.8573938540196995
14.65	1.037079815282097
14.66	1.0590224285801708
14.67	0.8685180777588296
14.68	0.8676913956483713
14.69	1.0253584763752501
14.7	1.0420879842391841
14.71	1.3932342883238131
14.72	1.2154415094030115
14.73	1.5513478123596032
14.74	1.577488146786938
14.75	1.7239185699702062
14.76	1.9274978996189458
14.77	2.2627578246292512
14.78	2.422382273858753
14.79	2.7807429292681776
14.8	3.291402284679269
14.81	3.4761881216931156
14.82	3.8357524444288273
14.83	4.329202755838406
14.84	5.040513793110778
14.85	5.377748204194105
14.86	5.546072014513017
14.87	6.416742334334987
14.88	7.116745363648085
14.89	7.810102043247304
14.9	8.345908195823581
14.91	9.199018532111737
14.92	9.895171553626813
14.93	10.604432650222856
14.94	11.111237022799786
14.95	11.965666826850137
14.96	12.869879423896846
14.97	13.718474468670054
14.98	14.421461655447162
14.99	15.10234064264689
15.0	15.799270956207543
15.01	16.47835636180324
15.02	17.363063860787236
15.03	17.871917280475376
15.04	18.928100488160112
15.05	19.44927983436542
15.06	20.316137439177574
15.07	20.672624488743487
15.08	21.71490493059845
15.09	22.054396235422246
15.1	22.213080459217814
15.11	22.90797816501199
15.12	23.789078098999415
15.13	23.974126323325294
15.14	24.645977878538247
15.15	24.81477498186922
15.16	25.521045346118512
15.17	25.87490160190051
15.18	26.01250357371726
15.19	26.375416861379968
15.2	26.91281471732118
15.21	26.89942306628891
15.22	27.257461986083644
15.23	27.250673277830376
15.24	27.26380143655378
15.25	27.60104005464369
15.26	27.781427573705944
15.27	27.771471595359973
15.28	27.77401864291879
15.29	27.773527419849657
15.3	27.785619124496215
15.31	27.77310345265444
15.32	27.77984433326291
15.33	27.789314737922776
15.34	27.770543046852755
15.35	27.60401117661329
15.36	27.59605075184747
15.37	27.60528960597021
15.38	27.253161316500655
15.39	26.900757644625987
15.4	26.760243737107047
15.41	26.722839461515463
15.42	26.217381086448786
15.43	25.86501429294557
15.44	25.35202097459443
15.45	25.0037383609981
15.46	24.66809089459732
15.47	24.139263609711946
15.48	23.610899897926547
15.49	23.078619191288816
15.5	22.212005021445886
15.51	21.88239657212777
15.52	21.00037590303001
15.53	20.652330456583893
15.54	19.463416158790817
15.55	19.270101677642344
15.56	18.23173130138641
15.57	17.54497327588701
15.58	16.681691434329654
15.59	16.162520134025716
15.6	15.63817964268858
15.61	14.770513814161074
15.62	13.89913595738657
15.63	13.027295971374963
15.64	12.667437930605502
15.65	11.632375317966572
15.66	10.936401794844404
15.67	10.058356791442186
15.68	9.554818051031127
15.69	9.188628742926374
15.7	7.988290258360155
15.71	7.293411150668358
15.72	6.5900355489962985
15.73	6.071000109987302
15.74	5.541217424963632
15.75	5.227268233740842
15.76	4.330689083351696
15.77	4.337665628161171
15.78	3.63852628801392
15.79	2.7684094695537884
15.8	2.78709771882578
15.81	2.439856790488981
15.82	2.272967245034308
15.83	1.7296262150146937
15.84	1.5727731498785564
15.85	1.3790118928702622
15.86	1.0548389427164353
15.87	0.8824600009252743
15.88	0.516909297633857
15.89	0.7090970774052637
15.9	0.5171069127846855
15.91	-0.008480620145087926
15.92	0.01066031706706602
15.93	0.002402318958964936
15.94	-0.0062046284092452525
15.95	-0.011046707281528574
15.96	-0.0011236322056331206
15.97	0.5191372006312845
15.98	0.0026805117912701293
15.99	0.8767602725308825
16.0	1.0424007276212497
16.01	1.0369990831021014
16.02	1.233782782364702
16.03	1.5690709155498923
16.04	2.2669001071371735
16.05	2.263510192787092
16.06	2.7693286685547576
16.07	2.7861396435346992
16.08	3.649212697137962
16.09	4.165728813313667
16.1	4.694477241600386
16.11	5.376356122173203
16.12	5.554662469034234
16.13	6.451656050847339
16.14	7.295679938303177
16.15	7.982647380821164
16.16	8.688245620157298
16.17	9.5504758504291
16.18	10.24845901398814
16.19	10.751819032186832
16.2	11.630836843215219
16.21	12.68682153170538
16.22	13.378556835743508
16.23	13.910744827755861
16.24	14.940139614486784
16.25	15.45265252453347
16.26	16.322930281240406
16.27	17.376998321695815
16.28	17.698860352940304
16.29	18.56216751193756
16.3	19.292847594759454
16.31	19.804161050259772
16.32	20.493820813720813
16.33	21.175445353891003
16.34	21.691110442776317
16.35	22.201134317670167
16.36	22.57470236228359
16.37	23.077646039704007
16.38	23.78369015917418
16.39	23.966772491043873
16.4	24.48604548333766
16.41	24.992943322912872
16.42	25.50588290135911
16.43	25.52532911980316
16.44	26.057002191608476
16.45	26.222825423353832
16.46	26.73928000532441
16.47	26.72003348965586
16.48	27.263777730585684
16.49	27.433406064970896
16.5	27.422978279252263
16.51	27.613807290381153
16.52	27.60803015922312
16.53	27.593727633784063
16.54	27.768168211834546
16.55	27.76434804890563
16.56	27.789244897449734
16.57	28.29760113857056
16.58	28.471812508813212
16.59	28.122089355186624
16.6	28.120558395659668
16.61	28.30655162994761
16.62	27.775517692642538
16.63	27.771914208008575
16.64	27.777601710633583
16.65	27.74528565334967
16.66	27.42683483406334
16.67	27.269638643517844
16.68	27.248616022901956
16.69	26.739140104991357
16.7	26.56968076878048
16.71	26.215898598029895
16.72	25.87499326412975
16.73	25.682190963759087
16.74	24.99849684581101
16.75	25.002418858940196
16.76	24.4764578182981
16.77	23.782333999644013
16.78	23.44222344897967
16.79	23.082074502522534
16.8	22.236094045917795
16.81	21.878669830641474
16.82	21.36626656521965
16.83	20.99565985503921
16.84	20.318893942593736
16.85	19.441915850212677
16.86	18.916056157298566
16.87	18.407744377728356
16.88	17.71819803173855
16.89	17.188135212719363
16.9	16.297261486626866
16.91	15.79439411678201
16.92	14.931547872902334
16.93	14.761290631496276
16.94	13.88212147835131
16.95	13.374356289171455
16.96	12.683303575933234
16.97	11.979238716560616
16.98	11.108118669494536
16.99	11.110733651650497
17.0	10.596274260861726
17.01	9.90588545366726
17.02	9.371057853015824
17.03	8.872975799271266
17.04	8.341205671930052
17.05	7.819040660532308
17.06	7.820488073299313
17.07	7.10877793073738
17.08	6.95401460410518
17.09	6.423901008352028
17.1	5.5530248826280575
17.11	5.551742285658473
17.12	5.215466318340389
17.13	5.212710911578815
17.14	4.871558483197337
17.15	5.038830257417334
17.16	4.335140111033183
17.17	4.166838104024936
17.18	3.974879015312976
17.19	4.164509988064365
17.2	3.81761594984232
17.21	4.165903410048019
17.22	3.979085401034862
17.23	3.800797787222999
17.24	3.83140305107995
17.25	3.6757677681095604
17.26	3.6435338441225995
17.27	3.6424857008056835
17.28	3.8356238789228683
17.29	4.000707526836452
17.3	3.990349941665439
17.31	4.342925861187537
17.32	4.355433133959139
17.33	4.337760125539779
17.34	4.858928725569893
17.35	5.036872323177174
17.36	5.380839912040516
17.37	5.540097195586085
17.38	6.086036798039021
17.39	6.431183966172203
17.4	6.764058104374487
17.41	7.124380193614381
17.42	7.833132279463429
17.43	7.985326175496565
17.44	8.85622728465903
17.45	9.37476670335055
17.46	9.909695358792533
17.47	10.598920501894831
17.48	11.10276806131909
17.49	11.617271714733254
17.5	12.327952542679842
17.51	13.02322968707091
17.52	13.87452534675753
17.53	14.763327733691252
17.54	15.272306047866318
17.55	16.154628649431444
17.56	16.677030832573017
17.57	17.176270204040378
17.58	18.214740243997603
17.59	18.55954206148672
17.6	18.92381789632105
17.61	19.971429777875592
17.62	20.634357002752168
17.63	21.177351139042468
17.64	21.714868676096554
17.65	22.21100015014357
17.66	22.74241509751457
17.67	23.437737032783684
17.68	23.78053059026692
17.69	24.47566102309811
17.7	24.82561946502756
17.71	24.998058091171938
17.72	24.983587166679936
17.73	25.854167107331456
17.74	26.038474853094154
17.75	26.213557464383438
17.76	26.739756822339906
17.77	26.911246765666302
17.78	26.90644739742644
17.79	26.889628137261145
17.8	27.248876480051578
17.81	27.25117566696533
17.82	27.60818399500853
17.83	27.59575617221591
17.84	27.596986811452638
17.85	27.590949748487578
17.86	27.260037611115994
17.87	27.24907869080135
17.88	27.42618788032677
17.89	27.259316322450577
17.9	26.89194286904577
17.91	26.735901410856485
17.92	26.379467767938802
17.93	26.22431681453052
17.94	25.86464210042685
17.95	25.341694029912862
17.96	25.00760329074695
17.97	24.488982079741714
17.98	24.12352346857463
17.99	23.445083787131928
18.0	23.089151032021906
18.01	22.228424978003854
18.02	21.709852919040483
18.03	21.370091314859174
18.04	20.48512176293631
18.05	19.448761994707915
18.06	19.101443804018565
18.07	18.40662828125425
18.08	17.89575988742045
18.09	16.690178181621643
18.1	16.49740524387598
18.11	15.62500567267593
18.12	14.93703267675297
18.13	13.884480191321034
18.14	13.718088889872552
18.15	13.004564435765644
18.16	12.318887579744736
18.17	11.804276881769125
18.18	11.10041445678773
18.19	10.760215413252185
18.2	10.085349208687118
18.21	9.523875513662135
18.22	9.19693746651958
18.23	8.338397056681673
18.24	8.173513018036862
18.25	7.99574217649952
18.26	7.27664365223406
18.27	6.767165490197962
18.28	6.431120080888397
18.29	6.425781854275203
18.3	5.904701154465518
18.31	5.551550768171752
18.32	5.2186870578521996
18.33	5.028230345057908
18.34	4.873339527648745
18.35	4.510132533217793
18.36	4.526371061214068
18.37	4.505129801094806
18.38	4.009648730987032
18.39	3.816384871393164
18.4	3.819262349831771
18.41	3.8131271516795415
18.42	3.996426950532335
18.43	3.6588994207939587
18.44	3.6265620125116365
18.45	3.9884720064131773
18.46	3.636852000373774
18.47	3.6351992626964904
18.48	3.8268474550906704
18.49	4.003208670552391
18.5	3.985377114556601
18.51	4.011168052514758
18.52	4.351847280235271
18.53	4.343053517418703
18.54	5.0249743860237155
18.55	5.207837237212607
18.56	5.541178912222945
18.57	5.904881229134584
18.58	6.579025898410977
18.59	7.1150858311581064
18.6	7.802247467241858
18.61	8.002184095075835
18.62	8.679173156368822
18.63	9.201642411501318
18.64	10.074725434344417
18.65	10.739848993362738
18.66	11.116327282588781
18.67	12.136822434396938
18.68	13.367129986420542
18.69	13.553694245562937
18.7	13.86420641640525
18.71	15.091564295932775
18.72	16.15242542264528
18.73	16.657088534785373
18.74	17.535612963437135
18.75	18.24742407917527
18.76	18.91227898648172
18.77	19.437454240106995
18.78	20.309020836157977
18.79	21.00350994747478
18.8	21.707249880499635
18.81	22.219955416316658
18.82	22.7462836285176
18.83	23.406800030287325
18.84	23.946607581362443
18.85	24.491896039506646
18.86	25.013671638515863
18.87	25.008926264029288
18.88	25.358661809583218
18.89	25.857785336345938
18.9	26.38973173992139
18.91	26.576554356002944
18.92	26.556801902951953
18.93	27.09509775647293
18.94	27.258386536346215
18.95	27.253202324130996
18.96	27.603822993378063
18.97	27.60903014102423
18.98	27.59749452740059
18.99	27.61150981731366
19.0	27.61130492925066
19.01	27.61397767687757
19.02	27.603316834057853
19.03	27.601710609033105
19.04	27.625003496761455
19.05	27.576876138839868
19.06	27.248319470081885
19.07	27.246724385802334
19.08	27.263551136875375
19.09	26.91820461012636
19.1	26.555471798800884
19.11	26.56467846216751
19.12	26.040273733949128
19.13	25.86338735454874
19.14	25.525317251098993
19.15	24.98946403248786
19.16	24.633176683622104
19.17	24.14799180014494
19.18	23.422211796645527
19.19	23.25488161360213
19.2	22.90392597862286
19.21	22.04596040038001
19.22	21.703275376134297
19.23	21.002635500360505
19.24	20.68234825413739
19.25	19.43068119513532
19.26	18.91328555273846
19.27	18.39393346756901
19.28	17.720925673589132
19.29	16.669960517508052
19.3	16.31402675035071
19.31	15.456280537172843
19.32	14.754725711893371
19.33	13.876311317598462
19.34	13.389087459903728
19.35	12.676634587142015
19.36	12.135677145416535
19.37	11.106212810670835
19.38	10.752088223100236
19.39	9.912526861720744
19.4	9.189119587651584
19.41	8.323649443600601
19.42	7.8122159393092305
19.43	7.294480332403335
19.44	6.768948642783184
19.45	6.414512818282346
19.46	5.561902423449408
19.47	5.195642748450252
19.48	5.04209766943721
19.49	4.344735486057786
19.5	3.9881272586787793
19.51	3.646594376101964
19.52	3.1350423190608145
19.53	2.7828092619278286
19.54	2.428269062451175
19.55	2.0896538443575974
19.56	2.0717319875908027
19.57	1.7328074700008322
19.58	1.5641564573920514
19.59	1.2227843531703753
19.6	1.210240210106174
19.61	1.0607193953994378
19.62	0.87040249549379
19.63	0.8806661582307487
19.64	0.537829983534643
19.65	-0.008158565234901376
19.66	0.5245290040859635
19.67	0.5208580811516532
19.68	0.3365690065803088
19.69	0.004247599641609181
19.7	0.008977514025234456
19.71	-0.0029181339868486994
19.72	0.869426397379579
19.73	0.8725367305558451
19.74	0.7026159635692679
19.75	0.6940807800201763
19.76	1.2178132476715124
19.77	1.3899236063159313
19.78	1.556388080380172
19.79	1.5662925055505836
19.8	1.5354407776513141
19.81	1.9180119961706419
19.82	2.424153757028756
19.83	2.620466269987435
19.84	2.7838730736682544
19.85	3.311490424450201
19.86	3.827968758533909
19.87	4.505923872979222
19.88	4.689292974734914
19.89	5.046194672038331
19.9	5.55489005139533
19.91	6.066144416426307
19.92	7.1331732618862365
19.93	7.473509925159955
19.94	8.00113449218224
19.95	8.341412172249456
19.96	9.206657942794804
19.97	9.891561052300197
19.98	10.59614079358479
19.99	10.926249248456076
20.0	11.10606131384034
