10.01	29.32552552924645
10.02	28.98836911500778
10.03	28.3001802608234
10.04	27.76432845363214
10.05	27.615872224726576
10.06	27.269964851409505
10.07	26.578627978557176
10.08	26.21323339132867
10.09	25.535553886363214
10.1	24.822642032079195
10.11	24.134568175035522
10.12	23.781992939554502
10.13	22.737502053415714
10.14	22.050384934529067
10.15	21.361150525695734
10.16	20.648843327478723
10.17	19.46567927951697
10.18	18.91471900682307
10.19	18.23138578570293
10.2	17.35641177320814
10.21	16.67027343992571
10.22	15.796092243814542
10.23	15.095315987153933
10.24	14.391965074028084
10.25	13.372685423059247
10.26	12.680988768786227
10.27	11.974515916819772
10.28	11.626096159045641
10.29	10.937087961784869
10.3	10.218336542551091
10.31	9.899230280836264
10.32	9.21905548819223
10.33	8.322094442233242
10.34	8.15919209405087
10.35	7.465738457593242
10.36	7.1127663685071045
10.37	6.784382185896966
10.38	6.420307002698909
10.39	6.063836855936536
10.4	5.382113048366225
10.41	5.388831854834047
10.42	5.043053243139986
10.43	4.699170582554587
10.44	4.330888830041849
10.45	4.325615669637858
10.46	3.984353033805175
10.47	4.009181716330513
10.48	3.9862910469325783
10.49	3.648158432287292
10.5	3.6561406422508016
10.51	3.641717526969571
10.52	3.6404053701501917
10.53	3.284718294941684
10.54	3.2888799454706024
10.55	3.6622699997479695
10.56	3.6542871528124343
10.57	3.653046787143776
10.58	3.9877476089916595
10.59	3.9806486387160693
10.6	3.9975364146055368
10.61	4.334759779845845
10.62	4.687350932038989
10.63	5.025588699521894
10.64	5.403432407183947
10.65	5.4034833544623035
10.66	6.067468457232517
10.67	6.4194423570012535
10.68	7.124408732536411
10.69	7.4822793923487065
10.7	8.322587342601672
10.71	8.859894057462734
10.72	9.565478385493547
10.73	10.244953917947424
10.74	10.943576101384561
10.75	11.804767788581836
10.76	12.67914667183201
10.77	13.37594211419059
10.78	14.048218117194478
10.79	15.1130571365943
10.8	16.15017910099329
10.81	16.490853442298963
10.82	17.52086337467986
10.83	18.57698864193125
10.84	18.922360934254257
10.85	19.96263162995475
10.86	20.82410248334897
10.87	21.373611358782565
10.88	22.221223505453906
10.89	22.73448757063677
10.9	23.453776322781813
10.91	24.1379676950044
10.92	24.83766091251696
10.93	25.522361019053033
10.94	26.222771145353164
10.95	26.550039695595256
10.96	26.90301816745325
10.97	27.592826827944652
10.98	27.777868225545284
10.99	28.31436920159478
11.0	28.63825540273398
11.01	29.339572502204255
11.02	29.35769534160219
11.03	29.678918879774887
11.04	30.035635386892388
11.05	30.02437186299034
11.06	30.381617113498237
11.07	30.382303980368647
11.08	30.397215269400284
11.09	30.37689587557777
11.1	30.548583013239508
11.11	30.390013310327827
11.12	30.568417272263986
11.13	30.565633483398575
11.14	30.3873670161387
11.15	30.02952815782857
11.16	30.374271107202066
11.17	29.67721971611144
11.18	29.67591189738929
11.19	29.359780630755157
11.2	28.964509809826584
11.21	29.020293965502848
11.22	28.47844719133082
11.23	27.777353608826157
11.24	27.75916785645373
11.25	26.908587870601863
11.26	26.54527393258565
11.27	25.85755001088689
11.28	25.51320197225127
11.29	24.83564527042593
11.3	24.14173746657571
11.31	23.611247731799228
11.32	22.74208526190675
11.33	22.046694970299804
11.34	21.362268159498093
11.35	20.841521670767822
11.36	19.44906181911897
11.37	19.286926367117786
11.38	18.225859441168936
11.39	17.51941751837872
11.4	16.680790983506956
11.41	15.974841569140091
11.42	15.08766408642894
11.43	14.418366635009605
11.44	13.716199016886367
11.45	12.668679446117451
11.46	11.965719212129294
11.47	10.946497025058843
11.48	10.937481783206426
11.49	9.883016394284155
11.5	9.18562031141857
11.51	8.348031263370551
11.52	7.986819542625172
11.53	7.460339114120627
11.54	7.11192514408077
11.55	6.243000747783733
11.56	5.5613002763409005
11.57	5.202829240707315
11.58	5.051624729770586
11.59	4.688408698109474
11.6	4.328516296254991
11.61	3.828168945925303
11.62	3.652023022064967
11.63	2.7753254470734117
11.64	2.7627661921795683
11.65	2.6043502196675474
11.66	2.6330623828603965
11.67	2.256781302129733
11.68	2.266644058473129
11.69	1.5454799479545465
11.7	1.5629122316138815
11.71	1.206686828651513
11.72	1.2185943843305314
11.73	1.2175640474487208
11.74	1.2122754105924831
11.75	1.2220127164306842
11.76	1.03272541915838
11.77	0.8726258982096274
11.78	0.8637533317983763
11.79	0.8509680876048766
11.8	0.8767803007916924
11.81	0.8721917443839662
11.82	1.2362523554672276
11.83	0.8655127921534358
11.84	1.2086721560514821
11.85	1.2330310949993035
11.86	1.2264638278627324
11.87	0.8639240114177007
11.88	1.5599605825557588
11.89	1.5688459512613078
11.9	1.5655554123857423
11.91	2.2592802372167
11.92	2.2533412006497437
11.93	2.2794688159926335
11.94	2.6176478290178684
11.95	2.7663950434950264
11.96	3.280669576261462
11.97	3.6328714113720304
11.98	3.654257755496671
11.99	4.347973121428986
12.0	5.0215037382198595
12.01	5.218303324743301
12.02	5.560989647751322
12.03	6.062106036332414
12.04	6.780749551971
12.05	7.818582896797517
12.06	8.161087982777595
12.07	8.697475679792369
12.08	9.364820597824721
12.09	10.244033092475956
12.1	11.09766955534611
12.11	11.1207648403764
12.12	11.989531596398464
12.13	13.20539578274292
12.14	13.710232630176147
12.15	14.77238299069515
12.16	15.446347531304546
12.17	16.149059430781882
12.18	16.67041191199128
12.19	17.522656336529547
12.2	18.224015230602486
12.21	18.915730429899952
12.22	19.429870261231148
12.23	20.309541728727158
12.24	21.013137343113556
12.25	21.717591767488138
12.26	22.037632834078433
12.27	22.732232193058714
12.28	23.43103824716443
12.29	23.770041722753117
12.3	24.497100161952392
12.31	24.84791016404681
12.32	25.0021201960745
12.33	25.868589438298613
12.34	26.227822191996392
12.35	26.915186852779613
12.36	26.898745259741652
12.37	27.265227409981318
12.38	27.432655138656894
12.39	27.601164922829547
12.4	27.76775121981851
12.41	27.778950329893654
12.42	28.29222164710166
12.43	28.638389575551074
12.44	28.636078725034928
12.45	29.17208123508327
12.46	29.17393223733974
12.47	29.336388010585654
12.48	29.32617685903766
12.49	29.33696213024618
12.5	29.35184415753291
12.51	29.497182724090255
12.52	29.34224708134685
12.53	29.684574241255962
12.54	29.5080305721768
12.55	29.34485383825922
12.56	29.33665205945296
12.57	29.51267049515153
12.58	29.69054275100039
12.59	29.35477723257051
12.6	29.329044733812797
12.61	29.52364228571087
12.62	29.161506797232423
12.63	29.16407263118069
12.64	28.980536034681606
12.65	29.344183145892224
12.66	28.82349132556263
12.67	28.291883746334886
12.68	27.76840644113726
12.69	27.784693687858283
12.7	27.774519901704668
12.71	27.620933714373745
12.72	27.422689833115893
12.73	27.25600021567064
12.74	26.753438330755056
12.75	26.049486997048646
12.76	25.88356062943169
12.77	25.008694715145133
12.78	24.658721259295977
12.79	24.48490445179701
12.8	24.126936390903374
12.81	23.266427058489672
12.82	23.07661447745896
12.83	22.22730583043094
12.84	21.87923458869539
12.85	21.012381034944024
12.86	20.482937431822343
12.87	19.442696839016865
12.88	19.086851120019166
12.89	18.92950488752454
12.9	18.226469549222266
12.91	17.361296935811396
12.92	16.684136882927792
12.93	16.153748675044596
12.94	15.449551846688053
12.95	14.775548388027465
12.96	13.875155324964838
12.97	13.544107455778363
12.98	12.673889701971195
12.99	12.333521831209248
13.0	11.115115376556485
13.01	11.100948802492267
13.02	10.765602827661628
13.03	10.413239465627107
13.04	9.54543277662843
13.05	9.193236633671747
13.06	8.853862025738081
13.07	8.335496981951655
13.08	7.978348113739495
13.09	7.302928950696228
13.1	7.112030404869873
13.11	6.76372069610062
13.12	6.411717676119124
13.13	6.422670078694841
13.14	6.071649864392819
13.15	5.554685091425602
13.16	5.201645154549769
13.17	5.201826987766116
13.18	5.046947026641151
13.19	5.028492409350253
13.2	4.675876918066953
13.21	4.493171873585858
13.22	4.3496013969641725
13.23	4.336881319714791
13.24	4.160774620783813
13.25	4.359343595845317
13.26	4.160720173420639
13.27	3.993104167023931
13.28	4.175147075517952
13.29	3.81755306063292
13.3	4.012884001874007
13.31	3.8229705796614493
13.32	4.3398059233351765
13.33	4.341082233102736
13.34	4.324510466170831
13.35	3.988334683828825
13.36	4.341508837083272
13.37	4.511743214317373
13.38	4.5177456636456
13.39	5.015614019273989
13.4	5.191075208613064
13.41	5.2026080177690295
13.42	5.558261118197779
13.43	5.539231290135138
13.44	6.067943124294091
13.45	6.607696244242461
13.46	6.776137964918696
13.47	7.278614324515061
13.48	7.813856220807746
13.49	8.331664509935255
13.5	8.34296368147594
13.51	9.200123177042332
13.52	9.390903484348547
13.53	10.05735353832953
13.54	10.421521646488946
13.55	10.932719656160177
13.56	11.121446941605491
13.57	12.154591729648141
13.58	12.677396906711571
13.59	13.376207234609783
13.6	13.893760803944442
13.61	14.239378437893576
13.62	15.433812133822538
13.63	15.623040900201405
13.64	16.139568728276885
13.65	16.658739314932767
13.66	17.5309708158943
13.67	18.236826531078275
13.68	18.8981457115571
13.69	19.28078118591152
13.7	20.121040081606438
13.71	20.332169350656827
13.72	21.01471145909806
13.73	21.693199416074805
13.74	21.69722573444854
13.75	22.2216876131321
13.76	22.74177938492361
13.77	23.26530143236072
13.78	23.797262357463108
13.79	23.96458307333309
13.8	24.46882047528599
13.81	24.64438648459988
13.82	25.0021262693849
13.83	24.995935276802136
13.84	25.875283927129708
13.85	25.860839851900018
13.86	25.866919759107482
13.87	26.202860971870706
13.88	26.583899125352474
13.89	26.210470125058006
13.9	26.557190004749415
13.91	26.564817690385592
13.92	26.728702471787166
13.93	26.57249578200506
13.94	26.75380191719816
13.95	26.737807332528423
13.96	26.744636853155438
13.97	26.922622249508432
13.98	26.735175184868964
13.99	26.727456953066426
14.0	26.554914906728595
14.01	26.722996014920117
14.02	26.740646919095653
14.03	26.573824334683238
14.04	26.566834523831226
14.05	26.395390195301314
14.06	26.233359416764873
14.07	26.03090233759856
14.08	26.03097041790804
14.09	26.031630733418986
14.1	25.51866644708947
14.11	25.690918872318324
14.12	25.016241332906517
14.13	25.00818982708407
14.14	24.816475925541788
14.15	24.45883981906785
14.16	23.961652599427264
14.17	23.782166920902394
14.18	23.45394874172141
14.19	23.27615289857724
14.2	22.211515439399605
14.21	22.232749133423113
14.22	21.700992595146374
14.23	20.999594046650213
14.24	20.66999657137152
14.25	20.300300913850222
14.26	19.449552208240863
14.27	18.92567284035172
14.28	18.385147546805374
14.29	17.711871305698413
14.3	16.66609418492431
14.31	16.14430795200538
14.32	15.622027274484244
14.33	14.749719715709759
14.34	13.878755366058938
14.35	13.707411568507817
14.36	13.016932717948098
14.37	12.334139149230571
14.38	11.120864911052001
14.39	10.7765187174742
14.4	9.91269394262714
14.41	9.202846878715253
14.42	8.832498546759927
14.43	7.988898361594606
14.44	7.820446887716394
14.45	7.276960661949984
14.46	6.427498588244967
14.47	6.09217333897373
14.48	5.55962419257419
14.49	4.852472824252878
14.5	4.675998635329087
14.51	4.331807396527299
14.52	3.996989345903367
14.53	3.652194427431674
14.54	2.7721506276529433
14.55	2.6055566242958657
14.56	2.5877651433426423
14.57	2.454159615867814
14.58	2.247442163650917
14.59	1.7202419468096657
14.6	1.750093773171963
14.61	1.5481749912077112
14.62	1.5688528160465485
14.63	1.5786916732531546
14.64	0.8632951525694713
14.65	1.0384762894387096
14.66	1.0335766688780677
14.67	0.8624890732538242
14.68	0.862469422800619
14.69	1.0252732394117885
14.7	1.0330041236013037
14.71	1.4025763894191576
14.72	1.201480360551391
14.73	1.557730022789313
14.74	1.5790933245378949
14.75	1.7336126337741913
14.76	1.9035261448502991
14.77	2.262239789528753
14.78	2.421004717502504
14.79	2.7666254735367155
14.8	3.293578074991295
14.81	3.469190490176143
14.82	3.8159824217090352
14.83	4.338759391426235
14.84	5.034612150766274
14.85	5.390614090511033
14.86	5.560957438112638
14.87	6.424062165611847
14.88	7.109742800171691
14.89	7.825905534245194
14.9	8.328542306159623
14.91	9.208353704977798
14.92	9.893557158819043
14.93	10.585848118534132
14.94	11.111297876091847
14.95	11.96639535490382
14.96	12.85723065708804
14.97	13.731156300767712
14.98	14.403375310599047
14.99	15.116498394403509
15.0	15.808110388154862
15.01	16.484414625774924
15.02	17.366930590771798
15.03	17.889458124926023
15.04	18.926305427497336
15.05	19.445178250943858
15.06	20.322151707995072
15.07	20.65814682836037
15.08	21.689527227275608
15.09	22.026870835608243
15.1	22.21933437383927
15.11	22.91802162339238
15.12	23.7789814491016
15.13	23.968716862418344
15.14	24.674044770790786
15.15	24.828947687054292
15.16	25.519441302555784
15.17	25.86371860803875
15.18	26.03759355417139
15.19	26.378136459453618
15.2	26.890246495822264
15.21	26.914943861217143
15.22	27.264007983725307
15.23	27.246179352351955
15.24	27.254616292248976
15.25	27.617895495212398
15.26	27.771853351918637
15.27	27.776996440107766
15.28	27.79566960440518
15.29	27.75524432928659
15.3	27.78429708392446
15.31	27.778764320496123
15.32	27.777564078671276
15.33	27.778096997969637
15.34	27.76629812505183
15.35	27.61080345093706
15.36	27.606418643190214
15.37	27.600469297469676
15.38	27.260459513444548
15.39	26.907819630246646
15.4	26.738054741208014
15.41	26.738542342970543
15.42	26.205642401248664
15.43	25.884882354780135
15.44	25.362273897025446
15.45	25.00991314775316
15.46	24.660905387244934
15.47	24.135760284438334
15.48	23.60695961339721
15.49	23.092356641167694
15.5	22.22802687217437
15.51	21.88528655013578
15.52	21.005843366655597
15.53	20.656414178501834
15.54	19.445950842593493
15.55	19.259835592583798
15.56	18.241358778052486
15.57	17.55297799540586
15.58	16.67514464109692
15.59	16.142588383947263
15.6	15.626543672351238
15.61	14.754763460187876
15.62	13.902124716878237
15.63	13.020192542674007
15.64	12.680041895605234
15.65	11.618724862015952
15.66	10.93567239188324
15.67	10.06510013365696
15.68	9.552962595918665
15.69	9.185932291733623
15.7	7.98419905533852
15.71	7.299433565575945
15.72	6.596452726140476
15.73	6.084447131894115
15.74	5.5559230825714705
15.75	5.197979223881887
15.76	4.357762834958742
15.77	4.341674268501302
15.78	3.623838411738788
15.79	2.78785856110484
15.8	2.7692125940103725
15.81	2.442957490309351
15.82	2.2376832889222684
15.83	1.7266732802837899
15.84	1.5594933443086396
15.85	1.395805864956412
15.86	1.0417099337486413
15.87	0.8564364431749826
15.88	0.5255934858798398
15.89	0.6879753383254871
15.9	0.5163693140946041
15.91	0.008939306293754301
15.92	-0.0022694151401294062
15.93	-0.02838703176182984
15.94	0.009699756734578518
15.95	-0.02424041932901517
15.96	0.007221592230772792
15.97	0.5274694624753458
15.98	0.009959897431785839
15.99	0.8570098891592165
16.0	1.0570164011258467
16.01	1.0394345735661894
16.02	1.221684756164704
16.03	1.5638309729798807
16.04	2.2512063651786702
16.05	2.256459902324818
16.06	2.7857933450951533
16.07	2.782809209895994
16.08	3.6429474237494053
16.09	4.146744705543092
16.1	4.695026601752181
16.11	5.380936600600396
16.12	5.563061901777735
16.13	6.413381027344513
16.14	7.280922100790078
16.15	7.97318359405738
16.16	8.68393240867886
16.17	9.539714006607685
16.18	10.2473370927455
16.19	10.76461284796215
16.2	11.63083708484336
16.21	12.675950885490124
16.22	13.36559222967329
16.23	13.90435198151658
16.24	14.92796978412236
16.25	15.45472311937591
16.26	16.317433844912482
16.27	17.365583149195427
16.28	17.71468584806265
16.29	18.56109837728439
16.3	19.282547117008196
16.31	19.79336928562788
16.32	20.503080373936932
16.33	21.182216950807156
16.34	21.71260468288205
16.35	22.217315142521695
16.36	22.56155490045924
16.37	23.08505260568054
16.38	23.800471105457472
16.39	23.950632520530483
16.4	24.489835130943646
16.41	25.00964612218965
16.42	25.511548953119746
16.43	25.528083527549363
16.44	26.030322849990387
16.45	26.21259277702495
16.46	26.73955046886373
16.47	26.730871048259363
16.48	27.253718059560263
16.49	27.4297498873009
16.5	27.429747849489306
16.51	27.61237045748081
16.52	27.599765732154808
16.53	27.595209030217838
16.54	27.791409821476922
16.55	27.78348924626543
16.56	27.77341241038247
16.57	28.296814559746288
16.58	28.47225125660739
16.59	28.121788320416808
16.6	28.130483282690985
16.61	28.304494043595422
16.62	27.765368338410106
16.63	27.789866391583445
16.64	27.772795250616483
16.65	27.77399015645806
16.66	27.432421158278878
16.67	27.240420270670224
16.68	27.26449753881317
16.69	26.75276916949132
16.7	26.553777145012877
16.71	26.214649432180636
16.72	25.868799367083444
16.73	25.69191529078685
16.74	25.000444970961468
16.75	24.995987105845312
16.76	24.483166698748853
16.77	23.773284860187548
16.78	23.451348311676245
16.79	23.094475942928764
16.8	22.222923015825664
16.81	21.88800430695813
16.82	21.34791609659273
16.83	21.031088676494758
16.84	20.305851013199646
16.85	19.440580327412743
16.86	18.934929700561103
16.87	18.391049050710713
16.88	17.703430236457926
16.89	17.16109646348484
16.9	16.323181015712226
16.91	15.818106578879538
16.92	14.932788053562662
16.93	14.76702362189095
16.94	13.881391234817995
16.95	13.361543429135459
16.96	12.673861788664604
16.97	11.99039607405977
16.98	11.092876546337312
16.99	11.097767044515614
17.0	10.61712830813722
17.01	9.891309059782888
17.02	9.372212065479522
17.03	8.876439548561889
17.04	8.338571431987551
17.05	7.806546583691469
17.06	7.814834308599343
17.07	7.1101937356458045
17.08	6.92970560378039
17.09	6.423238432436555
17.1	5.562100660846843
17.11	5.566198792056846
17.12	5.208949082827666
17.13	5.196556379644871
17.14	4.87347310290602
17.15	5.047571611021983
17.16	4.36145811855172
17.17	4.159769971130953
17.18	4.00004060890519
17.19	4.156959291547112
17.2	3.8153391454486885
17.21	4.1837220963409125
17.22	3.9606115981919072
17.23	3.814805264406953
17.24	3.8198232507456114
17.25	3.683282174417856
17.26	3.640274992497149
17.27	3.6329538307525056
17.28	3.8127950775025576
17.29	3.990659040290528
17.3	3.9828170012126054
17.31	4.356430484958964
17.32	4.329069823063277
17.33	4.357750637473003
17.34	4.868686250157117
17.35	5.037449345633389
17.36	5.389431994619701
17.37	5.561699820053458
17.38	6.076807544214999
17.39	6.435350524844411
17.4	6.767067625999707
17.41	7.112365059407913
17.42	7.799224943138392
17.43	7.992597280056992
17.44	8.848666208122296
17.45	9.384940177643044
17.46	9.902198506620675
17.47	10.603156002566967
17.48	11.096545323373258
17.49	11.634549978506683
17.5	12.333922887010525
17.51	13.004436729435659
17.52	13.898524044299226
17.53	14.759094639425046
17.54	15.2839308421453
17.55	16.138081705766204
17.56	16.675497405437746
17.57	17.187101241408755
17.58	18.236991078740363
17.59	18.55908866641517
17.6	18.927373735026045
17.61	19.961824686876625
17.62	20.664573813123333
17.63	21.192300608963432
17.64	21.69904406944936
17.65	22.211461895968426
17.66	22.74856818492073
17.67	23.432336905471665
17.68	23.811963345137556
17.69	24.48795464726424
17.7	24.829855948712968
17.71	24.99597012101208
17.72	25.0186948326021
17.73	25.873519096533855
17.74	26.049553642708183
17.75	26.209677149163355
17.76	26.72485772776646
17.77	26.90591884943371
17.78	26.903742272097595
17.79	26.90774807411601
17.8	27.26932320373625
17.81	27.253907922306002
17.82	27.606201689159974
17.83	27.602518215542457
17.84	27.618863216436225
17.85	27.60907290381419
17.86	27.262526754807926
17.87	27.254307913104103
17.88	27.44412470034279
17.89	27.26254369967686
17.9	26.896380537879086
17.91	26.729715450593552
17.92	26.388832286834987
17.93	26.234784994124908
17.94	25.871354580439437
17.95	25.33963575775445
17.96	24.9898462683078
17.97	24.483900327104156
17.98	24.126621147585233
17.99	23.4280605847355
18.0	23.10873725644898
18.01	22.238494496954434
18.02	21.705370647397036
18.03	21.35731187946315
18.04	20.492458522114337
18.05	19.44369277704443
18.06	19.089962619782114
18.07	18.389781790938404
18.08	17.871124784049837
18.09	16.663221781895768
18.1	16.487683645949403
18.11	15.609848547664788
18.12	14.912530629391211
18.13	13.88264023789456
18.14	13.713175335080095
18.15	13.00942974555998
18.16	12.311631105784253
18.17	11.795089790351977
18.18	11.09980970402569
18.19	10.761811901681117
18.2	10.080042480752368
18.21	9.532284551074074
18.22	9.217798326563301
18.23	8.323402830329837
18.24	8.156068088254129
18.25	7.98180550657296
18.26	7.290769860279977
18.27	6.760901311416319
18.28	6.435115251951496
18.29	6.412210966227847
18.3	5.882961263351405
18.31	5.570968382641344
18.32	5.197566061591865
18.33	5.029667136802511
18.34	4.875037322502134
18.35	4.495644898231427
18.36	4.511165220273431
18.37	4.5082212203893945
18.38	3.9875829936836547
18.39	3.796625701274735
18.4	3.8439008927523433
18.41	3.8176394251069734
18.42	4.003861799743542
18.43	3.64690820133323
18.44	3.6584620704279205
18.45	3.980675157197874
18.46	3.640750518846278
18.47	3.6227099421185778
18.48	3.817767929509877
18.49	4.002316183697787
18.5	3.9766250266769556
18.51	3.9976351214900365
18.52	4.334875930813035
18.53	4.333838818404801
18.54	5.053416715517944
18.55	5.209910961854705
18.56	5.555633972548656
18.57	5.901501234936168
18.58	6.601519743728722
18.59	7.1039974983500835
18.6	7.8091896376680365
18.61	7.981366553098852
18.62	8.680796933596923
18.63	9.206147198713555
18.64	10.058672014951176
18.65	10.747339533551381
18.66	11.125055803777583
18.67	12.150842842623907
18.68	13.358532102688928
18.69	13.537209986369842
18.7	13.903714992960582
18.71	15.099389366969433
18.72	16.136083101457068
18.73	16.669228642337732
18.74	17.52266568350544
18.75	18.219606817686092
18.76	18.923160400061104
18.77	19.450440189877117
18.78	20.30116631641097
18.79	20.994209071892364
18.8	21.672630204774613
18.81	22.20674402267127
18.82	22.746846375283575
18.83	23.444927706002968
18.84	23.96388682302584
18.85	24.474953606933997
18.86	24.988844543862147
18.87	25.004658636710374
18.88	25.33446307179639
18.89	25.857484331734984
18.9	26.39198846523169
18.91	26.556502399089055
18.92	26.564280300880583
18.93	27.073590026909915
18.94	27.27374790061194
18.95	27.246649719740567
18.96	27.609974198094033
18.97	27.598033435819747
18.98	27.60055954021947
18.99	27.60238916536571
19.0	27.608023332227955
19.01	27.606431825509514
19.02	27.622890351606515
19.03	27.592418457203216
19.04	27.606072994408883
19.05	27.592603853868354
19.06	27.246710731674227
19.07	27.244286986063827
19.08	27.257455400363217
19.09	26.899832498076297
19.1	26.559747085786398
19.11	26.568737416356008
19.12	26.050375681788545
19.13	25.886792057942895
19.14	25.51961794199118
19.15	25.008926267280312
19.16	24.643523063687812
19.17	24.12935209152736
19.18	23.441074890371915
19.19	23.253007090325823
19.2	22.925902964232368
19.21	22.038934909525825
19.22	21.704735829521468
19.23	21.008293753911875
19.24	20.657076089675535
19.25	19.458372605012812
19.26	18.920486151246322
19.27	18.424232009330648
19.28	17.7057595114184
19.29	16.67286126860994
19.3	16.326167677323202
19.31	15.457240063376203
19.32	14.745699203726991
19.33	13.88834949914576
19.34	13.365831237298412
19.35	12.668148715148929
19.36	12.16481834548717
19.37	11.117764355361158
19.38	10.74737106222279
19.39	9.907299009579582
19.4	9.194695966614558
19.41	8.354653735472862
19.42	7.818523354897265
19.43	7.296836543591316
19.44	6.771606475097042
19.45	6.444060061781755
19.46	5.54794834634275
19.47	5.203562553911233
19.48	5.041623942049461
19.49	4.339605432302107
19.5	4.001921353435041
19.51	3.6517174056845825
19.52	3.131621259601144
19.53	2.768140755413518
19.54	2.4250301681010584
19.55	2.089304654430407
19.56	2.089819722045412
19.57	1.7429146082276012
19.58	1.5678368559934373
19.59	1.2078946634733807
19.6	1.1998688900544912
19.61	1.0428458990720995
19.62	0.8761706233175027
19.63	0.8722611487435512
19.64	0.5199785487992278
19.65	0.013025581995164345
19.66	0.4986563910156852
19.67	0.5291679168803805
19.68	0.33444673460087126
19.69	-0.011399456206137063
19.7	-0.014695387129436124
19.71	-0.03109904468407864
19.72	0.8585822628467208
19.73	0.8599020377635853
19.74	0.6873407517095714
19.75	0.6995789946770858
19.76	1.205610583137214
19.77	1.4055241764899589
19.78	1.5707308892203349
19.79	1.563068908755174
19.8	1.545619548083434
19.81	1.9061976152597397
19.82	2.439051554120015
19.83	2.6146865455106445
19.84	2.7711848334532796
19.85	3.3038868579571923
19.86	3.8250861602677633
19.87	4.515756814484703
19.88	4.670978909680853
19.89	5.0428759735613555
19.9	5.544471165645228
19.91	6.070995373321321
19.92	7.130720416866856
19.93	7.454146342273001
19.94	7.9905725580613725
19.95	8.324044450343385
19.96	9.184768160505374
19.97	9.902417013779093
19.98	10.587985994739377
19.99	10.92492055852715
20.0	11.101907074562945
