10.0	0.15783316439401507
10.01	0.1902531989230703
10.02	0.16725905773272848
10.03	0.16675861871569767
10.04	0.15319869480577192
10.05	0.1758379319446671
10.06	0.15212156248612382
10.07	0.16154548691882342
10.08	0.1541310627013813
10.09	0.1527163741156838
10.1	0.14544507362695863
10.11	0.1446027953997975
10.12	0.15851711005117858
10.13	0.14406191271850588
10.14	0.1584178774940534
10.15	0.16486282857078527
10.16	0.17331132010747655
10.17	0.15251848678615654
10.18	0.14929348191302158
10.19	0.15582230499834845
10.2	0.164942784023393
10.21	0.1639944753127105
10.22	0.16398556756840765
10.23	0.17356862788371694
10.24	0.1464953342312621
10.25	0.15610151435932376
10.26	0.1640955479799159
10.27	0.16691400301327458
10.28	0.1488900678812266
10.29	0.15641408977766663
10.3	0.14259490550645218
10.31	0.17004176152916028
10.32	0.15960349344233912
10.33	0.17540992972392033
10.34	0.14527359319958671
10.35	0.16232783086647967
10.36	0.14840605762117615
10.37	0.16753920895980587
10.38	0.1687222940092718
10.39	0.16291394919757846
10.4	0.17027457617133385
10.41	0.16177180799071247
10.42	0.15912833509131935
10.43	0.1550078456351263
10.44	0.16378397048398674
10.45	0.16635244578236796
10.46	0.16704667155462524
10.47	0.15997473415327992
10.48	0.16676848977956063
10.49	0.1694822453957531
10.5	0.18518360926586547
10.51	0.17447716361798954
10.52	0.17314700497733193
10.53	0.16888873939317017
10.54	0.18101087759315418
10.55	0.16055500862083924
10.56	0.159964762437834
10.57	0.18122333782823236
10.58	0.17691198545829268
10.59	0.17319786552782812
10.6	0.1689246991492591
10.61	0.16177845574419786
10.62	0.1724874414303251
10.63	0.18086879751421406
10.64	0.17026089216851503
10.65	0.1676668334844802
10.66	0.17952044998342395
10.67	0.16258608715516956
10.68	0.15507002927388266
10.69	0.17785249071477638
10.7	0.1717776445421469
10.71	0.18154105279779076
10.72	0.17553261065169884
10.73	0.19674656312503774
10.74	0.17167857587613064
10.75	0.16746118304814453
10.76	0.171733476492511
10.77	0.20656429094338574
10.78	0.17028162311186068
10.79	0.17168081176524375
10.8	0.17997285540790567
10.81	0.1885114961319634
10.82	0.18005486917535818
10.83	0.18213446460357227
10.84	0.1831365490912303
10.85	0.19737251535404762
10.86	0.17750032087800827
10.87	0.17970708872392216
10.88	0.19802771845564737
10.89	0.17191703051876422
10.9	0.1843715587175218
10.91	0.19089924626256236
10.92	0.18661013421271905
10.93	0.18585611986454345
10.94	0.20331458104844022
10.95	0.20101840846758987
10.96	0.19391443905930636
10.97	0.1766898168880479
10.98	0.1921262479974455
10.99	0.18963284906308736
11.0	0.18792945085365403
11.01	0.19154402260245743
11.02	0.18400283713910967
11.03	0.18121161968902616
11.04	0.1885877780150331
11.05	0.17108558030497756
11.06	0.18013187814074152
11.07	0.17998317652665177
11.08	0.18856317562984254
11.09	0.20448668313502563
11.1	0.19527186644966812
11.11	0.18357386354628455
11.12	0.17112435195699208
11.13	0.18679640259316688
11.14	0.1872035666048077
11.15	0.18247635340869772
11.16	0.17606287773823387
11.17	0.1718936179387032
11.18	0.19582906575529596
11.19	0.18243873427121088
11.2	0.1703454500361288
11.21	0.1951047791675775
11.22	0.1841847425027773
11.23	0.18703233618544185
11.24	0.17867993644619382
11.25	0.163187917725428
11.26	0.19203254937849967
11.27	0.1805618849503504
11.28	0.1701720768911469
11.29	0.18206751602642005
11.3	0.17958503957862695
11.31	0.1810763505998979
11.32	0.16985056996650646
11.33	0.17635742789854691
11.34	0.17780651594171534
11.35	0.18154356996584733
11.36	0.17404503130849905
11.37	0.1620945231173084
11.38	0.17090123758821338
11.39	0.1681377299817876
11.4	0.15983049966553312
11.41	0.16065944262758025
11.42	0.18012407242163492
11.43	0.18148119824874018
11.44	0.1530344782920267
11.45	0.170890233286261
11.46	0.16257718999257262
11.47	0.16116998547584271
11.48	0.1578210388690751
11.49	0.1549653945750216
11.5	0.15195776260355331
11.51	0.16169271531380114
11.52	0.14638067169229665
11.53	0.1672401836839679
11.54	0.1663398108927372
11.55	0.14576092932003837
11.56	0.16644683414865263
11.57	0.16076811298360824
11.58	0.16357242053158688
11.59	0.15034937895836045
11.6	0.1593422097621516
11.61	0.1494945965084983
11.62	0.1677384006013185
11.63	0.1697204253027739
11.64	0.16910643351286542
11.65	0.15753720273549188
11.66	0.17581640685038846
11.67	0.1516186720747421
11.68	0.1630219199831908
11.69	0.16480697244818687
11.7	0.16987318310966723
11.71	0.14997741256986816
11.72	0.1619994277314566
11.73	0.15751551127577088
11.74	0.1630786848868689
11.75	0.13660883475713512
11.76	0.1826902259711861
11.77	0.14485162245927666
11.78	0.14799098182016115
11.79	0.1651228682295057
11.8	0.1549332647238127
11.81	0.16046630589445388
11.82	0.14965358979904955
11.83	0.17179793871758547
11.84	0.1505213751445837
11.85	0.1582077900533249
11.86	0.14174301189113384
11.87	0.152458691154282
11.88	0.15862321846941307
11.89	0.1582118277121543
11.9	0.1657756572567736
11.91	0.16679395690193588
11.92	0.1550128941331379
11.93	0.1771269493601129
11.94	0.1449663044749289
11.95	0.16327708497072327
11.96	0.14965641915469002
11.97	0.15255705648104984
11.98	0.17395201051311182
11.99	0.1610952169300541
12.0	0.1630173015816618
12.01	0.17008466523168544
12.02	0.15329522891196026
12.03	0.1640479677134688
12.04	0.1699924820829216
12.05	0.16234894626233767
12.06	0.15470835599341248
12.07	0.1819250704306871
12.08	0.16769309740561572
12.09	0.18392122994373195
12.1	0.13918918368112243
12.11	0.17135850527966073
12.12	0.15901758921138073
12.13	0.17750348917528755
12.14	0.18214568677128518
12.15	0.18821142953758435
12.16	0.18231535484338873
12.17	0.17973835587601072
12.18	0.19144333261157875
12.19	0.18248146974633767
12.2	0.1843567269976589
12.21	0.1781134052301471
12.22	0.17307710392660197
12.23	0.1756560255179463
12.24	0.18021833668483764
12.25	0.18254811316937647
12.26	0.1873014099426822
12.27	0.19222913359213972
12.28	0.18510377005764722
12.29	0.19421533538634508
12.3	0.1966155837267193
12.31	0.18822332241814912
12.32	0.18582383026475383
12.33	0.1764517503596969
12.34	0.1714341187970522
12.35	0.18906205989542815
12.36	0.1912810345471813
12.37	0.1826457290365969
12.38	0.19423787337938195
12.39	0.18754455800790637
12.4	0.19052527523347423
12.41	0.17603240726602473
12.42	0.1823721339859558
12.43	0.19240325869870137
12.44	0.1824804077462989
12.45	0.1843999175680316
12.46	0.19634579533734556
12.47	0.18493038634313952
12.48	0.1690248667204565
12.49	0.18844324762550846
12.5	0.18549228566202572
12.51	0.17837182009333544
12.52	0.1753127885813602
12.53	0.17906941997772846
12.54	0.1756395718451297
12.55	0.16553930032293865
12.56	0.16695452486529047
12.57	0.19872241049148454
12.58	0.18228264533340252
12.59	0.17466093690898624
12.6	0.19618103587645863
12.61	0.17222465526674335
12.62	0.1733091635900119
12.63	0.19571378488969943
12.64	0.1773073198965487
12.65	0.1636422789493052
12.66	0.1553817670050011
12.67	0.18652984416700946
12.68	0.16413245322726724
12.69	0.17122341065948876
12.7	0.17645059912148045
12.71	0.18954358804464852
12.72	0.16588263783137586
12.73	0.1786241529218061
12.74	0.1792333461204151
12.75	0.16807185527023816
12.76	0.17147473196592772
12.77	0.1711720938020893
12.78	0.16520249635385365
12.79	0.1667123895818322
12.8	0.15546048996532186
12.81	0.18595416532389186
12.82	0.16844443068345372
12.83	0.13836268671924182
12.84	0.16669110911903665
12.85	0.17043275638204047
12.86	0.16367603840504907
12.87	0.13756698091760075
12.88	0.15523850890946303
12.89	0.16438561482480085
12.9	0.16673388199040073
12.91	0.16882630006546254
12.92	0.1610737164548077
12.93	0.15415650294602573
12.94	0.15479100387837041
12.95	0.1770490559081268
12.96	0.173347349574921
12.97	0.14416345012912238
12.98	0.14573421272989245
12.99	0.14749426346529093
13.0	0.15498435507674052
13.01	0.14651443124545796
13.02	0.15138775823389822
13.03	0.1606945175559183
13.04	0.17257040759199863
13.05	0.16124903597703397
13.06	0.16615917863123972
13.07	0.15755583470416837
13.08	0.14804469956679103
13.09	0.15472495591467741
13.1	0.14403797897876552
13.11	0.16037155204830247
13.12	0.15357765912192964
13.13	0.14849633126684836
13.14	0.1528286296855777
13.15	0.1506217550211818
13.16	0.14755008241923107
13.17	0.15950910806255306
13.18	0.1509296655725759
13.19	0.1512627117529239
13.2	0.15570304668416063
13.21	0.1540962730104676
13.22	0.1695523023839865
13.23	0.16018430365623335
13.24	0.1516171566418738
13.25	0.165788835934327
13.26	0.16675631774555444
13.27	0.15293113016847237
13.28	0.16263181797604012
13.29	0.18374202645985474
13.3	0.16230657224318729
13.31	0.1671317181925098
13.32	0.18381222117542723
13.33	0.16106002771299885
13.34	0.16635165907548272
13.35	0.16060688847912186
13.36	0.17299593912058947
13.37	0.1651135608768828
13.38	0.1669261771559295
13.39	0.17055374078833907
13.4	0.1626116978209795
13.41	0.16579304602518627
13.42	0.18436691224089896
13.43	0.17046196362933863
13.44	0.14524507122158173
13.45	0.1927219354751925
13.46	0.17546355775617462
13.47	0.16550605149031175
13.48	0.17566003990317594
13.49	0.15700360810137257
13.5	0.17671610010203362
13.51	0.16464855286135383
13.52	0.16812432276687445
13.53	0.16733277932645177
13.54	0.1749308939395257
13.55	0.16920519159209646
13.56	0.18911334065477817
13.57	0.16602920272140567
13.58	0.17588527413484886
13.59	0.19979486443405284
13.6	0.20272088021266021
13.61	0.18404508850086315
13.62	0.1750093068566988
13.63	0.16229109640743344
13.64	0.17400701480147396
13.65	0.1760921286831086
13.66	0.18670542495431441
13.67	0.1622241683676506
13.68	0.17662145146133704
13.69	0.18079982623014157
13.7	0.18938776457705123
13.71	0.1900929883820448
13.72	0.1786199059353463
13.73	0.17741842205084918
13.74	0.1931127292366567
13.75	0.19754990683034676
13.76	0.19397609879833755
13.77	0.18913001973426483
13.78	0.186716341230165
13.79	0.18094202624598973
13.8	0.18205154059535278
13.81	0.2076162726346244
13.82	0.18425668208822896
13.83	0.1817843881774392
13.84	0.17947018946567564
13.85	0.17935975721182792
13.86	0.20123125407409412
13.87	0.1831083112265964
13.88	0.17431828377005962
13.89	0.18988207540677038
13.9	0.20817618810270277
13.91	0.18577134583014476
13.92	0.1783947113160418
13.93	0.18167390242107145
13.94	0.19179997619284578
13.95	0.1778099834564234
13.96	0.18147941958308775
13.97	0.2001929192732442
13.98	0.17143124983077077
13.99	0.18964524155747714
14.0	0.18234572015378597
14.01	0.16663590987963353
14.02	0.1584409569024932
14.03	0.18027658273392214
14.04	0.18772605914439144
14.05	0.16914744285056552
14.06	0.16764185692313827
14.07	0.15610862975496434
14.08	0.16888742304332074
14.09	0.16828689570939648
14.1	0.16090196607029975
14.11	0.1734968677853414
14.12	0.1746832494856155
14.13	0.16601725273975024
14.14	0.16472587777065906
14.15	0.16191333713901743
14.16	0.1688861299654627
14.17	0.17008499096788424
14.18	0.16898400908074696
14.19	0.1693462821680298
14.2	0.155793763219499
14.21	0.18299131019431902
14.22	0.15949569725452484
14.23	0.17142776416777922
14.24	0.15250225983067406
14.25	0.18398425540180102
14.26	0.1652713799309161
14.27	0.17527342703930102
14.28	0.150437761043221
14.29	0.14516222461873196
14.3	0.1576973840906112
14.31	0.15678249123137014
14.32	0.15773303080125814
14.33	0.168522517812245
14.34	0.15331119326188317
14.35	0.15992524358371965
14.36	0.16112338645194885
14.37	0.15808812593643617
14.38	0.16025464048045956
14.39	0.15233951023923253
14.4	0.15829935478557078
14.41	0.14903512024152654
14.42	0.14964926438116094
14.43	0.1687003971797174
14.44	0.1642430099682791
14.45	0.15156026299338457
14.46	0.1493654027038277
14.47	0.16966563845663765
14.48	0.1471938179655917
14.49	0.14656715080303517
14.5	0.17074672606907254
14.51	0.16069653364134381
14.52	0.15854334589741356
14.53	0.16807271449531863
14.54	0.147070615876441
14.55	0.15205429185894415
14.56	0.15594849496280896
14.57	0.1632564963711963
14.58	0.16171274885946013
14.59	0.16353956732274633
14.6	0.1512509748774492
14.61	0.1687139438209105
14.62	0.1564940268094253
14.63	0.1667382456065875
14.64	0.1825186985009412
14.65	0.17178586432616166
14.66	0.135795342531946
14.67	0.16685777474356198
14.68	0.1766551101343378
14.69	0.1677920161587948
14.7	0.17519348943412988
14.71	0.16914647639182692
14.72	0.18199913164098852
14.73	0.18740094780721187
14.74	0.17157867889297676
14.75	0.1600081031468988
14.76	0.16609255256115904
14.77	0.18299027940290857
14.78	0.17749888490949156
14.79	0.1702729081670107
14.8	0.17239074048850703
14.81	0.18324551780578147
14.82	0.15877283819109986
14.83	0.17843928323699806
14.84	0.18758680189548788
14.85	0.18728382420880565
14.86	0.1664568649514097
14.87	0.17185944503698203
14.88	0.17561952326967933
14.89	0.170415697768438
14.9	0.15799464146261835
14.91	0.1717329278894545
14.92	0.18352596810935737
14.93	0.16963842405349666
14.94	0.17794206167706816
14.95	0.18259997667778313
14.96	0.18278703526600343
14.97	0.1818459537345412
14.98	0.17476264917355538
14.99	0.1802821523700937
15.0	0.18114062583836152
15.01	0.17607052065066808
15.02	0.1947805882938655
15.03	0.17659588216052874
15.04	0.18632916278454797
15.05	0.18318237261543613
15.06	0.18158725154960037
15.07	0.18199922489212128
15.08	0.18009092235431476
15.09	0.19256928622713917
15.1	0.1825308195960583
15.11	0.1881987625165768
15.12	0.16630518650704837
15.13	0.1826323358764881
15.14	0.19031461024983504
15.15	0.17981804768503537
15.16	0.18897181315109168
15.17	0.17909970426245164
15.18	0.17238877217706275
15.19	0.1987904512426386
15.2	0.18052462965707544
15.21	0.18014883696242986
15.22	0.17579771292162838
15.23	0.1771287404012279
15.24	0.18807636575028094
15.25	0.18939462992018996
15.26	0.19259599511745146
15.27	0.1784242555994449
15.28	0.1839134373636119
15.29	0.18439750808041377
15.3	0.17083166136274403
15.31	0.1704761227904973
15.32	0.17680071751767207
15.33	0.17068733206195164
15.34	0.16176525635694455
15.35	0.16425770119952715
15.36	0.19671594013378407
15.37	0.17153648471179325
15.38	0.16838359827701238
15.39	0.17926116920643032
15.4	0.18089048752492543
15.41	0.19777661509678468
15.42	0.18605955254669998
15.43	0.1762850966297221
15.44	0.17788665323732628
15.45	0.17216227857957617
15.46	0.16240547142885306
15.47	0.15655026613531228
15.48	0.16808942793641266
15.49	0.16728867448719023
15.5	0.1629352652557513
15.51	0.16602400688459584
15.52	0.17731821429003056
15.53	0.14807476293259988
15.54	0.16193829201962076
15.55	0.15598001738287373
15.56	0.15730578762603423
15.57	0.1418202904035654
15.58	0.16422302781254472
15.59	0.16242205735292572
15.6	0.14867330275976465
15.61	0.15252143529880485
15.62	0.1689074253077952
15.63	0.16903760799298914
15.64	0.15891148977155528
15.65	0.15678944449431498
15.66	0.15997491660338456
15.67	0.14429099707532658
15.68	0.16448008197658895
15.69	0.16434788836575584
15.7	0.17440131343239776
15.71	0.15318093427341808
15.72	0.15506931360196763
15.73	0.16572323680553913
15.74	0.14483783866814748
15.75	0.15579190337219573
15.76	0.1497828796779085
15.77	0.16093727209367384
15.78	0.14681355759417267
15.79	0.16297832215634447
15.8	0.14854172834008303
15.81	0.17078646544079928
15.82	0.16146021315849812
15.83	0.15304703375553047
15.84	0.16793019828105826
15.85	0.14346788948049624
15.86	0.1530134347107152
15.87	0.16249681467883914
15.88	0.16217716381365588
15.89	0.1615595575718768
15.9	0.1625305622898242
15.91	0.15093845264515315
15.92	0.15909127294420783
15.93	0.14746687396421723
15.94	0.16027666934089765
15.95	0.16264804633049068
15.96	0.16500819068697697
15.97	0.17036685899338316
15.98	0.16016692203100452
15.99	0.1666629099575036
16.0	0.18129445523041562
16.01	0.15342768039042773
16.02	0.16076983047754603
16.03	0.14906295118658677
16.04	0.17017217084927075
16.05	0.18761957942820176
16.06	0.16235906377730225
16.07	0.1722823209283674
16.08	0.17887446277632654
16.09	0.1593866984451019
16.1	0.1643003173710116
16.11	0.17134875404150648
16.12	0.16798754416911582
16.13	0.17773929200945193
16.14	0.16919223368628514
16.15	0.16171641958248523
16.16	0.1825798925620312
16.17	0.18644291936064003
16.18	0.16269905394386905
16.19	0.18501144457134752
16.2	0.1740582644840706
16.21	0.17448979425771477
16.22	0.17150276562572345
16.23	0.17582185003036402
16.24	0.17692270697469675
16.25	0.18044041745540343
16.26	0.15072032449126918
16.27	0.18368478167075272
16.28	0.16663531442217427
16.29	0.17306085457768144
16.3	0.18102968781076584
16.31	0.18327526204593075
16.32	0.17930717213246458
16.33	0.1857250657547551
16.34	0.1824888171476508
16.35	0.19310140897193853
16.36	0.17364246526484012
16.37	0.16652570958547563
16.38	0.18101180997874003
16.39	0.18565045376981598
16.4	0.1941655208528194
16.41	0.18358974673696965
16.42	0.17377239129089092
16.43	0.1738822711283342
16.44	0.19489824612552809
16.45	0.18515051154514287
16.46	0.17454130969429904
16.47	0.1828390773611263
16.48	0.18311577789481864
16.49	0.16276536593819607
16.5	0.185054458540094
16.51	0.19427029687413333
16.52	0.18032249202748193
16.53	0.17443578508042462
16.54	0.18542579324400274
16.55	0.17359277867592549
16.56	0.18835070638402468
16.57	0.18887438508150894
16.58	0.17499336075457286
16.59	0.1639424682831889
16.6	0.16976670895563917
16.61	0.1832354167678001
16.62	0.16112068784218017
16.63	0.18411915581019356
16.64	0.18399566033030532
16.65	0.167778472887503
16.66	0.1704478362737782
16.67	0.1656060013768981
16.68	0.18744969775174677
16.69	0.18865736184753523
16.7	0.18864088076870608
16.71	0.1734237464311988
16.72	0.16299330994547398
16.73	0.1752720637956315
16.74	0.17007777625209067
16.75	0.1691565838953547
16.76	0.16954905404252518
16.77	0.17610884303374635
16.78	0.17986734982067248
16.79	0.1704538195725454
16.8	0.17435320825833553
16.81	0.15785406347930125
16.82	0.16561678235663746
16.83	0.15921660426268158
16.84	0.15279417113295424
16.85	0.17047638071956744
16.86	0.15497141885010618
16.87	0.1776170436513783
16.88	0.184034504271276
16.89	0.15055861471392648
16.9	0.15497071325538203
16.91	0.17010439818234777
16.92	0.16301178803298075
16.93	0.17103718420548925
16.94	0.137270222324955
16.95	0.16108610269429502
16.96	0.1612773015856036
16.97	0.1727218413543816
16.98	0.17969448243828773
16.99	0.16442972364358538
17.0	0.1477034896954097
17.01	0.1399680795255497
17.02	0.19019163875113254
17.03	0.16754812829366073
17.04	0.14748424431798948
17.05	0.15625846640613295
17.06	0.17368290207002732
17.07	0.16218022486868838
17.08	0.15084899100042062
17.09	0.15661977689130566
17.1	0.15826378379316056
17.11	0.15593659076419691
17.12	0.15426787846640794
17.13	0.1553701926322548
17.14	0.16293815449064267
17.15	0.14201421283586732
17.16	0.162689010853374
17.17	0.16433024441864555
17.18	0.15621732236331967
17.19	0.15309624522752044
17.2	0.14649892235243173
17.21	0.15584605074694013
17.22	0.14248118994177936
17.23	0.15866980584556895
17.24	0.15427362213448867
17.25	0.16319046900607245
17.26	0.14748738019290542
17.27	0.14013077071851318
17.28	0.14835822256570155
17.29	0.15933171406514646
17.3	0.15462152947028687
17.31	0.16421834056999554
17.32	0.14265599746774466
17.33	0.13967463824383367
17.34	0.1494049093334423
17.35	0.16207456944017154
17.36	0.1529069491155767
17.37	0.14578882097173884
17.38	0.14070145209954033
17.39	0.15351485936305534
17.4	0.158692503463262
17.41	0.16475084565036135
17.42	0.1768094921273848
17.43	0.1795463966270619
17.44	0.1491800757922224
17.45	0.16270022423563485
17.46	0.16284893099369468
17.47	0.14805806953716721
17.48	0.1754808921490455
17.49	0.16230588888714595
17.5	0.16087315825272408
17.51	0.15809081956795867
17.52	0.17091372305908706
17.53	0.16527391337174674
17.54	0.1818194021471367
17.55	0.16586047346815533
17.56	0.1830447637957136
17.57	0.16930289678055999
17.58	0.16605089167835896
17.59	0.17640311214616683
17.6	0.18781801058355063
17.61	0.1829704798219977
17.62	0.15966722228009317
17.63	0.1670096323203597
17.64	0.17901380404552777
17.65	0.18564784457207317
17.66	0.1781988775251812
17.67	0.18344253101939426
17.68	0.16386308087700002
17.69	0.19525301923234042
17.7	0.18398619894400628
17.71	0.17715045949821692
17.72	0.16696485670807842
17.73	0.17923012292740484
17.74	0.17207489399769996
17.75	0.18336456922810715
17.76	0.1855245775679532
17.77	0.1826896610315247
17.78	0.18283848698386773
17.79	0.1835798337233344
17.8	0.17101544165773555
17.81	0.18427690753542542
17.82	0.18234513367405486
17.83	0.18065295309171567
17.84	0.1826234261202039
17.85	0.19648835090369612
17.86	0.17904584712623708
17.87	0.18913756904810236
17.88	0.19806274531999638
17.89	0.18105287239543338
17.9	0.15725072405193152
17.91	0.18836818373839273
17.92	0.1862036716867679
17.93	0.1833678591430343
17.94	0.18994124270331023
17.95	0.1852737396986472
17.96	0.18184331895966818
17.97	0.18604553308392352
17.98	0.16987891047928366
17.99	0.1788460965484716
18.0	0.17818453465062198
18.01	0.1763342099819357
18.02	0.16597783968603647
18.03	0.18225285715670064
18.04	0.16654105139859476
18.05	0.17583202821039823
18.06	0.1784376473222865
18.07	0.1737013771292113
18.08	0.16838570983575293
18.09	0.18555954118288703
18.1	0.1808209904715003
18.11	0.16230506280811544
18.12	0.16075041607762436
18.13	0.16725038734163752
18.14	0.16578844207877488
18.15	0.15194864663545488
18.16	0.16996689153055164
18.17	0.1663277922541269
18.18	0.17131341710221695
18.19	0.1579517460589288
18.2	0.15728632067819281
18.21	0.16714130076518702
18.22	0.15750463293434494
18.23	0.14348093018425342
18.24	0.15415141917121725
18.25	0.16535494969600115
18.26	0.17736627044186687
18.27	0.144102138571027
18.28	0.1581753186348446
18.29	0.14781464596485647
18.3	0.1606543779212797
18.31	0.1666939396683498
18.32	0.15867391843764564
18.33	0.15836896323572466
18.34	0.14603736807809192
18.35	0.15573407679852513
18.36	0.14218858786264219
18.37	0.17541535710258266
18.38	0.15505544226010312
18.39	0.15729965783747618
18.4	0.1704134268837983
18.41	0.15603780150328792
18.42	0.14464393161724873
18.43	0.16910079423662064
18.44	0.14799234547629153
18.45	0.1409967169541816
18.46	0.16795837448534084
18.47	0.16055857484993258
18.48	0.16483707844469286
18.49	0.15444439238984906
18.5	0.1622289651060853
18.51	0.1606450539022207
18.52	0.154226898062699
18.53	0.1707301197634844
18.54	0.16456938426492307
18.55	0.13682278977425202
18.56	0.1799102474124798
18.57	0.1607864284181194
18.58	0.17457675250156393
18.59	0.16511933584886238
18.6	0.16201069872497445
18.61	0.15406366454237833
18.62	0.16185100624212947
18.63	0.14673828476275383
18.64	0.17849984124889381
18.65	0.17406426874126157
18.66	0.16051533445846713
18.67	0.17983827923171314
18.68	0.16248881037959226
18.69	0.16832473962041386
18.7	0.18041391209734223
18.71	0.17924526168338162
18.72	0.17732825147758638
18.73	0.15007015608511648
18.74	0.17225239416651178
18.75	0.16685645426449655
18.76	0.17088910035202756
18.77	0.19405420767000253
18.78	0.18775824502404415
18.79	0.183679593292827
18.8	0.1686337446074098
18.81	0.1758444608136863
18.82	0.17752299926000775
18.83	0.16309656725118749
18.84	0.17504030857833977
18.85	0.18370163368336986
18.86	0.20289614209333368
18.87	0.17839708697466847
18.88	0.1735325853823788
18.89	0.15290540037718828
18.9	0.17672124401399214
18.91	0.17597582522383665
18.92	0.173157142463811
18.93	0.18238861864943837
18.94	0.18206660629068042
18.95	0.17081301388643746
18.96	0.17599732315690064
18.97	0.19444227945042722
18.98	0.18729587101610307
18.99	0.19098194358731982
19.0	0.2020691389151841
19.01	0.17806594385288055
19.02	0.1691718632112448
19.03	0.1809231645528907
19.04	0.17945649509971107
19.05	0.18134430409943178
19.06	0.17430781877218565
19.07	0.18936208649142738
19.08	0.16831407324593084
19.09	0.17441757416791628
19.1	0.1788399956882603
19.11	0.181530197229793
19.12	0.16515177392295946
19.13	0.1718788666550176
19.14	0.17121580952002122
19.15	0.1699169705997558
19.16	0.16621602976443955
19.17	0.17245441201310005
19.18	0.17384920102327758
19.19	0.16539039742488426
19.2	0.16034929204902598
19.21	0.16048428492858557
19.22	0.17322945573312465
19.23	0.17016347435627815
19.24	0.1606396767999529
19.25	0.16393518153186304
19.26	0.16451043154503467
19.27	0.1530399400841457
19.28	0.17383303086404528
19.29	0.1592631276801991
19.3	0.16881966413956873
19.31	0.17323062413953874
19.32	0.1618553222555316
19.33	0.14932598557706023
19.34	0.1703269298746418
19.35	0.164804532689047
19.36	0.1659750192575253
19.37	0.1700114166941428
19.38	0.16754397933640006
19.39	0.15922908482506717
19.4	0.1543982956043826
19.41	0.15356781794575852
19.42	0.166824175729871
19.43	0.16041524605958357
19.44	0.1593189497374916
19.45	0.1469040554794394
19.46	0.17826085480699752
19.47	0.1669798463373194
19.48	0.13783042775107368
19.49	0.16435303453819616
19.5	0.16178651125289847
19.51	0.1663370995055315
19.52	0.15086142117801804
19.53	0.15468975454193057
19.54	0.15614362147670094
19.55	0.15724198865365313
19.56	0.15789737778288782
19.57	0.1512885942264215
19.58	0.16051856043318513
19.59	0.16187325783283504
19.6	0.15308046439202866
19.61	0.13606773501013544
19.62	0.14987209035376725
19.63	0.1474982079359554
19.64	0.16758613185007254
19.65	0.17653702410814903
19.66	0.16243636635802725
19.67	0.145739604109597
19.68	0.15994501664599026
19.69	0.16824795138905171
19.7	0.17986078308478937
19.71	0.17439033346223007
19.72	0.1621062764427702
19.73	0.16659305768165336
19.74	0.17059499144376636
19.75	0.16811706830554507
19.76	0.16491998125839996
19.77	0.15748299988366463
19.78	0.18556688577822555
19.79	0.1679281114438887
19.8	0.1615348272036939
19.81	0.16881964136589403
19.82	0.173694692464046
19.83	0.16495570751491007
19.84	0.17106603041794102
19.85	0.18175219661410819
19.86	0.17226455220160566
19.87	0.17168578058981923
19.88	0.18657754077545613
19.89	0.1924211836799482
19.9	0.18061450024243067
19.91	0.17301525930320447
19.92	0.16878755478946644
19.93	0.18339159218817672
19.94	0.18494483351795443
19.95	0.17389595733051486
19.96	0.1848436465789813
19.97	0.16245559645143112
19.98	0.1605371148894481
19.99	0.1737492678435715
20.0	0.1718083861738058
20.01	0.18053806852681478
20.02	0.18282219146875756
20.03	0.18859846089824056
20.04	0.1911337897858207
20.05	0.1632072935310382
20.06	0.1693532215582715
20.07	0.17373722376574455
20.08	0.18445474437805529
20.09	0.17620736365492196
20.1	0.17240856474028443
20.11	0.18345462116736297
20.12	0.17512054216767997
20.13	0.17287427264843386
20.14	0.16481888369294048
20.15	0.1772307867535503
20.16	0.19460834723295029
20.17	0.1759413387717217
20.18	0.1713657576051228
20.19	0.1870876037855357
20.2	0.16491883727987625
20.21	0.16726849553546275
20.22	0.16986853050119194
20.23	0.1822053420376674
20.24	0.18016517148725433
20.25	0.16326546498832167
20.26	0.16965580374752035
20.27	0.18477346167165726
20.28	0.1910643822132577
20.29	0.17029019506788087
20.3	0.16306945328085035
20.31	0.1709216913501857
20.32	0.17241734709196793
20.33	0.13624944651654367
20.34	0.15864201517470913
20.35	0.16410988924144274
20.36	0.16636543935203404
20.37	0.15507297435374687
20.38	0.1702478888251384
20.39	0.17170195891226467
20.4	0.1647410734809362
20.41	0.16357194438403935
20.42	0.1611862800233153
20.43	0.14760067259711326
20.44	0.15370884500452595
20.45	0.15812875138224278
20.46	0.15956582380824563
20.47	0.15247604477915033
20.48	0.17116491026456626
20.49	0.16877167380599886
20.5	0.16227839975383054
20.51	0.1693246199572711
20.52	0.1681426991397986
20.53	0.1733921787270355
20.54	0.1626137925964075
20.55	0.16292060514281326
20.56	0.16005936800807127
20.57	0.16236004513450786
20.58	0.1681479898760112
20.59	0.1438989124583158
20.6	0.14400780036082234
20.61	0.14547467334398187
20.62	0.1615323889458333
20.63	0.15366322488997997
20.64	0.15296782362712086
20.65	0.17325710969935013
20.66	0.147570458844772
20.67	0.1577895121266207
20.68	0.14030241969586896
20.69	0.15134456088875528
20.7	0.1531468237607121
20.71	0.15017996631883473
20.72	0.1512166878711589
20.73	0.14787331409437543
20.74	0.1508408591828746
20.75	0.15584842307379138
20.76	0.16492493862885568
20.77	0.14917215180420065
20.78	0.15499053031393445
20.79	0.16692819346667792
20.8	0.17333384813271968
20.81	0.17160170723335288
20.82	0.1651247538171158
20.83	0.16177270904410243
20.84	0.1580350949956021
20.85	0.16702309877286087
20.86	0.18451638413654708
20.87	0.15516165233715276
20.88	0.16899251753444283
20.89	0.17833585293760354
20.9	0.18598000210659515
20.91	0.1788525569085757
20.92	0.15705784505324927
20.93	0.1682679514047271
20.94	0.16968380611640918
20.95	0.16835624451669468
20.96	0.16054171814374132
20.97	0.17946349635144102
20.98	0.1799521626049303
20.99	0.16046903531574205
21.0	0.18348660683899629
21.01	0.15860977851582067
21.02	0.16938710273849164
21.03	0.19587615471624617
21.04	0.17122082596755306
21.05	0.16880686293974503
21.06	0.19227497687644227
21.07	0.1652383868221924
21.08	0.18380809185469857
21.09	0.1797951732413741
21.1	0.17231672539024231
21.11	0.18960212106845678
21.12	0.17933610183959614
21.13	0.17858822884186168
21.14	0.18973980832218956
21.15	0.1779825161412068
21.16	0.18921977021600223
21.17	0.1913160816740793
21.18	0.18241367309359727
21.19	0.18987090423545458
21.2	0.1867787948990956
21.21	0.1951970637085317
21.22	0.1625201040023828
21.23	0.18909114649432043
21.24	0.18134677696697146
21.25	0.17484170627182846
21.26	0.18072931214151056
21.27	0.18500705359932212
21.28	0.17427171591813215
21.29	0.1850850396050945
21.3	0.1804708664551673
21.31	0.17582330225801598
21.32	0.19507183075546455
21.33	0.18417019048399552
21.34	0.187659463048133
21.35	0.15907126511763733
21.36	0.19119262747308735
21.37	0.16344728809114473
21.38	0.18912682954748386
21.39	0.18788528428422577
21.4	0.16625470815540433
21.41	0.18874763058968924
21.42	0.18639473576850366
21.43	0.17197559232202395
21.44	0.17398436598627565
21.45	0.17224685518690147
21.46	0.1627179095128566
21.47	0.182070520751925
21.48	0.17334263694826396
21.49	0.17112943438735792
21.5	0.167805253423552
21.51	0.16807139193194776
21.52	0.1621435500303215
21.53	0.18150118081504424
21.54	0.17669754063365165
21.55	0.17687526415197072
21.56	0.1676624825020725
21.57	0.17539667283681176
21.58	0.16122504267808838
21.59	0.16036549520299911
21.6	0.16923727591998597
21.61	0.1568781996620568
21.62	0.1571334967179829
21.63	0.1629112506904261
21.64	0.15652404216480795
21.65	0.1489230814072057
21.66	0.17447486902091291
21.67	0.1651507668917764
21.68	0.15040607446042537
21.69	0.15666996297353766
21.7	0.14835860432321807
21.71	0.14995981489001153
21.72	0.14972906490516166
21.73	0.14995399560058156
21.74	0.16994158251893396
21.75	0.16241887612317282
21.76	0.14048697277343755
21.77	0.1576979937453091
21.78	0.13805946153515009
21.79	0.15767624210651957
21.8	0.14691002209462403
21.81	0.16136928728647223
21.82	0.15689048006545872
21.83	0.1652240106112657
21.84	0.17348026290809465
21.85	0.17376251097965018
21.86	0.17516704850046733
21.87	0.16504698347469332
21.88	0.1618929630266354
21.89	0.15753036820706928
21.9	0.14551837244597882
21.91	0.14648238209386716
21.92	0.161588002882481
21.93	0.14485433242180967
21.94	0.16033954287456703
21.95	0.15865401701463314
21.96	0.15853987219169258
21.97	0.15603432033793047
21.98	0.16052731639726867
21.99	0.16873450295422365
22.0	0.17206214216526466
