10.0	0.2163647956777854
10.01	0.2157986521936755
10.02	0.2131547212324728
10.03	0.20325954298714688
10.04	0.24041739545132235
10.05	0.21537621975382484
10.06	0.2140857762801964
10.07	0.20982817351016028
10.08	0.2146730909758702
10.09	0.23296078056852818
10.1	0.21506989673952237
10.11	0.19962037341655275
10.12	0.23491211067788642
10.13	0.2364233941186355
10.14	0.23189438193598963
10.15	0.2113869091207568
10.16	0.2213386879343535
10.17	0.23425213546869803
10.18	0.2294469661573643
10.19	0.2228671341939143
10.2	0.2453388699269293
10.21	0.2313795184657304
10.22	0.24398389445290108
10.23	0.22905904816629008
10.24	0.24607230517704667
10.25	0.2294897046720511
10.26	0.23834889321214747
10.27	0.23295898805707627
10.28	0.24420633972162195
10.29	0.24136584443986642
10.3	0.24699240211187667
10.31	0.25259574494753156
10.32	0.235338700149463
10.33	0.24007575294479386
10.34	0.23500035452331072
10.35	0.21960074438463045
10.36	0.23538105649681706
10.37	0.24938526246971077
10.38	0.2589326878253513
10.39	0.22469862695679757
10.4	0.2525023015894201
10.41	0.24847976831369167
10.42	0.2488509645564602
10.43	0.23742028802815848
10.44	0.24363059181037747
10.45	0.2511850395621757
10.46	0.24250670585161244
10.47	0.2296354089937577
10.48	0.22929043305093663
10.49	0.24730421034090838
10.5	0.2494372401302531
10.51	0.26646141830507497
10.52	0.24518512708515533
10.53	0.2384340004505579
10.54	0.2390917510843742
10.55	0.25425897658154434
10.56	0.23705482714510837
10.57	0.2388956130905515
10.58	0.2342402390626506
10.59	0.24583245233913695
10.6	0.23298317089161125
10.61	0.24432095507282744
10.62	0.24428046177705037
10.63	0.24862498082477555
10.64	0.23168072382764138
10.65	0.24543923508991652
10.66	0.24631622514567564
10.67	0.2388895440052486
10.68	0.23178338367381346
10.69	0.2255975054702034
10.7	0.21974654732126758
10.71	0.23672760340522778
10.72	0.2304678198756015
10.73	0.2379674997084153
10.74	0.22143966580795912
10.75	0.2302945810748405
10.76	0.2131619576393341
10.77	0.22507463802513725
10.78	0.22825461460516844
10.79	0.20802967071170592
10.8	0.2216043701920703
10.81	0.2221995935158238
10.82	0.23553164525154302
10.83	0.21227043467210743
10.84	0.20656728595448198
10.85	0.19951091015511271
10.86	0.20864146844368886
10.87	0.19994184088978495
10.88	0.2128214495152134
10.89	0.22576729578009053
10.9	0.2111984568160072
10.91	0.20264028457037495
10.92	0.2345538554369111
10.93	0.22738656005481056
10.94	0.1944301615261604
10.95	0.21058725131524172
10.96	0.21567958845411478
10.97	0.217694830475418
10.98	0.20434807730606458
10.99	0.22091614995767359
11.0	0.2010581233894233
11.01	0.21148277569822577
11.02	0.2206843787508027
11.03	0.19491129044227762
11.04	0.22514244710043746
11.05	0.20728445153917635
11.06	0.2171758290246746
11.07	0.2023807002639401
11.08	0.21153467390146682
11.09	0.21580036163571778
11.1	0.20902175321627145
11.11	0.2177266010931641
11.12	0.20092914716637686
11.13	0.20687458901008707
11.14	0.19692368380852002
11.15	0.19582327499519783
11.16	0.21278192238507648
11.17	0.20976120546271385
11.18	0.21121749507555562
11.19	0.21615741518914453
11.2	0.20898769480390958
11.21	0.2168573277518803
11.22	0.2320873067390774
11.23	0.21659912890059255
11.24	0.2082263252605256
11.25	0.20954332761629282
11.26	0.22333255808592256
11.27	0.21683095586628093
11.28	0.22248870964372408
11.29	0.22474611720300017
11.3	0.2306460117764213
11.31	0.24986980822615706
11.32	0.23170564046292483
11.33	0.2237704593266919
11.34	0.22266482810410437
11.35	0.23205430808361088
11.36	0.23898351624421527
11.37	0.2323447083744866
11.38	0.23492391426068834
11.39	0.2356310567017531
11.4	0.20410862316165948
11.41	0.21857642785944015
11.42	0.2491046342831825
11.43	0.2531067107666553
11.44	0.23185672146032163
11.45	0.2496320932034056
11.46	0.24042616204631764
11.47	0.2323518894809532
11.48	0.24196223364383906
11.49	0.2452124077664643
11.5	0.23191426830427025
11.51	0.2429401505123016
11.52	0.24896097109529972
11.53	0.2624401975762679
11.54	0.24445262774675008
11.55	0.24955251663834513
11.56	0.24340974528601203
11.57	0.24696479762040674
11.58	0.26686382762184563
11.59	0.24605713036401883
11.6	0.2449030336673449
11.61	0.2604890815092122
11.62	0.24807911979172484
11.63	0.24609439350465453
11.64	0.24798205980560092
11.65	0.2523116244007178
11.66	0.22866596537742362
11.67	0.2413599582035538
11.68	0.25882177153386027
11.69	0.23485869630993128
11.7	0.2614815808455163
11.71	0.2419352029944764
11.72	0.23439589044905626
11.73	0.2409769655356734
11.74	0.23463855870698314
11.75	0.24857955402893125
11.76	0.22227690689347093
11.77	0.23502174846832596
11.78	0.2428003468722746
11.79	0.22306577632701285
11.8	0.22756885287410822
11.81	0.23613550360381994
11.82	0.24159197673071292
11.83	0.24448655796872606
11.84	0.21940054033617915
11.85	0.22191345828522396
11.86	0.20960948351223124
11.87	0.22229009805428832
11.88	0.2432574641248927
11.89	0.24107281623442695
11.9	0.23556743746978825
11.91	0.22479826792813049
11.92	0.22012774108183658
11.93	0.21042615775544932
11.94	0.20850941368160436
11.95	0.22148268676328786
11.96	0.21924773405848122
11.97	0.21681631732447673
11.98	0.19417281539761017
11.99	0.20680349410035997
12.0	0.22156939593354064
12.01	0.21326612984178678
12.02	0.2196207591010086
12.03	0.2107670428010193
12.04	0.22287735400352945
12.05	0.21385756935262026
12.06	0.2189735163254245
12.07	0.2072568036578338
12.08	0.2156706251018136
12.09	0.19230818301241925
12.1	0.20410743460284983
12.11	0.20088568759108924
12.12	0.19505519387793893
12.13	0.22063046548927495
12.14	0.20368360605862598
12.15	0.1920613000768279
12.16	0.2189498927568888
12.17	0.1939567147699412
12.18	0.21357007783286205
12.19	0.22073310065782764
12.2	0.20551623555481346
12.21	0.18958970366492872
12.22	0.21542961338457822
12.23	0.21319015025385885
12.24	0.1909825676563496
12.25	0.2165699218837836
12.26	0.21176172767458598
12.27	0.21394783241468776
12.28	0.2253698355130528
12.29	0.19794974647049154
12.3	0.21806746839021038
12.31	0.21130180565708595
12.32	0.21913357501902103
12.33	0.21561951673053065
12.34	0.22679584637967246
12.35	0.224657355580136
12.36	0.22030346667783332
12.37	0.2506179532307858
12.38	0.213597461330254
12.39	0.22309321757135578
12.4	0.20656209198679756
12.41	0.22266819672354368
12.42	0.23384672740641388
12.43	0.22920155067001743
12.44	0.21317251718395325
12.45	0.21899179153108173
12.46	0.21635666606385237
12.47	0.2294265363240789
12.48	0.22528980216134106
12.49	0.24076930432499136
12.5	0.23177361767554092
12.51	0.2410881203422305
12.52	0.23130727576447574
12.53	0.23801745075291164
12.54	0.2395426197943019
12.55	0.2520150471927708
12.56	0.2509023345584595
12.57	0.2356204943282541
12.58	0.24549139744782397
12.59	0.2444713175388083
12.6	0.24478387795449028
12.61	0.26500649444116336
12.62	0.22174730184053051
12.63	0.24237439790792278
12.64	0.25148802877581355
12.65	0.26864984116410606
12.66	0.23904340524096432
12.67	0.2510041344665953
12.68	0.23191369239064
12.69	0.2533167256186347
12.7	0.26064004581082917
12.71	0.2568818112497886
12.72	0.2646877224690487
12.73	0.25578980948268
12.74	0.24773395171518037
12.75	0.24458714886095964
12.76	0.2418204643760142
12.77	0.23996521165634582
12.78	0.24066233535951695
12.79	0.24802211160433155
12.8	0.2759000228215746
12.81	0.25386623799997454
12.82	0.26489193109869635
12.83	0.25831987332883877
12.84	0.24158842732041402
12.85	0.23040372287239635
12.86	0.2635424247280531
12.87	0.2414514865095644
12.88	0.2351169783203093
12.89	0.24788749850566075
12.9	0.22219773029470682
12.91	0.25175688637331356
12.92	0.24824145879520718
12.93	0.23717788764385772
12.94	0.242151006747716
12.95	0.22354549527478057
12.96	0.2387025022775525
12.97	0.2353252188829782
12.98	0.23430643371445897
12.99	0.24576664754816077
13.0	0.21480792086165207
13.01	0.23066760305957806
13.02	0.20251292543921362
13.03	0.24546942510415193
13.04	0.23669195064007653
13.05	0.22795557958554125
13.06	0.229829147658154
13.07	0.22276262273486327
13.08	0.21800170065026878
13.09	0.22680781310498635
13.1	0.2220128005971341
13.11	0.22315888898096364
13.12	0.21649912484321548
13.13	0.19533408654317427
13.14	0.20957801428061948
13.15	0.224339291786066
13.16	0.22486544724504012
13.17	0.21587693706159403
13.18	0.218783231277015
13.19	0.223422211870686
13.2	0.20695937623730742
13.21	0.19641016390203583
13.22	0.20422847052695192
13.23	0.20811759115231168
13.24	0.20982166391849413
13.25	0.22369540283310685
13.26	0.23093503403410573
13.27	0.22158076670847657
13.28	0.19829732339947528
13.29	0.2143359960059851
13.3	0.19401346506296582
13.31	0.19905151782914834
13.32	0.19822594235085442
13.33	0.20551429008363714
13.34	0.22181154784161272
13.35	0.21159515028821949
13.36	0.20642460706436822
13.37	0.20488314936945323
13.38	0.20463967906781047
13.39	0.20832731969981225
13.4	0.20067957525289587
13.41	0.22869122717963677
13.42	0.21653053829953486
13.43	0.2367076333501303
13.44	0.20557614771192753
13.45	0.20593545073649594
13.46	0.21783300907566244
13.47	0.2105016893896993
13.48	0.19717988040967718
13.49	0.19937335979691867
13.5	0.220813754145959
13.51	0.21821596878558946
13.52	0.22725045889010936
13.53	0.20386212570390894
13.54	0.22619039289666656
13.55	0.21563562991936006
13.56	0.22218008992362304
13.57	0.22278768445147776
13.58	0.2159319185286998
13.59	0.22080033855834166
13.6	0.22815208925711714
13.61	0.236997359772597
13.62	0.22349505330662414
13.63	0.24898594199529014
13.64	0.22315221852851927
13.65	0.23871702150665908
13.66	0.23329174994314664
13.67	0.2206283792346569
13.68	0.23344890068714447
13.69	0.2456848889340132
13.7	0.2369137129609083
13.71	0.2433690381133201
13.72	0.23913582550091092
13.73	0.24537947786534678
13.74	0.2527354685582776
13.75	0.24245951316384834
13.76	0.22621240258946063
13.77	0.24091411828270598
13.78	0.2321539327032265
13.79	0.24607560508872112
13.8	0.2461586468747344
13.81	0.26363055210072295
13.82	0.2506239158865101
13.83	0.24237776222314253
13.84	0.24234616220042945
13.85	0.2480057868142169
13.86	0.24939483252590802
13.87	0.24469617752989908
13.88	0.2548236054877523
13.89	0.26092387546843404
13.9	0.2244769401057093
13.91	0.26353363687521225
13.92	0.24898578609847122
13.93	0.22686363613476812
13.94	0.24085518478639142
13.95	0.24699146033445024
13.96	0.25333902207949516
13.97	0.2502546185124766
13.98	0.24114859998882662
13.99	0.23792027598531645
14.0	0.22427466418193925
14.01	0.24285607072653428
14.02	0.24168715972505325
14.03	0.23531449303246982
14.04	0.22811767619524992
14.05	0.23250186071787268
14.06	0.2353619359376223
14.07	0.2393805816036519
14.08	0.22752419396175005
14.09	0.22006032846810597
14.1	0.21794913262631874
14.11	0.2256155537633728
14.12	0.23329153136703903
14.13	0.20461812993660716
14.14	0.23286797049700683
14.15	0.2353310417977169
14.16	0.2287349532759828
14.17	0.20921069563969566
14.18	0.23027054042399922
14.19	0.23144870554240565
14.2	0.23106934037922558
14.21	0.20734013078073082
14.22	0.2240797295842508
14.23	0.1976407349146526
14.24	0.21521221428782175
14.25	0.22990559449087844
14.26	0.24786835327436746
14.27	0.20622679293247165
14.28	0.20665308199560908
14.29	0.23245385350787573
14.3	0.21436624575679303
14.31	0.20095144341865234
14.32	0.2295269522741791
14.33	0.2074218305179741
14.34	0.20165218166754684
14.35	0.22111601529027466
14.36	0.20838573877329705
14.37	0.2098723051418104
14.38	0.20643456131967303
14.39	0.21764502561355867
14.4	0.2006143231744781
14.41	0.19741386066012442
14.42	0.2172179482678069
14.43	0.20744660729347156
14.44	0.22495531416366404
14.45	0.20243695924942362
14.46	0.20054102888173547
14.47	0.18431598936404983
14.48	0.21458127450127518
14.49	0.2044174659506339
14.5	0.1913339947687531
14.51	0.2149705096117186
14.52	0.2134491770964041
14.53	0.20408543696586298
14.54	0.19319159121764568
14.55	0.19870173036341315
14.56	0.1979423313007918
14.57	0.20662583362788867
14.58	0.20763241646132008
14.59	0.19436522045534999
14.6	0.20042056229536967
14.61	0.19022334855043993
14.62	0.2263254387410324
14.63	0.1935301319434918
14.64	0.21201780393918462
14.65	0.21302135453641535
14.66	0.21129126278708657
14.67	0.20567609215484628
14.68	0.21214313858845404
14.69	0.21423964529243075
14.7	0.20802415696855314
14.71	0.21028258264254868
14.72	0.20914419089170122
14.73	0.20708317044650104
14.74	0.22352783587709182
14.75	0.20097975949258937
14.76	0.2144528119465656
14.77	0.22864795923800205
14.78	0.2281618710523953
14.79	0.24155943118285297
14.8	0.21337600864051753
14.81	0.23132504570828025
14.82	0.21969916356266922
14.83	0.21945176598073973
14.84	0.21814915137847998
14.85	0.2302370148405035
14.86	0.21678534163184657
14.87	0.2332843129326226
14.88	0.22449632161135874
14.89	0.24316867794971275
14.9	0.2154662095336658
14.91	0.24209350354503384
14.92	0.23837965612160794
14.93	0.24282874732433862
14.94	0.22826404170795914
14.95	0.23460505142221857
14.96	0.2395039879499421
14.97	0.21788249404567236
14.98	0.227935706396957
14.99	0.24406349036612385
15.0	0.20573527230009742
15.01	0.2485258501696973
15.02	0.2325740447524964
15.03	0.24086522335422292
15.04	0.2479470609888908
15.05	0.2208338661999916
15.06	0.2331921504417887
15.07	0.22598822521821593
15.08	0.2443146207849244
15.09	0.22864572214987525
15.1	0.24267277249335115
15.11	0.21194362828586985
15.12	0.22374578333420703
15.13	0.2290343084082135
15.14	0.2314827948597284
15.15	0.22374444949900446
15.16	0.24524350339487647
15.17	0.23796200146666796
15.18	0.2430811996963819
15.19	0.2429019489088521
15.2	0.22672158636868195
15.21	0.24641955680716485
15.22	0.2286260800952632
15.23	0.229611655483958
15.24	0.23335321861667446
15.25	0.234235029893856
15.26	0.23949177176754116
15.27	0.24991562430365488
15.28	0.22549520349149255
15.29	0.2480827057776999
15.3	0.23151673547369392
15.31	0.22035259249207118
15.32	0.22505298449029176
15.33	0.2360485526028682
15.34	0.24220582445637845
15.35	0.24229400326164896
15.36	0.23600117271234256
15.37	0.2324756080065561
15.38	0.21421351502263009
15.39	0.23267008635368588
15.4	0.2198889414380749
15.41	0.23215962624820322
15.42	0.2294237033821321
15.43	0.24204586505820097
15.44	0.2346480700907625
15.45	0.23922823141195193
15.46	0.24764000275417392
15.47	0.22551336499108812
15.48	0.22759713986241878
15.49	0.22357174144750297
15.5	0.24081314483652644
15.51	0.21957652375697387
15.52	0.22156588089057602
15.53	0.2136757328205524
15.54	0.2156756496106515
15.55	0.22302739980398267
15.56	0.22165037588531186
15.57	0.23218156656432293
15.58	0.22051102357946525
15.59	0.2196039375920195
15.6	0.22531909608363665
15.61	0.19954890794314098
15.62	0.21896538834596396
15.63	0.2217571100296037
15.64	0.21947793043592737
15.65	0.215210955103086
15.66	0.1941361427584951
15.67	0.20220842151974625
15.68	0.22296919564534243
15.69	0.22388807886939008
15.7	0.19875236280455402
15.71	0.20845170847054464
15.72	0.209581680728493
15.73	0.20950938870764443
15.74	0.18183409982043586
15.75	0.19733994444876882
15.76	0.19232726343022902
15.77	0.20785330174346528
15.78	0.21181344717036735
15.79	0.2075078335535631
15.8	0.1878833412910463
15.81	0.20760000322828057
15.82	0.19386962810234784
15.83	0.2164707767469691
15.84	0.19218526011793363
15.85	0.20548592410275823
15.86	0.19712523242041452
15.87	0.20984468224749986
15.88	0.19834036513787973
15.89	0.1911608820956466
15.9	0.19816444753213847
15.91	0.20605392287009833
15.92	0.21589446401581328
15.93	0.22378416231258103
15.94	0.2105836432602651
15.95	0.17776291646314765
15.96	0.2075275132173257
15.97	0.22585495295091923
15.98	0.20558992442193308
15.99	0.2151910574619466
16.0	0.22341493119456446
16.01	0.2164520576609574
16.02	0.21661087280851749
16.03	0.22296161498429387
16.04	0.20344841375492898
16.05	0.21434123877819822
16.06	0.22164848218290012
16.07	0.20699250014163717
16.08	0.23820554271168176
16.09	0.22983764653817343
16.1	0.23397148198396794
16.11	0.22007832407642053
16.12	0.23430363206350796
16.13	0.21981023290561094
16.14	0.21426722841511572
16.15	0.2367715858495916
16.16	0.22973426679128728
16.17	0.22628085475792742
16.18	0.22440980284422876
16.19	0.24183572787787966
16.2	0.2317579339281711
16.21	0.22384131634632562
16.22	0.2180460880019857
16.23	0.24679988718668947
16.24	0.23330082584075265
16.25	0.2346437915581521
16.26	0.23692671605707213
16.27	0.24949329571611248
16.28	0.22401860150106484
16.29	0.23211487549621718
16.3	0.25384606478158755
16.31	0.24491944641590904
16.32	0.23434183515547893
16.33	0.2526026309886982
16.34	0.22455400863906042
16.35	0.23862662649576755
16.36	0.2252211253568051
16.37	0.23633996829570333
16.38	0.24121470134067735
16.39	0.223764196486038
16.4	0.23198023562720319
16.41	0.21896585049907893
16.42	0.24004317468006484
16.43	0.23832418555033733
16.44	0.2355890391431911
16.45	0.23389255437856027
16.46	0.24521884660402024
16.47	0.23679969500232048
16.48	0.21916025583819587
16.49	0.23082963034319262
16.5	0.22306541816909697
16.51	0.24397141310584078
16.52	0.23193022542599342
16.53	0.22866910349241698
16.54	0.23404860879892736
16.55	0.22866016754050972
16.56	0.21633714719577932
16.57	0.22073479563438253
16.58	0.22105610760753985
16.59	0.23784778106392182
16.6	0.23126994601521125
16.61	0.22138133897007298
16.62	0.20724174483108646
16.63	0.21959251845487404
16.64	0.22079539650620075
16.65	0.23563736134772562
16.66	0.22853010239417412
16.67	0.2111424079280337
16.68	0.23212186804684368
16.69	0.2222414271539431
16.7	0.2233487712784951
16.71	0.21152477206694467
16.72	0.20754411970276634
16.73	0.22087477185537513
16.74	0.2131260516070617
16.75	0.2015388297957113
16.76	0.20956675303009215
16.77	0.21203777556061731
16.78	0.19836171996383625
16.79	0.19348319998621405
16.8	0.20457454907854014
16.81	0.21998739766780104
16.82	0.22873779633957156
16.83	0.2189980226237203
16.84	0.1869379555156018
16.85	0.20669016758618178
16.86	0.21271410382476869
16.87	0.2034966984930927
16.88	0.23262518149808872
16.89	0.22689695066793056
16.9	0.1913745060105382
16.91	0.2162946272384284
16.92	0.20444776722525496
16.93	0.19196167675061346
16.94	0.19280334468357888
16.95	0.1994549517760866
16.96	0.2012873220006848
16.97	0.2100616575745483
16.98	0.19349327974436947
16.99	0.22279532607309976
17.0	0.20280922631616102
17.01	0.2044170789987354
17.02	0.21536140414078814
17.03	0.2046900358445065
17.04	0.20655326548970854
17.05	0.2183550512629251
17.06	0.21374673302659708
17.07	0.215926981732893
17.08	0.21802309089330613
17.09	0.21504028242795487
17.1	0.208795204740074
17.11	0.20674187381399348
17.12	0.21274116708480112
17.13	0.21261356368856238
17.14	0.21439248561075125
17.15	0.21688898669224033
17.16	0.21647970202496442
17.17	0.21891904582938784
17.18	0.21623761348418755
17.19	0.2254069092224533
17.2	0.2264641351149225
17.21	0.24139491817859174
17.22	0.21698815253253084
17.23	0.2329437128843285
17.24	0.23935020640608598
17.25	0.23315001227216037
17.26	0.23973218344199734
17.27	0.21987689544787892
17.28	0.2503867071736006
17.29	0.23186641528104973
17.3	0.24073548619178453
17.31	0.22679087688179173
17.32	0.21096548778044016
17.33	0.25104705223568435
17.34	0.2259896684596131
17.35	0.24228515028589745
17.36	0.22896752180934823
17.37	0.2592334705980415
17.38	0.23384849560255036
17.39	0.23664895052157905
17.4	0.23498828134036842
17.41	0.23419326988675182
17.42	0.2441585469934697
17.43	0.2273162778784666
17.44	0.24078971816764205
17.45	0.2373069248559582
17.46	0.2304303787054644
17.47	0.24552944509220337
17.48	0.2349809498458786
17.49	0.22295052013579966
17.5	0.22275575504282016
17.51	0.24404050182449427
17.52	0.2337576314743905
17.53	0.24352889560890134
17.54	0.24047085845599614
17.55	0.2273782478888597
17.56	0.2367398916967384
17.57	0.23261093758545068
17.58	0.23664561491552405
17.59	0.23943376309824885
17.6	0.2269655410770614
17.61	0.22104174820579217
17.62	0.22992455964954125
17.63	0.1994207612725108
17.64	0.2299155036628394
17.65	0.22832405722912355
17.66	0.22713205404756168
17.67	0.23419426989106668
17.68	0.2322109401862913
17.69	0.229858816522017
17.7	0.2191452496875273
17.71	0.243697524503726
17.72	0.22729179580347872
17.73	0.2378218981298853
17.74	0.21503734938857386
17.75	0.22447084310473145
17.76	0.20469821694200904
17.77	0.2180630413815485
17.78	0.22601966609432503
17.79	0.2128119722416422
17.8	0.20666015937677437
17.81	0.22560853771431505
17.82	0.22157654541763508
17.83	0.2083461037447812
17.84	0.2098209470050861
17.85	0.2030401862424287
17.86	0.20855298502061448
17.87	0.20632421376118928
17.88	0.21499667296523536
17.89	0.2116913536162732
17.9	0.22101727399590354
17.91	0.2252743394952544
17.92	0.20878117011521094
17.93	0.22172916498547152
17.94	0.21032980432184495
17.95	0.21137721833082726
17.96	0.20128440931372563
17.97	0.2069237197270496
17.98	0.19520373101811048
17.99	0.19929648959575239
18.0	0.1928446396355859
18.01	0.20507386812678685
18.02	0.18892413890864074
18.03	0.20931670534744004
18.04	0.2113297221701507
18.05	0.19424004974630313
18.06	0.2103140311351942
18.07	0.19456136610080704
18.08	0.2084492372892802
18.09	0.21229917151988015
18.1	0.21563071894296598
18.11	0.19127496971625801
18.12	0.2188482622219658
18.13	0.20172362118300463
18.14	0.18914726654608308
18.15	0.2150018525336517
18.16	0.21091999001995096
18.17	0.20509608076026728
18.18	0.20446890560153375
18.19	0.1905051366109224
18.2	0.22375454866430172
18.21	0.21132090233969292
18.22	0.20505020931291534
18.23	0.19743126670018504
18.24	0.19905282472287256
18.25	0.21776830829453747
18.26	0.20399399568195895
18.27	0.22264975298025533
18.28	0.23365158921999327
18.29	0.2163307597335625
18.3	0.22842225142744416
18.31	0.21516648907664512
18.32	0.21033432727668355
18.33	0.21855785795634483
18.34	0.20940266432721769
18.35	0.2277822741493621
18.36	0.22941639448790205
18.37	0.22269936699500958
18.38	0.2284961289350156
18.39	0.23189590552803782
18.4	0.2004576511319739
18.41	0.22216757891501865
18.42	0.24081597304586433
18.43	0.2219497231303911
18.44	0.23816567280664902
18.45	0.24091005666038806
18.46	0.23717497314426556
18.47	0.2272877677485634
18.48	0.2289393899998618
18.49	0.24881162429529027
18.5	0.22831103147704504
18.51	0.24391642395846505
18.52	0.2548296952236891
18.53	0.2259381604022951
18.54	0.23164983962920455
18.55	0.22686264454594704
18.56	0.26352002572209876
18.57	0.24846379180541123
18.58	0.23760410308836175
18.59	0.23180487359616503
18.6	0.253406315579545
18.61	0.2206371143143642
18.62	0.2373294302009761
18.63	0.23072994186183635
18.64	0.2530912507190481
18.65	0.24082845216410997
18.66	0.22671773296275882
18.67	0.23908477205129733
18.68	0.2250697048478405
18.69	0.22328264224507546
18.7	0.23471726323908337
18.71	0.25968104357015287
18.72	0.22694833680784027
18.73	0.24588153926127898
18.74	0.23149297895241572
18.75	0.2189057377991591
18.76	0.22463219650863314
18.77	0.24929837575752897
18.78	0.23179793745514063
18.79	0.2174617011936855
18.8	0.21011575626115428
18.81	0.23040364324003196
18.82	0.2060551138438631
18.83	0.2259280400220533
18.84	0.21948319242157846
18.85	0.22028539517153772
18.86	0.2290131607008603
18.87	0.2147892167351101
18.88	0.21808586197189464
18.89	0.23787339050855302
18.9	0.2151738310124866
18.91	0.21694050176074553
18.92	0.2296213143170181
18.93	0.21394971954610856
18.94	0.2142412419237022
18.95	0.2088323188075583
18.96	0.2213708749235818
18.97	0.2162377193367771
18.98	0.21695709537977473
18.99	0.20575602103521654
19.0	0.21517438342464848
19.01	0.21663634142383292
19.02	0.21847534747021924
19.03	0.20859780223198518
19.04	0.20623849367489597
19.05	0.20677249718754856
19.06	0.21842002328993454
19.07	0.21136863458018065
19.08	0.21569983852110253
19.09	0.2128176435347052
19.1	0.19588949628447316
19.11	0.19048240107936656
19.12	0.1997973588613302
19.13	0.21388104732724422
19.14	0.19511569250763533
19.15	0.19602643987239057
19.16	0.19624188053101838
19.17	0.2098423059145119
19.18	0.2100464167716309
19.19	0.21584865839409687
19.2	0.21552770388485523
19.21	0.19792122100529577
19.22	0.2118898273296973
19.23	0.195268891801572
19.24	0.1970939175216714
19.25	0.2135592143583345
19.26	0.21168363639047033
19.27	0.2031231367018018
19.28	0.1858066733675374
19.29	0.18272398039755447
19.3	0.1871273410899057
19.31	0.20676250179097272
19.32	0.18863731209835946
19.33	0.21317672028153822
19.34	0.21691620534369585
19.35	0.19948359021026116
19.36	0.22442172378534808
19.37	0.2254321093687211
19.38	0.20254252060447914
19.39	0.2069145371207534
19.4	0.21496902037398874
19.41	0.2193289208324445
19.42	0.20162545527545567
19.43	0.21752594147905738
19.44	0.19498423922529654
19.45	0.20566133923560703
19.46	0.21371873080264964
19.47	0.223416949150537
19.48	0.2208910992893869
19.49	0.21615252997412437
19.5	0.2195586475060773
19.51	0.2181792778890838
19.52	0.22113254554580553
19.53	0.22709539399838372
19.54	0.229774159215657
19.55	0.2149813470810432
19.56	0.21968976160490628
19.57	0.21681280527199642
19.58	0.23734052253263963
19.59	0.24347577077675994
19.6	0.2297062561576508
19.61	0.21505929611396105
19.62	0.23786588372678102
19.63	0.25630011206985803
19.64	0.21681057925668817
19.65	0.25460469801203184
19.66	0.2298808573970597
19.67	0.23179169045347384
19.68	0.2225001565899621
19.69	0.25163850950869177
19.7	0.2515712095374956
19.71	0.2229175006825438
19.72	0.22930877271399439
19.73	0.24785831979512857
19.74	0.2234951697412624
19.75	0.2491402922774622
19.76	0.23854844334503283
19.77	0.24547196642130284
19.78	0.25139962031370505
19.79	0.24358479504524969
19.8	0.2301579172748545
19.81	0.23620142026345609
19.82	0.22906486121818928
19.83	0.2314102456950898
19.84	0.26292447053171825
19.85	0.2509251892566064
19.86	0.23449180457030772
19.87	0.24007862891760995
19.88	0.2565712533835536
19.89	0.24298692915804126
19.9	0.24937263631454046
19.91	0.24645485225838104
19.92	0.24643987356035701
19.93	0.2356391454666483
19.94	0.2439333218406928
19.95	0.2195716634746675
19.96	0.24369423922275651
19.97	0.21637795104879964
19.98	0.21505395714428632
19.99	0.24377225747164002
20.0	0.21966324677568572
20.01	0.21479590657763178
20.02	0.2227718676444958
20.03	0.22147390037633294
20.04	0.23183785821160377
20.05	0.20011567189287993
20.06	0.2236180179224279
20.07	0.22571433210374947
20.08	0.21351196237048667
20.09	0.22569373110510868
20.1	0.234613375571763
20.11	0.22767077362536683
20.12	0.2223486239091951
20.13	0.22002438177608696
20.14	0.22431590147749653
20.15	0.2080514245864294
20.16	0.19773332304494598
20.17	0.19864055171099018
20.18	0.2195472778941046
20.19	0.19370853093916313
20.2	0.1817164830684301
20.21	0.2232083241714098
20.22	0.19974817516822602
20.23	0.21072438092431384
20.24	0.2070752813369921
20.25	0.20532485726812594
20.26	0.18782154751316602
20.27	0.2004626541966725
20.28	0.1954163667700872
20.29	0.21394266508275506
20.3	0.2066304441838812
20.31	0.20463410499655607
20.32	0.21185837850355124
20.33	0.17488891484386226
20.34	0.1918174185848261
20.35	0.2194976108632872
20.36	0.20283332900598092
20.37	0.18243515556170653
20.38	0.21722275428509327
20.39	0.1890056221851343
20.4	0.20204228112456585
20.41	0.20840775623828536
20.42	0.21910775837813856
20.43	0.21461137725694882
20.44	0.1999526343728473
20.45	0.2055108610359258
20.46	0.19862859467042382
20.47	0.20005082943111074
20.48	0.20797975976791325
20.49	0.2050729426957411
20.5	0.1959686700314195
20.51	0.1928826562810565
20.52	0.1864233204652947
20.53	0.22252369726224053
20.54	0.23677231118061418
20.55	0.20767382620879163
20.56	0.19708096127807967
20.57	0.2130863514005968
20.58	0.2180418016180021
20.59	0.22096038595614045
20.6	0.23309267349663534
20.61	0.23778385800377125
20.62	0.22420280706097592
20.63	0.20487073631688246
20.64	0.20881677704364848
20.65	0.21432252722060893
20.66	0.2395446412316521
20.67	0.21975104994505668
20.68	0.22630172470097
20.69	0.21948873483366743
20.7	0.22341151891705985
20.71	0.21865578963661825
20.72	0.24025943425017546
20.73	0.22719300656789695
20.74	0.22673025887209056
20.75	0.23093374103452113
20.76	0.23548121951970843
20.77	0.22726977406507778
20.78	0.23846032041447263
20.79	0.23677561027783087
20.8	0.23007313150020703
20.81	0.22674294299445674
20.82	0.23301394508549902
20.83	0.2231710997053665
20.84	0.244037989017047
20.85	0.2302219880494027
20.86	0.23786380726881595
20.87	0.23822821062856647
20.88	0.2325956709240732
20.89	0.24729017057862707
20.9	0.23944830006055923
20.91	0.23970503122854853
20.92	0.24280641410503148
20.93	0.23484639633841103
20.94	0.2416240211680884
20.95	0.22023675998105868
20.96	0.24232345980488448
20.97	0.24288526606384095
20.98	0.23732091561631274
20.99	0.24549764166734583
21.0	0.2290815278721681
21.01	0.23746660896252633
21.02	0.23769758055332854
21.03	0.2505847173231128
21.04	0.23553032054185577
21.05	0.22564728560497427
21.06	0.24650177889733124
21.07	0.22578979800980642
21.08	0.2416358933720138
21.09	0.2172236473772272
21.1	0.22195941818253764
21.11	0.24933388983049778
21.12	0.23124158441143564
21.13	0.23101601699132487
21.14	0.23328949409391
21.15	0.21975946969985014
21.16	0.22709023730530656
21.17	0.22179219114499646
21.18	0.21699374158904705
21.19	0.23418028745065655
21.2	0.2286157949324529
21.21	0.2412139359793765
21.22	0.2145320151918356
21.23	0.20219352778234925
21.24	0.2178156798710093
21.25	0.21467264752753337
21.26	0.21384248250197874
21.27	0.2302230046775343
21.28	0.21169492286987387
21.29	0.21988398786626645
21.3	0.20615576750299147
21.31	0.21277581972415768
21.32	0.21778161911476776
21.33	0.2040626146033576
21.34	0.1977419471594117
21.35	0.21043305662025702
21.36	0.18999821945483245
21.37	0.212507435467469
21.38	0.1873285242259656
21.39	0.21385759058563703
21.4	0.19836890928261156
21.41	0.20550637463590674
21.42	0.22214539253890841
21.43	0.2093056571020492
21.44	0.18440345418511364
21.45	0.19267122625674798
21.46	0.21539108838169374
21.47	0.19669634222957186
21.48	0.19491437917566737
21.49	0.20998956005483857
21.5	0.20895512153308496
21.51	0.18696574269606547
21.52	0.20236356779868142
21.53	0.19732527109474537
21.54	0.2048493597107273
21.55	0.20260519710148167
21.56	0.20818853233362047
21.57	0.2023335914604577
21.58	0.19828959862613446
21.59	0.22297292828584786
21.6	0.19613846292209436
21.61	0.21105107832538894
21.62	0.2015002172497984
21.63	0.216613876675658
21.64	0.19837520923516686
21.65	0.22168451472792108
21.66	0.210817540334681
21.67	0.22837866593247616
21.68	0.21358964908901715
21.69	0.2091763362127894
21.7	0.2245876777178848
21.71	0.1975114435191667
21.72	0.2060446746535758
21.73	0.2229882448106279
21.74	0.22765431053829435
21.75	0.2118273594998479
21.76	0.21112700222709674
21.77	0.22425683666291316
21.78	0.21846605903225852
21.79	0.21835175657539366
21.8	0.2258404920748977
21.81	0.23688676137763326
21.82	0.2225100299299111
21.83	0.2207162561516037
21.84	0.23239392626639363
21.85	0.23704534911035247
21.86	0.2276250746966593
21.87	0.2366326220266465
21.88	0.22374152704333405
21.89	0.23655283924842319
21.9	0.22776265857582492
21.91	0.24152336576561761
21.92	0.22370926224232968
21.93	0.23344550822067506
21.94	0.22446824691495834
21.95	0.23494097018890572
21.96	0.2411470702412454
21.97	0.2435642130407931
21.98	0.24255327589509404
21.99	0.23274442027565462
22.0	0.2540962865553851
