10.0	0.2420758789069292
10.01	0.26118301273774086
10.02	0.23215554132695995
10.03	0.23628683105068632
10.04	0.2517817594254849
10.05	0.22514530245899603
10.06	0.2403605591317109
10.07	0.24798995650909994
10.08	0.25552196377756853
10.09	0.2533750811869147
10.1	0.2398755797244572
10.11	0.23581927863349514
10.12	0.23273598058408004
10.13	0.24963398406414927
10.14	0.24354204096848991
10.15	0.2361109916352627
10.16	0.22811646328914517
10.17	0.24133081004100826
10.18	0.23369052415478
10.19	0.25898024183463597
10.2	0.226640829994705
10.21	0.24189261668874829
10.22	0.24930839513478825
10.23	0.2413430137303497
10.24	0.2523658565301189
10.25	0.22995304347127934
10.26	0.24030794726320645
10.27	0.24928765912641163
10.28	0.23529300077663248
10.29	0.2500891732002832
10.3	0.2325454938036139
10.31	0.24198168902126685
10.32	0.24685666068158962
10.33	0.2506237863137058
10.34	0.25244573366525247
10.35	0.2411594545004052
10.36	0.22913527367495443
10.37	0.2680155322776879
10.38	0.24311117788403816
10.39	0.23944160035742984
10.4	0.23239421159647125
10.41	0.24004636132532287
10.42	0.24825981642512124
10.43	0.23882633142178286
10.44	0.2545937530696257
10.45	0.22274313113382505
10.46	0.24474213921149152
10.47	0.26526386971142896
10.48	0.23475382308923767
10.49	0.236253159367206
10.5	0.24948221720385003
10.51	0.24385787038148174
10.52	0.2536089137255978
10.53	0.23669166718094892
10.54	0.2434256761655605
10.55	0.23426691941012678
10.56	0.24867974400508666
10.57	0.2414751994424467
10.58	0.2544736131426958
10.59	0.26216495252544225
10.6	0.23245233530815285
10.61	0.2694364619035186
10.62	0.2534830469494572
10.63	0.24883821516472748
10.64	0.22307486462233114
10.65	0.23617675716746878
10.66	0.2466551017669562
10.67	0.24746818866676054
10.68	0.24196414144854447
10.69	0.2544183144033502
10.7	0.23749155999918098
10.71	0.24011347700038224
10.72	0.24266472644050713
10.73	0.2462165276961707
10.74	0.2405582015900989
10.75	0.23736051156582064
10.76	0.24956715108775057
10.77	0.22736595892839412
10.78	0.2507343421360246
10.79	0.23514014229964159
10.8	0.2450570949142412
10.81	0.2458972910944966
10.82	0.2452311854032961
10.83	0.24395215398202205
10.84	0.249432598144903
10.85	0.24156195582693407
10.86	0.2444180747109806
10.87	0.23009538504310156
10.88	0.22940784510954984
10.89	0.23479896951064258
10.9	0.26117853473722136
10.91	0.24082637895942074
10.92	0.23999693607663178
10.93	0.23192899373248532
10.94	0.2617648960191168
10.95	0.2763719834933619
10.96	0.24755745780593905
10.97	0.2526204387366166
10.98	0.2295457906174083
10.99	0.24134306589741927
11.0	0.23152140218671804
11.01	0.2498537805282929
11.02	0.2491013432734376
11.03	0.25151037248788694
11.04	0.23985916295852208
11.05	0.2450792967628986
11.06	0.2436262791400691
11.07	0.2520054418305236
11.08	0.25710587863073503
11.09	0.24367705841439738
11.1	0.2371237045742093
11.11	0.2503203300543274
11.12	0.2502942574188456
11.13	0.24535716881570352
11.14	0.23696529112623638
11.15	0.24839303683820013
11.16	0.25807648622363016
11.17	0.24538862614977486
11.18	0.2512377069102454
11.19	0.23647756066930892
11.2	0.23730167710737635
11.21	0.25461896271711
11.22	0.2443185206692823
11.23	0.2608976568647939
11.24	0.25435952970923403
11.25	0.234663741093351
11.26	0.2549825897823192
11.27	0.23510041646674268
11.28	0.24516778728647493
11.29	0.23999141236621874
11.3	0.24081294264689676
11.31	0.24395055697998239
11.32	0.2541946805140349
11.33	0.24788516894562773
11.34	0.25088090341597
11.35	0.23574676278817955
11.36	0.25315578276408635
11.37	0.2367107096676737
11.38	0.24885583930713523
11.39	0.2279182026357759
11.4	0.2411201678234504
11.41	0.23848171906479532
11.42	0.23675904566032188
11.43	0.24177535007552012
11.44	0.2384460119659334
11.45	0.2653497584493854
11.46	0.24192779351970495
11.47	0.24562500849959207
11.48	0.24305093278108525
11.49	0.2390897411946467
11.5	0.25111918901602276
11.51	0.25461928311930404
11.52	0.2399026293678052
11.53	0.24997843373438983
11.54	0.25682870215851133
11.55	0.2447243326445588
11.56	0.2335797971309239
11.57	0.24391977873454818
11.58	0.2426479359305589
11.59	0.2308623461648202
11.6	0.24924466088652444
11.61	0.2649860889482453
11.62	0.2519651842263028
11.63	0.24773483592330814
11.64	0.23314907998144224
11.65	0.24553060425100223
11.66	0.25079023840342
11.67	0.24458962796825706
11.68	0.2448025521764173
11.69	0.22509970092428191
11.7	0.248829599043931
11.71	0.23781448849337877
11.72	0.24668598450740142
11.73	0.23877692647895712
11.74	0.24535262023506657
11.75	0.24553517575955902
11.76	0.24777636735015882
11.77	0.2530234230800066
11.78	0.24637932428138692
11.79	0.24020934950277834
11.8	0.26667255115590144
11.81	0.25611276208616657
11.82	0.26207959524279206
11.83	0.23972704814829415
11.84	0.24963762455971397
11.85	0.23036285694706896
11.86	0.23765762522832812
11.87	0.24465637608221968
11.88	0.23618415626421302
11.89	0.24156684166873307
11.9	0.2564116413267427
11.91	0.2577547739076826
11.92	0.243589931885796
11.93	0.24229080590515537
11.94	0.24777277242614243
11.95	0.27361623176558725
11.96	0.23036463145331684
11.97	0.25245595217446504
11.98	0.25891078446957644
11.99	0.2359462200592299
12.0	0.25308706622830485
12.01	0.24392846420264122
12.02	0.2497537134582126
12.03	0.24207574388129632
12.04	0.26240303749102484
12.05	0.24106961027090687
12.06	0.23814017587989722
12.07	0.22628047126734474
12.08	0.24544547132569444
12.09	0.2604062455133444
12.1	0.2513018228954591
12.11	0.24422360769182805
12.12	0.24749095144849412
12.13	0.24786161046381464
12.14	0.23201645946002492
12.15	0.22332725730996206
12.16	0.2448548986995779
12.17	0.25595166490161386
12.18	0.2457305817402449
12.19	0.23673439351029446
12.2	0.2507280729960354
12.21	0.23973929447384246
12.22	0.24191813633710108
12.23	0.23806643477766742
12.24	0.2332733924683314
12.25	0.2399809763925438
12.26	0.25044225533605613
12.27	0.24400953579811002
12.28	0.23824867570324615
12.29	0.25536561268971064
12.3	0.25055180560897716
12.31	0.2334755145909519
12.32	0.26091394014874136
12.33	0.24577407534734033
12.34	0.24861226913170356
12.35	0.2451393650167252
12.36	0.25334784078535594
12.37	0.2506406883816344
12.38	0.25885053451315854
12.39	0.2532875315978102
12.4	0.25014394647131677
12.41	0.2347787915000576
12.42	0.26514091545058377
12.43	0.24994232249309128
12.44	0.24820149400722843
12.45	0.23991913121065594
12.46	0.2598728841039532
12.47	0.2621469654407974
12.48	0.2442295762990253
12.49	0.24937625717851572
12.5	0.24905828383975182
12.51	0.22934094128555182
12.52	0.23435473728205133
12.53	0.2303539041301953
12.54	0.22683463846350074
12.55	0.25180198899050843
12.56	0.23693602606461472
12.57	0.2491248121335252
12.58	0.23355986050314836
12.59	0.24434228190273635
12.6	0.2534478330397314
12.61	0.23558805612570036
12.62	0.2513020079824364
12.63	0.24521765627041758
12.64	0.25556125825118553
12.65	0.25044577315337613
12.66	0.23761565791804665
12.67	0.2636248927901627
12.68	0.24189068743378514
12.69	0.25797355527509813
12.7	0.24943127122516015
12.71	0.24745420115141578
12.72	0.24119099349399079
12.73	0.23749609249845194
12.74	0.23802951060204802
12.75	0.22298827846348768
12.76	0.23833935627004585
12.77	0.24879687820251964
12.78	0.24454420304180902
12.79	0.2544817861462893
12.8	0.24001275049409435
12.81	0.24549464756533027
12.82	0.23484004906492897
12.83	0.24368274552046268
12.84	0.23307068839853867
12.85	0.2561963521528496
12.86	0.21811319992734768
12.87	0.2483193384270989
12.88	0.23031444887666827
12.89	0.24036613745254493
12.9	0.2417925193981621
12.91	0.2510204149339386
12.92	0.25766515624789976
12.93	0.25779705045028356
12.94	0.2441075296995291
12.95	0.24311979019116675
12.96	0.2458238510250846
12.97	0.25566432933632965
12.98	0.24479515692038867
12.99	0.23091426487656935
13.0	0.24000292680095545
13.01	0.23431543281384648
13.02	0.23792236372170938
13.03	0.23753024249216131
13.04	0.2299156675322655
13.05	0.2471791542181994
13.06	0.23971701042869006
13.07	0.23539933427845325
13.08	0.24549401689825354
13.09	0.2485096597625469
13.1	0.23899475998621447
13.11	0.2460348029875947
13.12	0.2622091447062892
13.13	0.234914441172766
13.14	0.2272325626553365
13.15	0.2453344239753019
13.16	0.2525454660743324
13.17	0.2528905170648247
13.18	0.22997364097174355
13.19	0.25823155297305334
13.2	0.2518621299456058
13.21	0.25658554415195867
13.22	0.24999091923476505
13.23	0.24546846286254315
13.24	0.24688420721214852
13.25	0.24713282884586815
13.26	0.258344012586049
13.27	0.246347300482912
13.28	0.26254592548174094
13.29	0.23947265045019323
13.3	0.240073930147242
13.31	0.24473594651384692
13.32	0.24699651985061796
13.33	0.2521258247630055
13.34	0.25443185192370465
13.35	0.23457519176901298
13.36	0.24433909398290324
13.37	0.24025600781368317
13.38	0.23965426980920732
13.39	0.2477608339326517
13.4	0.2508655765265907
13.41	0.2405604241527509
13.42	0.24322028920773586
13.43	0.23262006086089707
13.44	0.2281605654157931
13.45	0.265761136078678
13.46	0.2380597020912754
13.47	0.24195457498010556
13.48	0.25036491241895625
13.49	0.24388298123121266
13.5	0.2366756834525875
13.51	0.25612363531706844
13.52	0.23976458312838586
13.53	0.23258304084327203
13.54	0.2591666921293361
13.55	0.23668359549174742
13.56	0.25005560356795375
13.57	0.22037844165744427
13.58	0.24665262424980014
13.59	0.24331011282230833
13.6	0.2492443405199093
13.61	0.21997915478922248
13.62	0.25713755296108265
13.63	0.2567027825197622
13.64	0.24675447809648748
13.65	0.24227383428403565
13.66	0.2500493632481245
13.67	0.2419767536235887
13.68	0.24481042465295316
13.69	0.24560375818184327
13.7	0.2527619094238898
13.71	0.24556450196869697
13.72	0.25898867581277907
13.73	0.2540661899564076
13.74	0.2442112233732895
13.75	0.26166634689149626
13.76	0.23727883999203805
13.77	0.25884913043127766
13.78	0.25682976800396273
13.79	0.21503270491134763
13.8	0.24057941900637517
13.81	0.24373169180722645
13.82	0.22660713678165867
13.83	0.23407185752580123
13.84	0.24575969004185982
13.85	0.25117798068233527
13.86	0.24007857534175328
13.87	0.24062389621815927
13.88	0.25691009292592704
13.89	0.24989995022876105
13.9	0.24032425111889505
13.91	0.24980396099044072
13.92	0.24534235495506615
13.93	0.25378534224320337
13.94	0.25285472496544126
13.95	0.23661825020948882
13.96	0.23402046444403196
13.97	0.25010067230766647
13.98	0.23997272789048504
13.99	0.23408483390318313
14.0	0.23580272443220102
14.01	0.2415260302991585
14.02	0.2614579435211865
14.03	0.24442357247213709
14.04	0.25141393809815377
14.05	0.24994592599691173
14.06	0.2546796561459316
14.07	0.23718158511554294
14.08	0.24783462684663102
14.09	0.23534316137399616
14.1	0.23829568401937257
14.11	0.2502502898621611
14.12	0.24206550538294952
14.13	0.24222258780040243
14.14	0.25094489520285435
14.15	0.24718777167248976
14.16	0.2525395633909111
14.17	0.2447287574259422
14.18	0.24604636218719905
14.19	0.24685522146891267
14.2	0.24457948423022666
14.21	0.2337639246210659
14.22	0.22616241149880995
14.23	0.22995704135004322
14.24	0.24981870259149813
14.25	0.2309001697674926
14.26	0.26158924793979754
14.27	0.2281920369564876
14.28	0.231010760820834
14.29	0.24103827596262814
14.3	0.2385892560805831
14.31	0.248601061996186
14.32	0.2558414582866918
14.33	0.23356963210673926
14.34	0.23927470701520143
14.35	0.24528208298121595
14.36	0.25519216464482203
14.37	0.2496876581412494
14.38	0.24496493107532658
14.39	0.259774438463707
14.4	0.22686380051281527
14.41	0.25560354262954094
14.42	0.24465981591528393
14.43	0.23529831735859458
14.44	0.2396405970148171
14.45	0.24651316305740728
14.46	0.24575795477967605
14.47	0.25574086667135704
14.48	0.23911559041833305
14.49	0.24463559015585043
14.5	0.23802304470067204
14.51	0.2561957017075421
14.52	0.2391291316309719
14.53	0.2564941806736074
14.54	0.24465294685750424
14.55	0.24332702629892472
14.56	0.2479335182143883
14.57	0.24509780967672584
14.58	0.2484174880990038
14.59	0.24001021914900708
14.6	0.2358296899123877
14.61	0.2442514434728219
14.62	0.26289881796976083
14.63	0.2537894763616061
14.64	0.25469196780441294
14.65	0.22854533259320933
14.66	0.24759674167584647
14.67	0.2318536068153197
14.68	0.23428970460932041
14.69	0.24219203935558695
14.7	0.2442535231110048
14.71	0.23557343441321388
14.72	0.2477846540606532
14.73	0.24582135256082918
14.74	0.23271636609814145
14.75	0.2299493270523845
14.76	0.2248899043350583
14.77	0.23216960173880807
14.78	0.24315744171340775
14.79	0.24742474987498084
14.8	0.2442343023369661
14.81	0.24187057711937715
14.82	0.22763604506348167
14.83	0.24794756587253441
14.84	0.24106127883848
14.85	0.26221000852872284
14.86	0.24729789250852557
14.87	0.24575626714252136
14.88	0.24381477983801714
14.89	0.24410043123676117
14.9	0.2464105113139777
14.91	0.2500193715142891
14.92	0.25868045186675426
14.93	0.2595134850196376
14.94	0.23915342078701118
14.95	0.2438338337015235
14.96	0.2358868391479903
14.97	0.25609855266669496
14.98	0.23582122996713972
14.99	0.23248076868162848
15.0	0.26555137143472574
15.01	0.24312019911275737
15.02	0.2492072614623862
15.03	0.23836148438661578
15.04	0.24056386586456252
15.05	0.24046409143437897
15.06	0.22413758996569141
15.07	0.23457134585994355
15.08	0.23433916165147867
15.09	0.23853164949429145
15.1	0.2305284809203287
15.11	0.2640294551307452
15.12	0.24563447541919314
15.13	0.239270952532056
15.14	0.22656759506805516
15.15	0.23889121621802067
15.16	0.23948411872791636
15.17	0.23529694306979285
15.18	0.2231331391166994
15.19	0.24829149843099407
15.2	0.23824830263119504
15.21	0.25728354083571253
15.22	0.2455723725874111
15.23	0.2622495761807881
15.24	0.2352143449940676
15.25	0.24315237506222556
15.26	0.23110318789634654
15.27	0.25784582616139823
15.28	0.22926557939034622
15.29	0.25586715297947416
15.3	0.2449629112245084
15.31	0.2443503680569848
15.32	0.2441561785762583
15.33	0.24885772526510172
15.34	0.247199172227223
15.35	0.23516282165115052
15.36	0.23769771645540347
15.37	0.24604472578211523
15.38	0.23338629697111005
15.39	0.24282868789999174
15.4	0.24265600325675107
15.41	0.26301092248068175
15.42	0.21887338543063395
15.43	0.2481140374563203
15.44	0.24412660965798844
15.45	0.22680625631965987
15.46	0.2542833966239293
15.47	0.24787072096536505
15.48	0.24633446286231295
15.49	0.23818891620191862
15.5	0.2598453984664511
15.51	0.25769464022116995
15.52	0.2553741051501507
15.53	0.2542227811378905
15.54	0.2456253112803441
15.55	0.2540997801055336
15.56	0.22412848563500162
15.57	0.26515526138027723
15.58	0.2538916639432599
15.59	0.22789055447894302
15.6	0.2519649746531635
15.61	0.2279152918209486
15.62	0.24252825377226955
15.63	0.2537602663686899
15.64	0.25155012474625665
15.65	0.23263749545888074
15.66	0.24502419197553046
15.67	0.2436673427003802
15.68	0.2321882415846621
15.69	0.24846022325616338
15.7	0.24963530489799626
15.71	0.25403283289955053
15.72	0.25496319053493127
15.73	0.24234977634667199
15.74	0.25049501957718084
15.75	0.25014565891850715
15.76	0.2232306141591529
15.77	0.24486410509964218
15.78	0.24866170916401792
15.79	0.2456145398570338
15.8	0.23746619373140732
15.81	0.23047184677937546
15.82	0.2617821136065826
15.83	0.24576055376214906
15.84	0.23652942097598936
15.85	0.24899180574441968
15.86	0.2090460783129966
15.87	0.24249529487441018
15.88	0.2579013458171164
15.89	0.24798565997130134
15.9	0.2506158682672056
15.91	0.24822102780333513
15.92	0.2252201284467778
15.93	0.25008727911772843
15.94	0.26210125824043023
15.95	0.23560754923552124
15.96	0.24910524850321922
15.97	0.22411366367670113
15.98	0.2442412137973414
15.99	0.2412526375352623
16.0	0.2289397541165002
16.01	0.2469449628607727
16.02	0.22919877177519196
16.03	0.234937663580861
16.04	0.25241812400549013
16.05	0.23958256324916932
16.06	0.23777228876220421
16.07	0.25735653867628344
16.08	0.2501794539097748
16.09	0.25361708865017607
16.1	0.26101348905637145
16.11	0.22467523561872765
16.12	0.23499063994870342
16.13	0.24283224409354548
16.14	0.24520703397204344
16.15	0.23980370867628045
16.16	0.24650195451865567
16.17	0.24449863652476528
16.18	0.25262199750539527
16.19	0.23708709131204267
16.2	0.2545178272909176
16.21	0.2442321700518922
16.22	0.2542835105681861
16.23	0.23429401371785596
16.24	0.25017996990548375
16.25	0.24052547817146047
16.26	0.2544617984592212
16.27	0.24059614082251984
16.28	0.23571856142089037
16.29	0.2306670402541551
16.3	0.24117245149572128
16.31	0.23311170944622361
16.32	0.261161442653641
16.33	0.24649197632558748
16.34	0.2269023852040678
16.35	0.24251605885702704
16.36	0.24047721658044063
16.37	0.25518821145336035
16.38	0.24438531676112732
16.39	0.24826491140826568
16.4	0.23336133556797223
16.41	0.21192688817167019
16.42	0.23573403051016603
16.43	0.23399663148230906
16.44	0.25918093658448993
16.45	0.23942168494046426
16.46	0.2378873441059432
16.47	0.2481227505302989
16.48	0.23238470045306567
16.49	0.2502480728587634
16.5	0.2335505647508686
16.51	0.24554930962890859
16.52	0.2345006561893982
16.53	0.2263132201838495
16.54	0.2348629538508801
16.55	0.24210436188901419
16.56	0.22980997852219165
16.57	0.2454110586835249
16.58	0.23065265595884465
16.59	0.25176200534904875
16.6	0.24084171841628882
16.61	0.2515610414434605
16.62	0.2518219927816911
16.63	0.24006586383741896
16.64	0.23680508405059641
16.65	0.24282597070410164
16.66	0.22956772471055545
16.67	0.2409023941613436
16.68	0.24362571786312656
16.69	0.2567104543526088
16.7	0.24613780499066673
16.71	0.24448487054947046
16.72	0.26082692755398
16.73	0.24098555619684509
16.74	0.24641732449603546
16.75	0.25089344193268387
16.76	0.24061450873119042
16.77	0.24152738905241433
16.78	0.23261392971829337
16.79	0.23630725304663736
16.8	0.2641914702785915
16.81	0.24710111413826702
16.82	0.2458243105433445
16.83	0.24267220591344726
16.84	0.2532216433457753
16.85	0.25533152334013215
16.86	0.24007218801100133
16.87	0.25462610150649295
16.88	0.24889702536977823
16.89	0.24664260994011966
16.9	0.2425148872851817
16.91	0.23345589734527167
16.92	0.24123872886740824
16.93	0.246502491564245
16.94	0.24412600399987255
16.95	0.2348996153144636
16.96	0.24263879646606695
16.97	0.23828106420760753
16.98	0.24110296016101923
16.99	0.2564247409679893
17.0	0.25863823355530424
17.01	0.25777087242153757
17.02	0.25608926865259285
17.03	0.24108223201766055
17.04	0.23773800060670192
17.05	0.24064006617475375
17.06	0.25486888918162576
17.07	0.22210831464327285
17.08	0.2096737375999928
17.09	0.2391686550459344
17.1	0.2535141893005428
17.11	0.2644438795978195
17.12	0.2207405165766018
17.13	0.23862375099025374
17.14	0.23651721136680814
17.15	0.2366898595129446
17.16	0.25607152238641784
17.17	0.2322763926325582
17.18	0.24468350709220385
17.19	0.25852058934133865
17.2	0.26594320077811995
17.21	0.25404708344363186
17.22	0.2457918696726883
17.23	0.2593797997985845
17.24	0.23356802502105004
17.25	0.234901162891381
17.26	0.24762819322982096
17.27	0.2407274249540341
17.28	0.2419929297701897
17.29	0.24712461339275732
17.3	0.2622353708092137
17.31	0.24346942377780573
17.32	0.24887037508918325
17.33	0.2251212827186519
17.34	0.24203739907483007
17.35	0.2223502424313435
17.36	0.2504051767170668
17.37	0.2384945752559356
17.38	0.24500114017914842
17.39	0.23556660898229737
17.4	0.23505979105768862
17.41	0.24076962766481821
17.42	0.2478256270733856
17.43	0.2546157529970481
17.44	0.23033298423802884
17.45	0.24619068164028576
17.46	0.2623811573974321
17.47	0.2469330628617607
17.48	0.23701826470366996
17.49	0.2366694509117715
17.5	0.25061744046826323
17.51	0.23907661403534405
17.52	0.24264352792918206
17.53	0.22921285874631267
17.54	0.2382421138189284
17.55	0.25161295977560316
17.56	0.2266850388493124
17.57	0.2311823521301242
17.58	0.24717838811062764
17.59	0.23394397598338723
17.6	0.2438433964875706
17.61	0.24690853902069823
17.62	0.23254044557876463
17.63	0.23600343693368153
17.64	0.2450086598633242
17.65	0.2384903370328736
17.66	0.2525281778267039
17.67	0.24138842368299138
17.68	0.2368674334853186
17.69	0.24116696021614978
17.7	0.25553040651703
17.71	0.25878818916556934
17.72	0.24568862257949156
17.73	0.260663175116153
17.74	0.2384901327701131
17.75	0.24141163224868079
17.76	0.25561541258191545
17.77	0.2502496450070149
17.78	0.2395419254806378
17.79	0.2451570136485112
17.8	0.22788427277635845
17.81	0.24107193441874664
17.82	0.24719911221544516
17.83	0.24559751129480809
17.84	0.24296984723985487
17.85	0.24664705404492265
17.86	0.2554287384645675
17.87	0.2580520153254727
17.88	0.23961671371983526
17.89	0.23636192727452998
17.9	0.21927444130472948
17.91	0.25328705431576665
17.92	0.2396681620946855
17.93	0.2355842111973063
17.94	0.2729760879764931
17.95	0.24595474694713235
17.96	0.253918235355745
17.97	0.25070534656660987
17.98	0.2166865862509711
17.99	0.2317879080854136
18.0	0.2526458085005758
18.01	0.2306330736096454
18.02	0.24626128742452022
18.03	0.23337044147614353
18.04	0.2511986715931826
18.05	0.2510902671351604
18.06	0.24319019519325727
18.07	0.24064040362932357
18.08	0.23090750599219267
18.09	0.25029469186131653
18.1	0.2392741401768003
18.11	0.24021219249479608
18.12	0.23859627211164228
18.13	0.24652269289531437
18.14	0.22649351718659716
18.15	0.25505593247490954
18.16	0.25114518188830515
18.17	0.2721822124665609
18.18	0.24944447237815598
18.19	0.24625913067679275
18.2	0.23558688598411812
18.21	0.23426179270927422
18.22	0.25334367331728896
18.23	0.24318557220504053
18.24	0.2513557030259018
18.25	0.24173900959527786
18.26	0.24502195127421378
18.27	0.24713764604252242
18.28	0.23919111863072615
18.29	0.2308355261448941
18.3	0.23792830502714968
18.31	0.2523399530544692
18.32	0.24463078379529776
18.33	0.23864807155393622
18.34	0.2476597211041665
18.35	0.2358123061048426
18.36	0.2428983527891637
18.37	0.24509352541557344
18.38	0.22526569409002412
18.39	0.2550498803135278
18.4	0.24130094653325357
18.41	0.23779392307471686
18.42	0.2399728281948558
18.43	0.2361412861530246
18.44	0.253288956832071
18.45	0.23729552342172416
18.46	0.24533132046978323
18.47	0.24237683455983464
18.48	0.2379442829677807
18.49	0.2364691684349557
18.5	0.253964261345166
18.51	0.2477795003946828
18.52	0.23701787126940768
18.53	0.24113478651024656
18.54	0.27220223530693377
18.55	0.22630344907486313
18.56	0.23867810341052748
18.57	0.24262177221445755
18.58	0.23938650745318207
18.59	0.23550869159310603
18.6	0.25029840863545744
18.61	0.23584706654458235
18.62	0.23344787546967052
18.63	0.24554986732234793
18.64	0.23497788732041908
18.65	0.24638808863646344
18.66	0.23319407950132878
18.67	0.23678623899908008
18.68	0.25319569671786896
18.69	0.2380557676112655
18.7	0.2424740694494217
18.71	0.24204965841024442
18.72	0.24521371243639323
18.73	0.24532801450038877
18.74	0.2505258933710763
18.75	0.23900782108007126
18.76	0.2570121875683543
18.77	0.24924090391086656
18.78	0.25162091436374867
18.79	0.2403981550262284
18.8	0.2532942523237917
18.81	0.24660607120785932
18.82	0.2535986536512499
18.83	0.2479119615955987
18.84	0.23406017133651846
18.85	0.2315206035021104
18.86	0.2403344516078588
18.87	0.24880636777652607
18.88	0.2474197401508403
18.89	0.2457853503638841
18.9	0.2533594482185593
18.91	0.25232896881854056
18.92	0.25033101736579816
18.93	0.26669803789209706
18.94	0.26590899552704383
18.95	0.2576043161181133
18.96	0.24393678169915756
18.97	0.2479473880990599
18.98	0.24178544334581098
18.99	0.23996293678015784
19.0	0.23821818527837935
19.01	0.2393282524696053
19.02	0.24616950976414503
19.03	0.24366163050417178
19.04	0.23838451874206182
19.05	0.23508783477725193
19.06	0.22854439713963712
19.07	0.2397706562668842
19.08	0.2595456587011715
19.09	0.2660351792943167
19.1	0.23329269373517308
19.11	0.258851198410867
19.12	0.23943746244790481
19.13	0.2505749024918306
19.14	0.25673349464625156
19.15	0.2611039469966984
19.16	0.25184859604381676
19.17	0.23820287394057382
19.18	0.2297371412630951
19.19	0.24707371720002394
19.2	0.2494521007037453
19.21	0.23477580076042576
19.22	0.2492039286076471
19.23	0.26350584088732387
19.24	0.2520760030699973
19.25	0.253837450652931
19.26	0.2617727080907958
19.27	0.2387375030573291
19.28	0.24127273314599773
19.29	0.25768813910184657
19.3	0.24341519282509722
19.31	0.2652810661546147
19.32	0.2424203251739381
19.33	0.23403297488089342
19.34	0.23234361027112904
19.35	0.231462377406326
19.36	0.23790029898331974
19.37	0.25456277796082555
19.38	0.22696242361274993
19.39	0.2374671612610282
19.4	0.2555351204133765
19.41	0.2615686008878866
19.42	0.250008401828817
19.43	0.25022787253360407
19.44	0.2393569763514608
19.45	0.2826034428237183
19.46	0.24818595939812182
19.47	0.23595909917291447
19.48	0.24644803274075458
19.49	0.23695980344459489
19.5	0.24313336511790437
19.51	0.248933362483092
19.52	0.23737680952189133
19.53	0.24221233364058775
19.54	0.2501821344860435
19.55	0.24174307812717605
19.56	0.2311479017775673
19.57	0.24971697020732989
19.58	0.24384220950043203
19.59	0.24123526289538397
19.6	0.24088743011808036
19.61	0.24515921364572327
19.62	0.2555060226301191
19.63	0.2556877211680368
19.64	0.2522178598712046
19.65	0.2499959031364032
19.66	0.24633551425222894
19.67	0.24656652016864003
19.68	0.24179329387840706
19.69	0.23728022218219239
19.7	0.24281487401271562
19.71	0.23012597189866013
19.72	0.2475605479232527
19.73	0.24130456238373005
19.74	0.24730484410991965
19.75	0.22685080658952378
19.76	0.24803092976907642
19.77	0.25577842288369723
19.78	0.25281383675303143
19.79	0.23033047946923177
19.8	0.24416432296170643
19.81	0.23615173318719057
19.82	0.2598816922750151
19.83	0.2723255414888
19.84	0.2580353753967864
19.85	0.2328501756697224
19.86	0.24141937191638344
19.87	0.24128945056717793
19.88	0.2526765390954639
19.89	0.24083137946933195
19.9	0.25433720127434994
19.91	0.2494587271016276
19.92	0.24096769572804352
19.93	0.23902556311993262
19.94	0.23340850427474152
19.95	0.23489992109416127
19.96	0.24901525463983346
19.97	0.25103600740045384
19.98	0.25768563789385646
19.99	0.2258347817094209
20.0	0.24802545771302975
20.01	0.23507964012010532
20.02	0.24707320409356112
20.03	0.2519093208432269
20.04	0.24558056663076963
20.05	0.26296477361686166
20.06	0.2451352317030105
20.07	0.24927605094880062
20.08	0.24050231944874714
20.09	0.22897217546525644
20.1	0.25830790849037516
20.11	0.2557493614186359
20.12	0.26114476234608
20.13	0.2539679580443661
20.14	0.2459344534759321
20.15	0.2392128743843325
20.16	0.23760137129703676
20.17	0.2272469253932749
20.18	0.25501617241917496
20.19	0.2516189188310114
20.2	0.243563519381946
20.21	0.2563008426158199
20.22	0.2363454333979882
20.23	0.2396635610490313
20.24	0.25613099818488194
20.25	0.2407935937294812
20.26	0.24258919053449257
20.27	0.2443762163719554
20.28	0.24599724289507766
20.29	0.24422333258584175
20.3	0.2571316471039924
20.31	0.2305545506054796
20.32	0.24554684660889656
20.33	0.2502727358548403
20.34	0.24303072438959175
20.35	0.25793851689917696
20.36	0.24710551576570647
20.37	0.23571852379336164
20.38	0.253141417478592
20.39	0.23546847371144444
20.4	0.2393712442158904
20.41	0.2479793432191799
20.42	0.22268295754114026
20.43	0.23856566676469007
20.44	0.23338464289640953
20.45	0.24056652745550924
20.46	0.2569498512858011
20.47	0.23709216728060192
20.48	0.23779825881676642
20.49	0.2432207450283871
20.5	0.2415352788542027
20.51	0.23625041656140783
20.52	0.23010483747684535
20.53	0.23466181531327357
20.54	0.24837815256075704
20.55	0.2442147957097826
20.56	0.24768612095804682
20.57	0.24490872798854654
20.58	0.2592773895019884
20.59	0.2579795879759242
20.6	0.24802028301840295
20.61	0.26357089195904554
20.62	0.25669505540846976
20.63	0.24417540000263824
20.64	0.2558977558867135
20.65	0.23594136159155848
20.66	0.24500174513180054
20.67	0.25575815504662097
20.68	0.24404532364996076
20.69	0.24510831291196714
20.7	0.2486605178698903
20.71	0.2554347576546302
20.72	0.23344272832376117
20.73	0.24556472952085306
20.74	0.22523724853405366
20.75	0.2551558720834228
20.76	0.24484602948213452
20.77	0.23714105778205852
20.78	0.2429299720563426
20.79	0.24518361054400756
20.8	0.23969839171691307
20.81	0.2318726532814029
20.82	0.2542114557642614
20.83	0.25155805877064236
20.84	0.267428903738461
20.85	0.2608122105102112
20.86	0.23859715671879378
20.87	0.24889529959524304
20.88	0.22907959764838803
20.89	0.2450401970862294
20.9	0.25472113507269645
20.91	0.2444848782147174
20.92	0.241337791022339
20.93	0.24941949395594534
20.94	0.23665364044981949
20.95	0.222259829039213
20.96	0.23976666802791075
20.97	0.2341702970701917
20.98	0.23310086882161452
20.99	0.25118280163763385
21.0	0.24761487972462135
21.01	0.2580934885161133
21.02	0.23561270895533293
21.03	0.23772624747598645
21.04	0.25429232636535143
21.05	0.22571502995850842
21.06	0.24610429725194696
21.07	0.24490339270643607
21.08	0.215518436163078
21.09	0.2427486432844463
21.1	0.25136530295931525
21.11	0.26436170312771534
21.12	0.24254436171928276
21.13	0.2476331320975268
21.14	0.23858599321314922
21.15	0.2346737888058269
21.16	0.2403989636995313
21.17	0.24373101102574327
21.18	0.2512946494379356
21.19	0.24984781556333252
21.2	0.24071566361604035
21.21	0.2441649478892278
21.22	0.2544084997983395
21.23	0.23985840461321825
21.24	0.23517023739604215
21.25	0.23788081948146597
21.26	0.2508337462889447
21.27	0.2471228349677088
21.28	0.2515710778328568
21.29	0.24869891038538774
21.3	0.23727983490572105
21.31	0.23581145000210837
21.32	0.23472827704176877
21.33	0.26339156162211796
21.34	0.2300342983277861
21.35	0.25205395108894685
21.36	0.2547415439325281
21.37	0.23477115262113696
21.38	0.24380914471353654
21.39	0.25106798031907973
21.4	0.24105681397209575
21.41	0.23792185474649985
21.42	0.24116932397327157
21.43	0.2607653728945939
21.44	0.2513803807541284
21.45	0.24541385343428632
21.46	0.2537437343179919
21.47	0.23541858281096817
21.48	0.23247780112990699
21.49	0.24101725972062524
21.5	0.23725209698946537
21.51	0.23938118804707964
21.52	0.26028896819804254
21.53	0.2562405884138689
21.54	0.25098420663915133
21.55	0.2505860829832703
21.56	0.2551654956841035
21.57	0.2482971050726234
21.58	0.24579126528141496
21.59	0.24872784853827978
21.6	0.24190511881410767
21.61	0.22268428405485002
21.62	0.2560847488050577
21.63	0.2468300951932953
21.64	0.2434977368379432
21.65	0.25297973592680634
21.66	0.24025302481996844
21.67	0.23825161741668932
21.68	0.25310795640169287
21.69	0.24115620734703683
21.7	0.21868343260054962
21.71	0.25683337483101665
21.72	0.24575508915870437
21.73	0.2368958982300534
21.74	0.2535031507121923
21.75	0.2523849497221757
21.76	0.23431948546660833
21.77	0.2584333545653228
21.78	0.2471126962774923
21.79	0.2349658018094773
21.8	0.24356240478761543
21.81	0.2507470494481755
21.82	0.2504244580368931
21.83	0.2362546331127471
21.84	0.25224162386498483
21.85	0.233935017264623
21.86	0.25484207936197184
21.87	0.24618525140205905
21.88	0.24113956802890368
21.89	0.2348448596879948
21.9	0.22872635114179793
21.91	0.2306021718547774
21.92	0.2578251204377903
21.93	0.24107270670352549
21.94	0.24559197832761248
21.95	0.24741914080515076
21.96	0.2534872251463139
21.97	0.23653295547683353
21.98	0.23555710952944287
21.99	0.23959472414629507
22.0	0.2441118860921671
