10.01	5.098154781380997
10.02	5.107259469554925
10.03	4.889354663016792
10.04	4.694822651012713
10.05	3.7313714110011893
10.06	3.732253130786574
10.07	3.7271495308997955
10.08	3.5360517866780996
10.09	3.1495127642161407
10.1	2.959607241540766
10.11	2.750409541588623
10.12	2.3589737847892724
10.13	2.368955088612546
10.14	2.3466326716701937
10.15	2.3434857838799528
10.16	1.9722308583817179
10.17	1.5730753447466115
10.18	1.557908500639805
10.19	1.3763072354791033
10.2	1.1852929264548593
10.21	1.1675789115431918
10.22	0.5982960282441938
10.23	0.9890090859032195
10.24	0.7806611098220357
10.25	0.5936712525330438
10.26	0.5819282564308897
10.27	0.595356164932876
10.28	0.5968680414553733
10.29	0.5990285698617065
10.3	0.5935161539746341
10.31	0.6189584629187147
10.32	0.5801850331195263
10.33	1.355569374364844
10.34	0.5782157559481473
10.35	1.5846205496933923
10.36	1.5713045086747035
10.37	1.9570706439258647
10.38	1.7575331036510686
10.39	2.357844107678145
10.4	2.3604356134712523
10.41	2.560139785877346
10.42	3.1425616574754303
10.43	3.1625975075298123
10.44	3.311810627985679
10.45	3.74170650587722
10.46	4.307284728525469
10.47	4.331948849791005
10.48	4.9108241220479485
10.49	5.105449871720328
10.5	5.710222150640078
10.51	6.30008008393781
10.52	6.480330737898419
10.53	6.66834619473618
10.54	6.87489743955081
10.55	7.850195771376179
10.56	8.054386136583107
10.57	8.623127914938507
10.58	9.031966423087502
10.59	9.414512240792705
10.6	10.01505875618972
10.61	10.601063983551578
10.62	11.17962444844489
10.63	11.601567570085546
10.64	11.78268925989085
10.65	12.576104041950341
10.66	12.778052314585436
10.67	12.968975285597452
10.68	13.153575946523917
10.69	14.156995159352158
10.7	14.725608680227255
10.71	15.132927069650215
10.72	15.33683523323923
10.73	15.710978539453727
10.74	15.902506772223875
10.75	16.305354261076182
10.76	16.30660149940182
10.77	17.282199258440613
10.78	17.49745418040312
10.79	17.863404661383246
10.8	18.064898121280883
10.81	18.86173520464877
10.82	18.668460066250734
10.83	19.062891675187558
10.84	19.068586551882927
10.85	19.434777267732382
10.86	19.453822877557617
10.87	20.042764858527296
10.88	20.05078097338539
10.89	20.243978534730473
10.9	20.233704109130187
10.91	20.627539407809273
10.92	20.642305642394025
10.93	20.83252186597857
10.94	21.201910562295275
10.95	21.22050532806537
10.96	21.407521171504545
10.97	21.19341018682757
10.98	21.01118738773405
10.99	21.234775703525703
11.0	21.21928959976498
11.01	21.224433061814544
11.02	20.831661962800272
11.03	20.838828386939948
11.04	20.629363382968165
11.05	20.43340517296855
11.06	20.456291295024986
11.07	20.030832359534887
11.08	20.429510332379284
11.09	19.82380750805087
11.1	19.458411763118306
11.11	19.445915753194615
11.12	19.265835209029138
11.13	19.2319215811946
11.14	18.87349231113549
11.15	18.665770482835615
11.16	18.071013590810324
11.17	17.872140354917548
11.18	17.70100892099306
11.19	17.28534272155458
11.2	16.71499937256182
11.21	16.319954842009164
11.22	16.298413690320274
11.23	15.720390467432237
11.24	15.324385266777735
11.25	14.933232223916521
11.26	14.1591183924226
11.27	14.346928056921987
11.28	13.150113213748103
11.29	13.158355229818918
11.3	12.773406667407734
11.31	12.582117244560093
11.32	11.59961424531323
11.33	11.405562699729838
11.34	11.211577376263131
11.35	10.621154656212566
11.36	10.039044703571447
11.37	9.822062757305595
11.38	9.424921826375101
11.39	8.855195874562742
11.4	8.257485135776054
11.41	8.246081743219113
11.42	7.86427728790419
11.43	6.888912516352981
11.44	6.873424827849017
11.45	6.694833998530927
11.46	6.287094297484164
11.47	6.280118533710857
11.48	5.505746335202742
11.49	5.310495532342991
11.5	5.101031391262024
11.51	4.710894514959656
11.52	4.335800380335929
11.53	3.7324892721784964
11.54	3.7341254973257545
11.55	3.73973637424622
11.56	3.328090337541147
11.57	3.3326101592178916
11.58	3.1509898609437506
11.59	3.1440383477730705
11.6	2.9434645231487027
11.61	2.555528402284977
11.62	2.3717955003513
11.63	2.355620593435607
11.64	2.1821807881561397
11.65	1.98513484370095
11.66	1.9511636193677488
11.67	1.7679178260086095
11.68	1.9638581656276193
11.69	1.7585043520055896
11.7	1.7589702715016786
11.71	1.566188875729748
11.72	1.5630617414205183
11.73	1.5669745870548908
11.74	1.7830504056015346
11.75	1.5822789169694573
11.76	1.9638369512814988
11.77	1.759222708414028
11.78	1.961772771774155
11.79	1.9664466044139557
11.8	1.9442745974350268
11.81	2.34942485934702
11.82	2.3628392602505106
11.83	2.3386629899655365
11.84	2.7498113263337305
11.85	2.9502063209539586
11.86	3.15167729890444
11.87	3.136675287447126
11.88	3.5382033556773114
11.89	3.5420393510855708
11.9	3.732110203056508
11.91	3.7324544243103106
11.92	3.7294060881029485
11.93	4.710620336616777
11.94	5.10429394668122
11.95	5.102393649453194
11.96	5.502378418591612
11.97	5.681284794614047
11.98	5.884221074242596
11.99	6.296276666612774
12.0	6.481402160838983
12.01	6.879496974120611
12.02	7.252010176143984
12.03	7.854068978250487
12.04	8.036418173045163
12.05	8.449783277110157
12.06	8.64020121992273
12.07	9.430110575426342
12.08	9.443249751917794
12.09	9.81693841044656
12.1	10.031200520411543
12.11	10.018215763372964
12.12	10.607431876378872
12.13	11.005366921314216
12.14	11.192259902062435
12.15	11.788370255161231
12.16	12.174669867264477
12.17	12.568007676666582
12.18	12.760259815217402
12.19	12.769182657511239
12.2	13.158164463288587
12.21	13.750932013285887
12.22	13.17027139008187
12.23	14.128816716801865
12.24	14.327482093397657
12.25	14.541947839507602
12.26	14.93734674331883
12.27	15.125443947444216
12.28	15.123694199339708
12.29	15.70888820019951
12.3	15.730712601856242
12.31	16.109468170359396
12.32	16.307713128906403
12.33	16.30606082158347
12.34	16.31239479790482
12.35	17.095197994160788
12.36	17.288861625314922
12.37	17.280393706799043
12.38	17.284982233668355
12.39	17.47559887240259
12.4	17.482784120118197
12.41	17.694524709181895
12.42	17.685227148132668
12.43	17.696194534227242
12.44	17.491639372815285
12.45	17.67534692904995
12.46	18.055396381578518
12.47	17.476440863870195
12.48	17.881441302795913
12.49	17.496155613553096
12.5	17.4789105471787
12.51	16.911339966632937
12.52	17.094938166787372
12.53	16.699256152112063
12.54	16.313458704454423
12.55	16.305499512092048
12.56	16.297371965670365
12.57	16.12061780868071
12.58	15.723361133072347
12.59	15.727051661145222
12.6	15.122274944809782
12.61	14.934938369369068
12.62	14.53181230743344
12.63	13.773851039478707
12.64	13.158572783009543
12.65	13.180162337353602
12.66	12.775708483603696
12.67	12.788072639416253
12.68	11.807787027431129
12.69	11.593728413495956
12.7	11.384847972992672
12.71	10.810714983631279
12.72	10.417440351542902
12.73	10.018957057044949
12.74	9.809707392999774
12.75	9.436284300469197
12.76	8.642534778490925
12.77	8.636294350792891
12.78	8.033852751786696
12.79	7.477879160042811
12.8	7.265721768397716
12.81	6.878520134165465
12.82	6.28095638639013
12.83	5.88785444162938
12.84	5.7016825703356195
12.85	5.497537006086701
12.86	5.107135604093211
12.87	5.111778956231978
12.88	4.702852366549595
12.89	4.3160985242291785
12.9	3.733059749305103
12.91	3.7425266711729424
12.92	3.5632760791718523
12.93	3.1443305386248293
12.94	2.9341619155499
12.95	2.5638642916609555
12.96	2.356799407713675
12.97	2.165236043727958
12.98	1.9642244148219499
12.99	1.7694745635676683
13.0	1.5634279450243322
13.01	1.7559971346664387
13.02	1.5695902308569303
13.03	1.3724354494185456
13.04	1.189701159323072
13.05	0.603768199135943
13.06	0.8033872930969916
13.07	1.1838074350224952
13.08	1.1647030474262638
13.09	0.5906305600483953
13.1	1.1837153560935283
13.11	1.1755828939222694
13.12	1.1863053601977935
13.13	1.1673680408886191
13.14	1.1788415908452574
13.15	1.36387878304797
13.16	1.1687659468408798
13.17	1.1753649275291775
13.18	1.5730750402850453
13.19	1.37367578209194
13.2	1.9780175859215394
13.21	1.9713129502271636
13.22	2.358784529563127
13.23	2.3624152277815025
13.24	2.3690656557039644
13.25	2.746303247124154
13.26	2.7454276029165467
13.27	2.7441321814538613
13.28	3.53484063413861
13.29	3.5419507589607293
13.3	3.531419946866983
13.31	3.5320730843581134
13.32	4.321084476140387
13.33	4.718949760633191
13.34	5.095811720725955
13.35	5.1109315937052635
13.36	5.503916104634344
13.37	5.885113928876607
13.38	5.8988219469735075
13.39	6.489693594663677
13.4	6.872844431449856
13.41	7.4834106983835245
13.42	7.849417367820951
13.43	8.239568006972918
13.44	8.631714098953513
13.45	9.03375191628273
13.46	9.43590554624458
13.47	10.023788477501057
13.48	10.60343168925396
13.49	10.994515759750286
13.5	11.39451427250375
13.51	12.19013787491496
13.52	12.363704844910066
13.53	12.96474283995153
13.54	13.1556282581616
13.55	13.7520571574687
13.56	14.541871175463324
13.57	14.536487512251858
13.58	15.339626673651324
13.59	15.908792865199338
13.6	16.308074569664154
13.61	16.298609149892858
13.62	17.276712206398784
13.63	17.680412336838373
13.64	18.49259379263199
13.65	18.677567815065895
13.66	19.251371192580923
13.67	19.449533393607076
13.68	20.02404560681217
13.69	20.035415290078003
13.7	20.23928532939331
13.71	20.828672143570497
13.72	20.835457904832285
13.73	21.194735314175784
13.74	21.2288254542409
13.75	21.6237958142547
13.76	21.419167975424234
13.77	21.60991995551565
13.78	21.606544027907844
13.79	22.013637145628564
13.8	21.607910945668152
13.81	21.60824316549912
13.82	21.596809382410807
13.83	21.612347394059775
13.84	21.41838718277258
13.85	21.215503032860575
13.86	20.817465269619827
13.87	20.823095694878834
13.88	20.228328554946803
13.89	20.03670957944275
13.9	19.44373462724619
13.91	19.265705580714474
13.92	19.249719744963134
13.93	18.46970138626467
13.94	18.07918368443663
13.95	17.673719775397494
13.96	17.47589509497598
13.97	16.7075909183535
13.98	16.275844592717814
13.99	16.107599225265396
14.0	15.321969762231124
14.01	15.128837091653953
14.02	14.1493172717497
14.03	13.761263708895374
14.04	13.156044506359702
14.05	12.784792454776317
14.06	12.199023257338187
14.07	11.39754871043536
14.08	10.993857571148286
14.09	10.620372436589054
14.1	9.812399331044844
14.11	9.810234751244915
14.12	9.026697584554045
14.13	8.252549370352243
14.14	7.859448262313346
14.15	7.467859152333872
14.16	6.877338792537481
14.17	6.6950439151073216
14.18	6.297999003194937
14.19	5.504190024838016
14.2	5.4977154680699725
14.21	4.712502932589632
14.22	4.532130650225735
14.23	3.723546220575797
14.24	3.7275205549309174
14.25	3.5316669314891955
14.26	3.1619084559132364
14.27	2.7313308495401367
14.28	2.3611575436980794
14.29	2.362967694966343
14.3	1.9650513346435614
14.31	1.9507177007763732
14.32	1.5773958795198368
14.33	1.5839872195602842
14.34	1.1803670091154486
14.35	1.174523972169257
14.36	0.7742946892865775
14.37	0.5964234119338324
14.38	1.1711508069307917
14.39	0.6126238709090586
14.4	1.0079069125176618
14.41	0.5982410507349476
14.42	1.1640307004366723
14.43	1.1939280147769014
14.44	1.1782488980025034
14.45	1.1810839039303915
14.46	1.1843997087988023
14.47	1.5814640395593285
14.48	1.2013308196411372
14.49	1.5661058802582173
14.5	1.570719502110857
14.51	1.9610460123875635
14.52	1.9634916630906694
14.53	1.9576499434578307
14.54	2.3394351488991747
14.55	2.567706084019917
14.56	2.7618485577085043
14.57	2.7535128721393725
14.58	3.1327152549141237
14.59	3.554952362268192
14.6	3.516919057188496
14.61	3.7255814409064087
14.62	4.328763664231891
14.63	4.309649502909518
14.64	4.712049150738195
14.65	5.114842155618415
14.66	5.504138897907327
14.67	5.511933647557344
14.68	6.282366474295453
14.69	5.899158487592204
14.7	6.290038143904862
14.71	6.45897783764564
14.72	6.899660653063361
14.73	7.46332705858045
14.74	7.866855573879857
14.75	7.853316616631905
14.76	8.637769281737185
14.77	8.633185614685022
14.78	9.021235317077519
14.79	9.804145593348315
14.8	9.82139084207491
14.81	10.035317452675761
14.82	10.61729459004586
14.83	10.975314361210373
14.84	11.001975452092578
14.85	11.590655468955115
14.86	12.179217236290743
14.87	12.192776585791778
14.88	12.573350775610129
14.89	12.974049524248686
14.9	13.156426441981443
14.91	13.773823613094008
14.92	14.147019839048534
14.93	14.73354718223499
14.94	14.926457892136316
14.95	15.327553215441714
14.96	15.71863690668224
14.97	16.08787401100305
14.98	16.09999896403385
14.99	16.89302128265974
15.0	17.29152673077389
15.01	17.286442829624658
15.02	18.059786988582825
15.03	18.069575950490513
15.04	18.06375792351303
15.05	18.461854916426994
15.06	18.865491855757433
15.07	19.26493696496484
15.08	18.87754154595231
15.09	19.256693883034508
15.1	19.263596850032755
15.11	19.26486597032483
15.12	19.244532555887364
15.13	19.44978917792627
15.14	19.43914197825367
15.15	19.254185328520805
15.16	19.250619939426862
15.17	19.25596987980579
15.18	19.055886902613132
15.19	19.25770749436143
15.2	18.66229087995903
15.21	18.473740555327442
15.22	18.063248124416386
15.23	18.102322750707792
15.24	17.292743880497166
15.25	17.266608983650322
15.26	17.29471989813338
15.27	16.313017696478383
15.28	16.115868002032048
15.29	16.095847458034523
15.3	15.710961697382407
15.31	15.131701336515832
15.32	14.555925084241393
15.33	14.14337971941187
15.34	13.748819236626096
15.35	13.160541434916976
15.36	12.763879364999854
15.37	12.166772150231663
15.38	12.171979984453337
15.39	11.211116718936019
15.4	10.989164711221814
15.41	10.017701072544089
15.42	10.027151286875894
15.43	9.622605675495366
15.44	9.034395798202462
15.45	8.64352092465767
15.46	7.876323245418295
15.47	7.4707944232701
15.48	6.8860544810877675
15.49	6.673522809717351
15.5	6.2913539408117956
15.51	6.303269165145746
15.52	5.096770410855814
15.53	5.11655497686133
15.54	4.534923964780706
15.55	4.335676667818558
15.56	3.5436794511020535
15.57	3.5264526704622647
15.58	3.546610550320925
15.59	2.947721451743846
15.6	2.7559457546222945
15.61	2.153005437708296
15.62	1.9622473327907637
15.63	1.9723950175871405
15.64	1.571232024565332
15.65	1.4065283261491939
15.66	1.1776207772225848
15.67	1.1718708353988123
15.68	0.5939427923658334
15.69	0.3828718757777306
15.7	0.604485884129634
15.71	0.18756187574813693
15.72	0.38029586631175993
15.73	-0.008899654627480654
15.74	0.395115516477515
15.75	0.393058388161265
15.76	0.2110949183562443
15.77	0.011157213068803096
15.78	0.17089453815730432
15.79	0.39293612578816
15.8	0.0006617682772031277
15.81	0.5779090091986223
15.82	0.5876384493271763
15.83	0.4078393964241291
15.84	0.6005455413486824
15.85	0.5846801106511904
15.86	0.600929918098344
15.87	0.5984016570480694
15.88	1.1862253836886456
15.89	1.5479268972529736
15.9	1.3645353565019436
15.91	1.9513699545338485
15.92	1.9660031475137514
15.93	2.34740633305251
15.94	2.7347021164887546
15.95	2.7428906853725983
15.96	3.133626731196395
15.97	3.525072324466353
15.98	3.534689782506329
15.99	3.546050092690929
16.0	3.734176625973323
16.01	4.514027734844301
16.02	4.7042523030292225
16.03	5.112252091133226
16.04	5.117148925467313
16.05	5.507607963177799
16.06	5.900169543829677
16.07	6.686882513868005
16.08	6.879000645686247
16.09	6.874831751816878
16.1	7.874912052289188
16.11	8.244254209709533
16.12	8.645986810189358
16.13	9.0372990713853
16.14	9.035059004921415
16.15	9.841666958907211
16.16	10.02498263681549
16.17	10.806439167772162
16.18	10.994271281638442
16.19	11.417891597701002
16.2	11.779683988164154
16.21	12.177677877163163
16.22	12.58523568265988
16.23	12.960567757426633
16.24	13.164408539759226
16.25	13.752029909794857
16.26	14.153381498137419
16.27	14.558401515662277
16.28	14.934666909249165
16.29	15.313961137203727
16.3	15.718441803506469
16.31	15.710243796096549
16.32	16.10780461090039
16.33	16.31406653046068
16.34	16.310697500274333
16.35	16.304696630733826
16.36	17.292234838175677
16.37	17.289851253952207
16.38	17.298506910222766
16.39	17.28855036099874
16.4	17.46935918051801
16.41	17.67031748117985
16.42	18.074942104024675
16.43	17.66372160278041
16.44	18.07297304676135
16.45	18.062268544246887
16.46	18.073887984970096
16.47	18.06184873438632
16.48	18.06257757410933
16.49	18.05932480725254
16.5	18.084570824687212
16.51	18.075548849596732
16.52	18.063725848960868
16.53	18.068689827919364
16.54	18.27422367692332
16.55	18.07173322593243
16.56	17.875980022652076
16.57	17.486484825243096
16.58	17.487643408384884
16.59	17.295448863964396
16.6	16.88583502219155
16.61	16.920483359005765
16.62	16.30936386299191
16.63	16.3158623649695
16.64	16.313054112700883
16.65	15.906167870260282
16.66	15.931009443565165
16.67	15.135168412216705
16.68	15.528152214809298
16.69	15.109345181791863
16.7	14.923093145588522
16.71	14.133904954256572
16.72	13.165275946356092
16.73	13.15452693836678
16.74	12.769416237686785
16.75	12.578937210725941
16.76	11.971996348092905
16.77	11.790174326687156
16.78	11.19420612871999
16.79	10.02658197165887
16.8	10.023717776090011
16.81	9.6177249476681
16.82	9.429318155795594
16.83	8.84715330818802
16.84	8.454869617448384
16.85	7.859354249623662
16.86	7.860157515584584
16.87	6.848249782286472
16.88	6.484742856733084
16.89	6.284266870582277
16.9	5.706924908681205
16.91	5.494919663781989
16.92	4.930411136937884
16.93	4.7206484243943425
16.94	3.726920164555616
16.95	3.550785917810784
16.96	3.532542681966367
16.97	3.3511435231700375
16.98	3.1266254795959223
16.99	2.7409533741448047
17.0	2.5539774378467404
17.01	1.9640991246353623
17.02	1.7716697294557282
17.03	1.7663753600486962
17.04	1.7749424256747426
17.05	1.5487985543923333
17.06	1.192173409165015
17.07	0.5838657138562107
17.08	0.5905778334573972
17.09	0.6004013699858131
17.1	0.5866611392676203
17.11	0.5907447053647178
17.12	0.589126048178739
17.13	0.5925589901131453
17.14	0.40125644840776964
17.15	0.5906565145501711
17.16	0.5792287371690245
17.17	0.589518164101983
17.18	0.5780143194250011
17.19	0.20642130213984553
17.2	0.7941614871731651
17.21	0.6025649746797184
17.22	0.6032638328082075
17.23	0.5957301221194893
17.24	1.553508546726581
17.25	1.1864333652656278
17.26	1.167501184974325
17.27	1.5849259394389794
17.28	1.5687133629373062
17.29	1.9634164014162923
17.3	1.7651107997668911
17.31	1.9592551535508023
17.32	2.365039935433633
17.33	2.755127682814488
17.34	3.134915025507088
17.35	3.1253803993593805
17.36	3.3360289391028783
17.37	3.539179348715124
17.38	3.7305285812883255
17.39	4.314844013950425
17.4	4.716717895323937
17.41	4.900954515380367
17.42	5.495050268773341
17.43	5.706768043483495
17.44	6.292950806520911
17.45	6.299197856136202
17.46	6.864596267588433
17.47	6.864468569892941
17.48	7.6538453868292935
17.49	8.271333840072161
17.5	8.646791885330373
17.51	9.417687963170719
17.52	9.432173783006771
17.53	9.819310216106828
17.54	10.0240749107827
17.55	11.002057528105713
17.56	11.010868883843457
17.57	11.407101514796807
17.58	11.981318897316953
17.59	12.369817289338966
17.6	13.17690592536067
17.61	13.151793189064755
17.62	13.161180180637476
17.63	14.143626578822957
17.64	14.329112097292587
17.65	14.738597974453112
17.66	14.941726073385784
17.67	15.30876921517643
17.68	15.314967335499231
17.69	15.897209482588947
17.7	16.10921239499154
17.71	16.292437701946472
17.72	16.310337773024518
17.73	16.30765251832749
17.74	16.697444021271984
17.75	16.886058998814764
17.76	17.091371753976876
17.77	16.900358861098017
17.78	16.892387897697233
17.79	16.887514647671566
17.8	17.09551541967471
17.81	16.902434031583844
17.82	16.90282581797165
17.83	16.311807853717525
17.84	16.682797145883487
17.85	16.311406769306256
17.86	16.29844145229675
17.87	16.29802850687456
17.88	16.09666660599485
17.89	15.697914116906183
17.9	15.709761927815897
17.91	15.327688461827565
17.92	14.942199407886022
17.93	14.932583171561593
17.94	14.331535337284041
17.95	14.138391613418005
17.96	13.760906895108171
17.97	13.157722801084482
17.98	13.160255301138614
17.99	12.768063237993646
18.0	12.57040045371468
18.01	11.777258850206303
18.02	11.402912477920289
18.03	11.029712132446639
18.04	10.01619443124152
18.05	10.020002247941834
18.06	9.617766316613643
18.07	9.43819429878127
18.08	8.83792073074336
18.09	8.654554154372228
18.1	7.827621466715156
18.11	7.465459233277799
18.12	6.881139135281173
18.13	6.8955645139401165
18.14	6.690373360612692
18.15	6.279701888960545
18.16	5.695825341743992
18.17	5.517109205120071
18.18	4.9040119873001995
18.19	4.714597684874213
18.2	4.332753840742643
18.21	3.7309903893003384
18.22	3.5315276697240185
18.23	3.5366937716464535
18.24	3.3173997030679856
18.25	2.7416021218701587
18.26	3.135469473045524
18.27	2.7520410948787037
18.28	2.350521586111798
18.29	2.555710005172022
18.3	2.34919916712425
18.31	1.970917533706971
18.32	1.7842836222840825
18.33	2.3593098582966268
18.34	1.7771126732476905
18.35	1.965428101614774
18.36	1.9525806380981894
18.37	1.5788770613768364
18.38	1.7477759123494365
18.39	1.968324496315924
18.4	1.5714200645564054
18.41	1.772541492485601
18.42	1.9678007306913032
18.43	1.9632944052364643
18.44	2.1526609281880362
18.45	2.3560886656916717
18.46	2.3694339097254007
18.47	2.35632653786939
18.48	2.3571534341622935
18.49	2.576492719618118
18.5	3.143095833159096
18.51	3.1428018395277237
18.52	3.1539645255824618
18.53	3.3574910415824917
18.54	3.7337084449192828
18.55	3.7383738957616393
18.56	4.313066483619337
18.57	4.716179898495154
18.58	4.7071052847340535
18.59	5.08648885722549
18.6	5.49265823944736
18.61	5.878937192255991
18.62	6.285097232708652
18.63	6.283167783022208
18.64	6.879422241828001
18.65	6.853849169815658
18.66	7.463152990256173
18.67	8.654849382309074
18.68	8.053907526769423
18.69	9.044107010436951
18.7	9.243992026963753
18.71	9.803542754201617
18.72	10.0407490400619
18.73	10.619085016066913
18.74	10.995130851218782
18.75	11.201518540542866
18.76	11.412037175732932
18.77	12.560485711117154
18.78	12.554734280995115
18.79	12.574088768039998
18.8	13.157257153130075
18.81	13.541366791886873
18.82	14.157023338121546
18.83	14.151180039055111
18.84	14.330732486480958
18.85	14.747785014735005
18.86	14.928709267475853
18.87	14.937468598503541
18.88	15.134179772912297
18.89	15.122745895133978
18.9	15.320201517536603
18.91	15.727982432894965
18.92	15.327375648640855
18.93	15.341490213182878
18.94	15.731105341886172
18.95	15.722292627637845
18.96	15.712623227006887
18.97	15.719444563879923
18.98	14.952299999537395
18.99	14.943171152254092
19.0	14.525977947350388
19.01	14.744222225713903
19.02	14.527753414819491
19.03	14.533810613815335
19.04	14.539108607080161
19.05	13.756429408152362
19.06	13.351581940375834
19.07	13.172435865556352
19.08	12.971659463232294
19.09	12.567263098168
19.1	12.170951876930722
19.11	12.145200566245341
19.12	11.789296876364938
19.13	11.389118801147934
19.14	11.004529233670638
19.15	10.600740017058186
19.16	10.037750836226905
19.17	9.616082724032063
19.18	9.429817058298855
19.19	9.023408825174908
19.2	8.62824117340938
19.21	8.253927158003183
19.22	7.469175833694463
19.23	6.884345205196338
19.24	6.664662879757286
19.25	6.272363096551438
19.26	5.885166670593345
19.27	5.5204143728858215
19.28	5.102452845912257
19.29	5.097115278619269
19.3	4.512010415483472
19.31	4.51834050088819
19.32	3.7351226495954646
19.33	3.5295061649623967
19.34	3.5255253885654128
19.35	3.145835115473449
19.36	2.752981990653729
19.37	2.753224003240439
19.38	2.343393545542913
19.39	2.3478032466900878
19.4	2.373723319376887
19.41	1.9597712634484892
19.42	1.5866652911829056
19.43	1.370695790060092
19.44	1.5727244519606605
19.45	0.7926154851601858
19.46	1.1608627811382572
19.47	1.1773993450631812
19.48	1.1781519572053187
19.49	0.5942579004242463
19.5	0.5945679920584719
19.51	0.5791995283175988
19.52	1.172272547683064
19.53	1.5751032489291923
19.54	1.1747032491151392
19.55	1.5549539409517519
19.56	1.3965905507055736
19.57	1.3622484947763565
19.58	1.5586710586125634
19.59	1.567034489114962
19.6	1.9636300915678049
19.61	2.3478695743550193
19.62	2.77774887714787
19.63	2.7515390456182507
19.64	2.747422924067944
19.65	2.7603803693748623
19.66	3.5335481624706135
19.67	3.5238710720974993
19.68	3.9154550930011647
19.69	4.324243708565734
19.7	5.120925271199237
19.71	5.100717361161678
19.72	5.51062790096608
19.73	5.891747463361417
19.74	6.280600761745315
19.75	6.692862613984385
19.76	7.064353616219953
19.77	7.428235584982506
19.78	7.845094172290946
19.79	8.239433835573154
19.8	8.653130232645347
19.81	9.429356870836457
19.82	9.8239006787663
19.83	9.828162374008505
19.84	10.01866002916527
19.85	10.788030284969748
19.86	11.191348581793363
19.87	11.39474335245112
19.88	12.17761248769293
19.89	12.180583158972063
19.9	12.590821158088557
19.91	12.769552279557558
19.92	12.975919538831114
19.93	13.76105159859207
19.94	13.750752212487912
19.95	14.51046064164214
19.96	13.944224926565267
19.97	14.1496117019901
19.98	14.919400168902676
19.99	14.943631504776388
20.0	14.929764166986683
