10.0	0.24279746675113184
10.01	0.24117754561581597
10.02	0.22528728076045051
10.03	0.21620207621678003
10.04	0.21699641506067513
10.05	0.2326259875856322
10.06	0.2272667527272174
10.07	0.2156293930027997
10.08	0.196087483988405
10.09	0.2102508824410889
10.1	0.22263058809823189
10.11	0.2213995236165862
10.12	0.22430886872396302
10.13	0.22208501880937775
10.14	0.19904537188901122
10.15	0.21848444243735793
10.16	0.21159793468878593
10.17	0.22686343028736206
10.18	0.21116459523785128
10.19	0.19690483287000066
10.2	0.19571736399489717
10.21	0.1976672612651761
10.22	0.19291775979784656
10.23	0.201379582215889
10.24	0.17982287717059917
10.25	0.20272605072480024
10.26	0.194466877515584
10.27	0.1903783682553581
10.28	0.18773546872600663
10.29	0.1940982808629167
10.3	0.1840666959054705
10.31	0.1915720976339674
10.32	0.19197401204490602
10.33	0.1935929163166194
10.34	0.19690456580810398
10.35	0.17968743857855773
10.36	0.1828979331557132
10.37	0.19907573079783036
10.38	0.1891015734537591
10.39	0.1874843847599137
10.4	0.19025000953252705
10.41	0.19558160917450512
10.42	0.17382031566118514
10.43	0.2077026962447622
10.44	0.1784969781474855
10.45	0.16664702572651965
10.46	0.18104590515630145
10.47	0.17681361528040174
10.48	0.17823411427132896
10.49	0.1745546300671225
10.5	0.1812297555854556
10.51	0.18782735629286876
10.52	0.19772166437254393
10.53	0.1908346139435523
10.54	0.17732118061536375
10.55	0.1810239704565704
10.56	0.1924035833776167
10.57	0.17899712209690316
10.58	0.1846440646577059
10.59	0.19358322897388944
10.6	0.19541360022307
10.61	0.18123240483242578
10.62	0.19531302853637722
10.63	0.19304021741729321
10.64	0.2015968483633497
10.65	0.18526949348595584
10.66	0.19251024728517907
10.67	0.19166308934015136
10.68	0.19790330215468405
10.69	0.19072643581502188
10.7	0.1895116538047259
10.71	0.20188216508709356
10.72	0.1874640343781457
10.73	0.20217828745054825
10.74	0.2085236483250794
10.75	0.19118911252441145
10.76	0.18812414669714966
10.77	0.20648649308169154
10.78	0.205806504651821
10.79	0.2105715446774907
10.8	0.20479817942018366
10.81	0.213734024258404
10.82	0.20549824957479598
10.83	0.22197353108464454
10.84	0.21675411061532612
10.85	0.20030332415352708
10.86	0.20907557465482132
10.87	0.20413618827277197
10.88	0.22687820454916108
10.89	0.22200634739866607
10.9	0.2247963748409218
10.91	0.21771252599906488
10.92	0.22719093385561623
10.93	0.21909130203034907
10.94	0.241758803706195
10.95	0.22536029196522356
10.96	0.2292897431547148
10.97	0.21020244825572787
10.98	0.23257754278132015
10.99	0.23957575720546473
11.0	0.21677674754315504
11.01	0.23435136774525475
11.02	0.22233827465627168
11.03	0.20830758839775665
11.04	0.23767511506809277
11.05	0.22903586636256668
11.06	0.2229423044828481
11.07	0.23094963623133646
11.08	0.2276474139915287
11.09	0.23546711737727075
11.1	0.2179372685473307
11.11	0.2500960201890639
11.12	0.23950471637181145
11.13	0.23370746518912375
11.14	0.2383776149396239
11.15	0.22784605255226045
11.16	0.22796508172675428
11.17	0.22295652902759383
11.18	0.22192756214978251
11.19	0.24484553128458741
11.2	0.22094831897260797
11.21	0.23848156460504927
11.22	0.21667316158940558
11.23	0.22344669642084722
11.24	0.22249526364766983
11.25	0.2209219320787127
11.26	0.22681514646417716
11.27	0.20716492860471789
11.28	0.2115284392207455
11.29	0.21133064855287922
11.3	0.21812069991234348
11.31	0.2204040807883426
11.32	0.23708523518879449
11.33	0.2390201400209658
11.34	0.2173641669392728
11.35	0.2177879977518647
11.36	0.20195447419762785
11.37	0.20180990183135294
11.38	0.21696173709201275
11.39	0.20179203196301537
11.4	0.2161293977835066
11.41	0.21580500706305253
11.42	0.19967505106068997
11.43	0.22155667900351964
11.44	0.18235931392432622
11.45	0.20318804434648233
11.46	0.19790705529230046
11.47	0.19587046025830973
11.48	0.21468647220595763
11.49	0.20809759914498202
11.5	0.18524562508846698
11.51	0.18068950113631838
11.52	0.18774863480787687
11.53	0.21280131526318521
11.54	0.17718590995385414
11.55	0.1885849070068575
11.56	0.18580340421562574
11.57	0.175376467917829
11.58	0.20188270035236155
11.59	0.16965282438826654
11.6	0.18112961884615836
11.61	0.18876011404252332
11.62	0.18411234401802365
11.63	0.1588180210328801
11.64	0.18400713554241951
11.65	0.16716084531499573
11.66	0.18796926912525205
11.67	0.17288728230202968
11.68	0.16933852542723424
11.69	0.1790491230371687
11.7	0.17258497067978146
11.71	0.17849564651647876
11.72	0.1647899386887045
11.73	0.1823890655859258
11.74	0.17793234082147352
11.75	0.17566148887413363
11.76	0.17318603559613313
11.77	0.1717409354706326
11.78	0.17922572495218209
11.79	0.17833070834188755
11.8	0.1882031686121733
11.81	0.16562597054490033
11.82	0.2064773138086923
11.83	0.1753101390628263
11.84	0.17925954643629644
11.85	0.19067274316065386
11.86	0.1801740099048505
11.87	0.1660735939268373
11.88	0.17163448814181828
11.89	0.17890986940295758
11.9	0.17636196473862645
11.91	0.18417720063510135
11.92	0.17839094534697908
11.93	0.16681332630170792
11.94	0.182260718400621
11.95	0.181653990354394
11.96	0.19119128606929583
11.97	0.17470456752203575
11.98	0.17290082252421007
11.99	0.18325540506056148
12.0	0.1879458283276378
12.01	0.18183869416256207
12.02	0.17636762746275614
12.03	0.18700097429808157
12.04	0.1837210087885957
12.05	0.18541681838946386
12.06	0.1988982561957664
12.07	0.18830134797633521
12.08	0.19812392822847855
12.09	0.18422655510092276
12.1	0.20779394688538552
12.11	0.1847538167956042
12.12	0.21673625295558493
12.13	0.1951685806822772
12.14	0.17746172311474726
12.15	0.19185885448314086
12.16	0.2048026884402308
12.17	0.20394250474053632
12.18	0.2028358813419035
12.19	0.1827997078328781
12.2	0.21854120512756853
12.21	0.20825282682327098
12.22	0.19562155602407258
12.23	0.19983110827802958
12.24	0.20536719360064307
12.25	0.20579319449692504
12.26	0.20710123958765395
12.27	0.19749858834421793
12.28	0.21692693987496572
12.29	0.22239757685539943
12.3	0.21825371953581846
12.31	0.18810346087722812
12.32	0.21701703615301718
12.33	0.22786526375459354
12.34	0.2347348315760605
12.35	0.22446265800749401
12.36	0.23508244865655956
12.37	0.2174133098432708
12.38	0.2318045275741435
12.39	0.20846051697264603
12.4	0.2210221272919521
12.41	0.22309240893411858
12.42	0.2227782464910808
12.43	0.21136587626560743
12.44	0.23128639676260476
12.45	0.22939468445919012
12.46	0.2350143244552646
12.47	0.2259826786823376
12.48	0.2319444502364186
12.49	0.22055208043179758
12.5	0.22344085244983958
12.51	0.23084143668092502
12.52	0.23077580604804693
12.53	0.22781265817392987
12.54	0.2340391978668285
12.55	0.23905331454026085
12.56	0.23271150523726278
12.57	0.21533393667506895
12.58	0.2343302815422025
12.59	0.25327498571968043
12.6	0.2301060701686119
12.61	0.22983001613775345
12.62	0.22829094292323535
12.63	0.24153569211319534
12.64	0.2294615495544691
12.65	0.2301694078569749
12.66	0.21382679400130272
12.67	0.228535699032721
12.68	0.2127961698459685
12.69	0.22816712529158
12.7	0.249483365762291
12.71	0.22177220906660888
12.72	0.23118168174771278
12.73	0.22257496207298097
12.74	0.22266301335668506
12.75	0.2206426093504918
12.76	0.21312426217778846
12.77	0.23535628784964044
12.78	0.22371081780724517
12.79	0.2315640370639448
12.8	0.2170699545511014
12.81	0.21570225016075978
12.82	0.21574838786567405
12.83	0.21947709523611472
12.84	0.227284809004262
12.85	0.22905909358543022
12.86	0.20302783366800486
12.87	0.21202017806953846
12.88	0.209928318347492
12.89	0.19978547552706177
12.9	0.22535289660908067
12.91	0.21865218008902304
12.92	0.2110523549103666
12.93	0.19642503179723386
12.94	0.1876352347381992
12.95	0.19559961668233222
12.96	0.2026512897278263
12.97	0.1957016780247823
12.98	0.20656061445628346
12.99	0.18556259635839997
13.0	0.19983642308622698
13.01	0.18738561661030814
13.02	0.1987942785723526
13.03	0.21335686377819293
13.04	0.20384651278209423
13.05	0.1869593572438266
13.06	0.19006903810109493
13.07	0.1776536588386438
13.08	0.17194496369143014
13.09	0.18225815721617591
13.1	0.19033581884374376
13.11	0.21627482821818017
13.12	0.18239421732516953
13.13	0.17367136297381985
13.14	0.1878982924911431
13.15	0.1900178827988109
13.16	0.18582907507019483
13.17	0.16798309393306926
13.18	0.18705747320924587
13.19	0.1848476430797418
13.2	0.19426537624986934
13.21	0.19170086538347147
13.22	0.18128150868321602
13.23	0.18113465308092472
13.24	0.18234361017571457
13.25	0.19875619005990575
13.26	0.18257851921111387
13.27	0.18166922434639554
13.28	0.17772576610010332
13.29	0.18059104898982525
13.3	0.18304395017176564
13.31	0.18405059665688372
13.32	0.16929327147193304
13.33	0.17357965306887377
13.34	0.17885168990372546
13.35	0.18814707369491956
13.36	0.19015264093929826
13.37	0.18941104395981487
13.38	0.18862970213369035
13.39	0.16231205278280889
13.4	0.1915384760732345
13.41	0.18807044153568853
13.42	0.17791939043162172
13.43	0.18972044415061678
13.44	0.1977651048795132
13.45	0.19735992527893334
13.46	0.1999576911203089
13.47	0.1902317318618982
13.48	0.19698650686451488
13.49	0.19611272487540726
13.5	0.18033814899560982
13.51	0.18828863932420378
13.52	0.18784160814904602
13.53	0.18965405009104536
13.54	0.1887057044192815
13.55	0.19343267370107445
13.56	0.19978606781565655
13.57	0.20936779732551858
13.58	0.19100628948465087
13.59	0.20582962477597316
13.6	0.19272916879083746
13.61	0.2157283125911995
13.62	0.1921765291877059
13.63	0.21584751770257124
13.64	0.21727357568268588
13.65	0.20335938691407865
13.66	0.21016578206235167
13.67	0.2029504997314928
13.68	0.1887337792732462
13.69	0.1931436632626747
13.7	0.20747257155328397
13.71	0.19535352642111015
13.72	0.20864512797929843
13.73	0.2134348069364684
13.74	0.21282499640937802
13.75	0.20931798539738847
13.76	0.22401936775063855
13.77	0.22175320408468985
13.78	0.2092010729646392
13.79	0.20922274496771653
13.8	0.20882932894624592
13.81	0.24705849513882358
13.82	0.2318394514987202
13.83	0.21567542665551556
13.84	0.2387923684545653
13.85	0.21236374391028776
13.86	0.22030853089010607
13.87	0.22635633582743672
13.88	0.22902100649632098
13.89	0.23147024016496104
13.9	0.21487665228723726
13.91	0.22652631750694113
13.92	0.2253187420069934
13.93	0.24076583678405755
13.94	0.21635945838770565
13.95	0.22346193447275467
13.96	0.22972028585989807
13.97	0.21488983131941009
13.98	0.20904101348547935
13.99	0.23740485976268472
14.0	0.21641302461854917
14.01	0.19972751097241884
14.02	0.2155555767263437
14.03	0.2271767296690688
14.04	0.21982410647292322
14.05	0.2345032888727584
14.06	0.22191664003219722
14.07	0.210924258505843
14.08	0.21905923762440976
14.09	0.20630568204033456
14.1	0.21120054382158399
14.11	0.20651839601434224
14.12	0.2099906553203432
14.13	0.2187188168378299
14.14	0.22240602614810537
14.15	0.21958012387310177
14.16	0.22695106081092375
14.17	0.23072556757724103
14.18	0.21810355516364596
14.19	0.22135934718806236
14.2	0.22615495199789185
14.21	0.22251179992554732
14.22	0.23429132612543854
14.23	0.20466217070191448
14.24	0.2143174207518215
14.25	0.2162762803128834
14.26	0.20227849613535134
14.27	0.21285747705891833
14.28	0.18739322761402832
14.29	0.20244577185445856
14.3	0.20912802739207315
14.31	0.2153397166962501
14.32	0.19140313041263277
14.33	0.19616292955327808
14.34	0.1997349007869123
14.35	0.19796127435890398
14.36	0.18916827299191755
14.37	0.1968279526070621
14.38	0.19518030240839476
14.39	0.18435466233081
14.4	0.2010295112318119
14.41	0.18924175923381356
14.42	0.1845600409343993
14.43	0.17144698052438118
14.44	0.17903455047464176
14.45	0.19051249119441083
14.46	0.20510189341212448
14.47	0.18984166372513586
14.48	0.19276003146802548
14.49	0.18748874802864757
14.5	0.165091785364801
14.51	0.17675099816462822
14.52	0.18340155099417724
14.53	0.16528437146216968
14.54	0.18136917460366508
14.55	0.15729277289893087
14.56	0.17988829840119433
14.57	0.17191870225356548
14.58	0.1694096291003091
14.59	0.17177795353739606
14.6	0.17312186561495163
14.61	0.19069720513859795
14.62	0.16477517201954722
14.63	0.16931291873610493
14.64	0.1747186609895801
14.65	0.2002344851212918
14.66	0.18785270011531263
14.67	0.1807203340356079
14.68	0.19273597213863772
14.69	0.16948660307568855
14.7	0.16253278360423062
14.71	0.17219183990958795
14.72	0.175482497994328
14.73	0.18449871425008543
14.74	0.1730264302512005
14.75	0.18828965654983157
14.76	0.18289875969009886
14.77	0.1754794070564788
14.78	0.17520537316245835
14.79	0.1962755538318236
14.8	0.17626021128833316
14.81	0.16526972422117892
14.82	0.1644080020831235
14.83	0.19268106729334497
14.84	0.20238134121460397
14.85	0.18274978929549662
14.86	0.19934964997840576
14.87	0.1776194492188913
14.88	0.1890097758032997
14.89	0.20590111505274117
14.9	0.20061556216640927
14.91	0.18409486295304792
14.92	0.19404158181572942
14.93	0.18969618958864615
14.94	0.20280696469322046
14.95	0.1756398964034644
14.96	0.19452911101333964
14.97	0.20594999364932273
14.98	0.18149983901562924
14.99	0.2291200694214565
15.0	0.2066506947890801
15.01	0.21262951352569753
15.02	0.21124857107456163
15.03	0.21759889715122036
15.04	0.20713866299456687
15.05	0.20581911051056515
15.06	0.22087440436549968
15.07	0.2008442658571074
15.08	0.20446548501234293
15.09	0.2267577781773188
15.1	0.2028111022911455
15.11	0.219103962716858
15.12	0.20803676268823731
15.13	0.22787596512108518
15.14	0.24404397899765834
15.15	0.2219632805478008
15.16	0.23627166869672558
15.17	0.220825566840286
15.18	0.21506892775603006
15.19	0.22572623741184245
15.2	0.2122357401037993
15.21	0.21003251851736857
15.22	0.22852726650590383
15.23	0.21606238170936592
15.24	0.20795843875095507
15.25	0.21574071659429753
15.26	0.23215499996638
15.27	0.213492675189499
15.28	0.2220473530468992
15.29	0.22722441366250584
15.3	0.21629820246505152
15.31	0.2414711004559156
15.32	0.23992766474483496
15.33	0.2221876719135458
15.34	0.231515670186826
15.35	0.2088539255003348
15.36	0.22401722491384832
15.37	0.21344139155867065
15.38	0.22169815077545482
15.39	0.2130598781750355
15.4	0.22349777669842683
15.41	0.22111586139492279
15.42	0.2344720195847161
15.43	0.22564371479079745
15.44	0.20491902183963293
15.45	0.2175490062524434
15.46	0.22469598583261746
15.47	0.21228646740038257
15.48	0.2219254813850613
15.49	0.20168721686856475
15.5	0.22084875195233328
15.51	0.23449510517463534
15.52	0.2211302914280615
15.53	0.2077942906977063
15.54	0.20464806771721722
15.55	0.21340647916102218
15.56	0.220555657047106
15.57	0.195963723555809
15.58	0.20430392599587563
15.59	0.19673850074775642
15.6	0.20929445209036346
15.61	0.20541035181560166
15.62	0.1950066027468619
15.63	0.20007384493596486
15.64	0.18625661787881673
15.65	0.19191340097390205
15.66	0.1971578598435962
15.67	0.20320567395072373
15.68	0.18727001897754247
15.69	0.1837984364528486
15.7	0.18174472235842934
15.71	0.1882762626398561
15.72	0.18195899949635808
15.73	0.16960770534285588
15.74	0.18514512775269737
15.75	0.18953882287555518
15.76	0.17318219300407212
15.77	0.19195424456165888
15.78	0.18827436684803778
15.79	0.16971527515242366
15.8	0.16226590842925956
15.81	0.1793387098810144
15.82	0.19111649687601356
15.83	0.18315052809369037
15.84	0.18102151999847796
15.85	0.18167836342160354
15.86	0.17371852690103576
15.87	0.20417472858334734
15.88	0.17555928207622756
15.89	0.17885906015664488
15.9	0.16175723624649932
15.91	0.1705556944649063
15.92	0.16604762221814912
15.93	0.16448561353603086
15.94	0.17825251800771372
15.95	0.18810212196643245
15.96	0.15664516765775158
15.97	0.17961946368671103
15.98	0.16542218737724582
15.99	0.19009454556162841
16.0	0.1724979764276137
16.01	0.187898999951615
16.02	0.18695108508180713
16.03	0.17431573170496928
16.04	0.18034808008409522
16.05	0.17970139830748033
16.06	0.16964617191052772
16.07	0.18820678189817122
16.08	0.18801195691075212
16.09	0.1901123876886871
16.1	0.18402005421866402
16.11	0.19410310127986577
16.12	0.182713731814603
16.13	0.1847793886601635
16.14	0.21728436713077565
16.15	0.19034245841576652
16.16	0.1879964007979063
16.17	0.18995508597379113
16.18	0.19611485631828407
16.19	0.19175703686052936
16.2	0.19748715696231514
16.21	0.19648666329516037
16.22	0.20271189755158228
16.23	0.19878161858437973
16.24	0.19824563048114616
16.25	0.18476536752770772
16.26	0.20320123201235402
16.27	0.21283764816186726
16.28	0.22065174096737006
16.29	0.195715269830543
16.3	0.22646676377855018
16.31	0.21677340025363828
16.32	0.20775735358918757
16.33	0.21739751091253315
16.34	0.20371578361443385
16.35	0.2086666214328154
16.36	0.21621925940212408
16.37	0.20315563865241854
16.38	0.22309463068942506
16.39	0.22095876074942775
16.4	0.22439651744351188
16.41	0.23262956066312757
16.42	0.21218965905080298
16.43	0.2046615081132707
16.44	0.2260119347362346
16.45	0.21716705644101514
16.46	0.21952020587161566
16.47	0.22570967355395793
16.48	0.22137730988326898
16.49	0.22297496270440556
16.5	0.21531795638007
16.51	0.21645090449522572
16.52	0.2536517859965486
16.53	0.21696192490533597
16.54	0.21413762167116943
16.55	0.23420850563972664
16.56	0.23195585989334572
16.57	0.21764282922016506
16.58	0.23805159453920313
16.59	0.20973359472174347
16.6	0.20608142276366312
16.61	0.21811893623387907
16.62	0.23214937496859928
16.63	0.24572181582237582
16.64	0.23336105745549957
16.65	0.22900562826049167
16.66	0.23983632256561638
16.67	0.21103518142976288
16.68	0.20123959270884778
16.69	0.21286669736819258
16.7	0.2182044491776165
16.71	0.2213526774921421
16.72	0.22394385852061832
16.73	0.2298355191305507
16.74	0.207412278906997
16.75	0.20913577862465732
16.76	0.22177704046900928
16.77	0.22043933653799588
16.78	0.2326574457757971
16.79	0.21885849402721763
16.8	0.23427019644601
16.81	0.22819276937883756
16.82	0.21049717925902703
16.83	0.23207014189240277
16.84	0.18684105412272728
16.85	0.22755675429338076
16.86	0.20649271642742845
16.87	0.21666461308156146
16.88	0.21545516583182714
16.89	0.20142074192190418
16.9	0.2046574849097117
16.91	0.20139279605724544
16.92	0.20224391391841598
16.93	0.20219682181173793
16.94	0.20849753410079824
16.95	0.18658763439689185
16.96	0.19440542731626512
16.97	0.1922761134948165
16.98	0.19192993002509037
16.99	0.18758175274380198
17.0	0.17666845518051638
17.01	0.18893759552212994
17.02	0.19870156301899614
17.03	0.19574192592071393
17.04	0.18718408245562387
17.05	0.2001954335039121
17.06	0.17268624933601853
17.07	0.19158781640596761
17.08	0.20102408135194094
17.09	0.19172620804928733
17.1	0.18044118953468882
17.11	0.1924186310413224
17.12	0.1843763628246489
17.13	0.17373356703373335
17.14	0.19509827800218807
17.15	0.19436163770078954
17.16	0.18624354604562388
17.17	0.17847312326229725
17.18	0.1829567058713354
17.19	0.18827221789788132
17.2	0.19239189918258695
17.21	0.16929601881044837
17.22	0.18493935992723576
17.23	0.19171366534600723
17.24	0.17685947760155754
17.25	0.17589528661264087
17.26	0.16549755181304934
17.27	0.1639357221672922
17.28	0.17688449186577695
17.29	0.18858303523635164
17.3	0.16900540698493027
17.31	0.1780499707395249
17.32	0.17177927774396531
17.33	0.1827363588763547
17.34	0.1743092895121321
17.35	0.17356534544388344
17.36	0.1889081524070705
17.37	0.18497983393087103
17.38	0.19599144403732213
17.39	0.1723745745204034
17.4	0.18616425045945487
17.41	0.17947715216463522
17.42	0.20852825040041256
17.43	0.19161417895343283
17.44	0.19154844443526373
17.45	0.1985667019811957
17.46	0.19643881114039716
17.47	0.20245398690599473
17.48	0.19557188715531004
17.49	0.21348367308464514
17.5	0.20156211641592464
17.51	0.19903683751149145
17.52	0.20060924892648468
17.53	0.18895495909325113
17.54	0.21799439712235189
17.55	0.20389828907205196
17.56	0.2146014252402259
17.57	0.20666630751853568
17.58	0.20804704982721114
17.59	0.20250733908836394
17.6	0.20521294295061832
17.61	0.23152655411109113
17.62	0.20710633346104326
17.63	0.21284516449504018
17.64	0.22714457488753448
17.65	0.2233350285112344
17.66	0.21133311360537763
17.67	0.23096499185068714
17.68	0.23000320379796652
17.69	0.2197421238880609
17.7	0.21252516077258055
17.71	0.21844631585002555
17.72	0.21938077434949993
17.73	0.2072229348791505
17.74	0.22818728364190533
17.75	0.23541204620704403
17.76	0.21174442767916257
17.77	0.22757993583698383
17.78	0.2241182876412437
17.79	0.22063283660126523
17.8	0.22274298355982972
17.81	0.2206321525601595
17.82	0.23499125553260614
17.83	0.21887141057875775
17.84	0.2122587279285424
17.85	0.22031224170524277
17.86	0.21024189838688925
17.87	0.21445459671608297
17.88	0.20522964632246216
17.89	0.21753914718800174
17.9	0.21834979327660922
17.91	0.20908739471563498
17.92	0.22120176104639705
17.93	0.21206973549026378
17.94	0.21536583913976715
17.95	0.23121497192590942
17.96	0.22579431663081967
17.97	0.20949982054449137
17.98	0.21520716478705512
17.99	0.2048991882111624
18.0	0.23437844181385759
18.01	0.24128373363208305
18.02	0.21824771134954438
18.03	0.21659066782865125
18.04	0.21436738647866946
18.05	0.1976086961199406
18.06	0.20508170457419952
18.07	0.2001709104694154
18.08	0.21372792941874091
18.09	0.20834360701457225
18.1	0.19698313411889373
18.11	0.19607376995749573
18.12	0.20710836422003057
18.13	0.1945154024384092
18.14	0.20216866829108568
18.15	0.18011781504349972
18.16	0.2127283578823336
18.17	0.1934338006491638
18.18	0.20086188996391244
18.19	0.1864049881077092
18.2	0.18594120286212854
18.21	0.19497874039009563
18.22	0.19895560427524334
18.23	0.1977195957931898
18.24	0.20208411670719464
18.25	0.18312866600731692
18.26	0.18372509723737998
18.27	0.17630219839447628
18.28	0.1932764326131919
18.29	0.1877179427899124
18.3	0.17103986532615215
18.31	0.19052199382564905
18.32	0.18278242950399154
18.33	0.1903727015368959
18.34	0.20381060575925447
18.35	0.17256695552326407
18.36	0.18837970522431513
18.37	0.17268202416742742
18.38	0.21479333813932278
18.39	0.17676792711401007
18.4	0.16883183915467176
18.41	0.1635951609244848
18.42	0.17599011500233924
18.43	0.17701728212499276
18.44	0.18917912525826228
18.45	0.18906919082168808
18.46	0.1804870699013148
18.47	0.17700427308981284
18.48	0.17211526465423987
18.49	0.20474162380930622
18.5	0.16995956104739002
18.51	0.19210936884489424
18.52	0.18380993165059648
18.53	0.18218487396560448
18.54	0.1921394363578623
18.55	0.18741799131562786
18.56	0.18789921431868944
18.57	0.19130914341727373
18.58	0.19169905390212597
18.59	0.17974379120928333
18.6	0.1898688638833046
18.61	0.19377910005020985
18.62	0.17590993447932993
18.63	0.18438511972620822
18.64	0.20611551684471435
18.65	0.2046083271979978
18.66	0.19284532393666837
18.67	0.19568540634130457
18.68	0.21028169683427675
18.69	0.20746217896762753
18.7	0.20491679045741298
18.71	0.20983567603860284
18.72	0.21034488169803414
18.73	0.2127143357373058
18.74	0.2073081819005763
18.75	0.1916263801675505
18.76	0.2150395442776478
18.77	0.20009463163887162
18.78	0.2124365519078357
18.79	0.20739666390123132
18.8	0.21710318162145406
18.81	0.21857316293613513
18.82	0.21380481685900463
18.83	0.21433078417967388
18.84	0.2317045742385568
18.85	0.20785939198228953
18.86	0.2251119530715026
18.87	0.2228300230486239
18.88	0.22740454116223627
18.89	0.22338176613744057
18.9	0.21133540613409585
18.91	0.22935719920453493
18.92	0.2260491377690497
18.93	0.20623461524726933
18.94	0.22503738504808332
18.95	0.22712628817045663
18.96	0.23408022735244785
18.97	0.22184080554374344
18.98	0.22653260619467
18.99	0.22682908299058538
19.0	0.23422718297413317
19.01	0.22448638011066144
19.02	0.23576842634111134
19.03	0.1952218193402777
19.04	0.22492524831968297
19.05	0.22152391233139201
19.06	0.2305065554899597
19.07	0.20741942046754727
19.08	0.21458812826940654
19.09	0.21642565426285978
19.1	0.22105288446486868
19.11	0.2387359981206932
19.12	0.20784849459407778
19.13	0.22867083706750235
19.14	0.22675760498317565
19.15	0.22016508419973893
19.16	0.21755748431948777
19.17	0.2034746266294449
19.18	0.21453496130948105
19.19	0.21710064167626333
19.2	0.22533443502759962
19.21	0.202948777113613
19.22	0.2170300374787347
19.23	0.2262051318296531
19.24	0.21423835937620503
19.25	0.20636761463559752
19.26	0.22775412790624333
19.27	0.20383251594809487
19.28	0.22015219778833692
19.29	0.20134863502848774
19.3	0.21573111321956934
19.31	0.21259746635376425
19.32	0.19858222027643813
19.33	0.19466268371466666
19.34	0.21665322633404197
19.35	0.20079101061504867
19.36	0.20345431480770976
19.37	0.1950778385159469
19.38	0.19540610426397823
19.39	0.20434730268437667
19.4	0.19699466152238015
19.41	0.16913794321527031
19.42	0.19831671949197408
19.43	0.17887935458192947
19.44	0.18873094526434184
19.45	0.20522327753632644
19.46	0.17471546150504066
19.47	0.1938599706078458
19.48	0.18897501302485853
19.49	0.18310754490121617
19.5	0.17594288678087078
19.51	0.17955360926846417
19.52	0.18185181697965003
19.53	0.1862983390209286
19.54	0.1804917370139029
19.55	0.19354222759968737
19.56	0.17097004541593336
19.57	0.18604625715295023
19.58	0.17488776806876186
19.59	0.17523160889801237
19.6	0.16609465495118253
19.61	0.18578355316565812
19.62	0.17765167529367973
19.63	0.17401230719199282
19.64	0.16994774344087274
19.65	0.17483717266015103
19.66	0.18476163892438924
19.67	0.1781271720067234
19.68	0.17760265375810808
19.69	0.1915093120197097
19.7	0.16089765621194907
19.71	0.18170744195219346
19.72	0.1812709192849185
19.73	0.17062378036376374
19.74	0.17304249349312933
19.75	0.1802281930857643
19.76	0.17634873600034343
19.77	0.16320230229364308
19.78	0.16926271034749113
19.79	0.17797200943922603
19.8	0.17292213718395807
19.81	0.1721825631370442
19.82	0.19416054129834903
19.83	0.15802937385558913
19.84	0.18863283593494598
19.85	0.19160986264276142
19.86	0.17963060514123133
19.87	0.19502481155132212
19.88	0.18692262140707078
19.89	0.19032447085058757
19.9	0.18044021349773837
19.91	0.19833649063106804
19.92	0.19132333931174525
19.93	0.19016517273028433
19.94	0.19553805944009112
19.95	0.20456022634398435
19.96	0.19454346860165722
19.97	0.1799638060943844
19.98	0.2002019823478025
19.99	0.19235998426697623
20.0	0.1828849467466772
20.01	0.20316052753561065
20.02	0.18654295297401974
20.03	0.19870324956994923
20.04	0.18531615915814265
20.05	0.20642085363870666
20.06	0.19156089956942393
20.07	0.21516521768088667
20.08	0.21362883589875742
20.09	0.20599860998215186
20.1	0.2174139791136144
20.11	0.17395643798175203
20.12	0.23093565302583913
20.13	0.20237589198166106
20.14	0.2150424227380844
20.15	0.20047584681450378
20.16	0.21422177774073986
20.17	0.22893308468611315
20.18	0.20648365478223998
20.19	0.2086532296584047
20.2	0.21172557822444188
20.21	0.20973481729704654
20.22	0.21682066576699527
20.23	0.18664774334980816
20.24	0.20607343928814564
20.25	0.22958871108101214
20.26	0.21327111777834895
20.27	0.20002577850884523
20.28	0.21895882641128023
20.29	0.2155019528104798
20.3	0.19346948117046814
20.31	0.20890145344956362
20.32	0.2230610472566607
20.33	0.1963902505773561
20.34	0.21777316670515803
20.35	0.2042664422198666
20.36	0.21794565539938343
20.37	0.21293250193421648
20.38	0.21120800930789208
20.39	0.2012441315645202
20.4	0.2226728106135631
20.41	0.18920653401294285
20.42	0.20234161801963182
20.43	0.20890059901064206
20.44	0.20448452093863656
20.45	0.21243689044458006
20.46	0.21157620577293246
20.47	0.2086457180795234
20.48	0.21198103685288153
20.49	0.20798270211324005
20.5	0.20392611767550742
20.51	0.21111940986937497
20.52	0.19934585653861725
20.53	0.20126308951643893
20.54	0.2035960989548534
20.55	0.21001657216994446
20.56	0.17366578059179683
20.57	0.20148873524171854
20.58	0.20224983971977467
20.59	0.20024410170979542
20.6	0.19485679465699224
20.61	0.19833678158003207
20.62	0.17619066803870348
20.63	0.19002246620175658
20.64	0.18580002463864184
20.65	0.19643675594328533
20.66	0.18964943469719672
20.67	0.18933412773698413
20.68	0.20390055034391416
20.69	0.18454810180373782
20.7	0.17036165465168196
20.71	0.17404644567288644
20.72	0.18499404909575012
20.73	0.18899602731643939
20.74	0.18472255177119706
20.75	0.18319149965259374
20.76	0.1713441389504018
20.77	0.17739422410297223
20.78	0.18989324271165145
20.79	0.16105104439867568
20.8	0.18553879987930127
20.81	0.18728430548216418
20.82	0.1826521800843214
20.83	0.16680658766983816
20.84	0.16750594619897483
20.85	0.1733040124448996
20.86	0.17178006224129183
20.87	0.16416350201157168
20.88	0.17204546591907605
20.89	0.17633969363750296
20.9	0.175958432187357
20.91	0.17520195493901186
20.92	0.15683091632035787
20.93	0.18221372130576652
20.94	0.1673971901337821
20.95	0.1655572567800972
20.96	0.15564705356727304
20.97	0.15161628899105972
20.98	0.19554133222426448
20.99	0.18482555853384972
21.0	0.1871401299267119
21.01	0.16914588683913348
21.02	0.1868367142565405
21.03	0.17232910805819207
21.04	0.17310558633907583
21.05	0.19437674197681393
21.06	0.17044456499254465
21.07	0.18433007613848565
21.08	0.1728202669989427
21.09	0.16933132154739353
21.1	0.1852455092327898
21.11	0.18378401577821493
21.12	0.19770279399591187
21.13	0.1876987826491712
21.14	0.16800991801154072
21.15	0.17345376808747556
21.16	0.20500982017524802
21.17	0.1909335650891208
21.18	0.19238472123990633
21.19	0.17197520616377174
21.2	0.19418324483877078
21.21	0.19329097007393414
21.22	0.18565926427844895
21.23	0.18977423346495992
21.24	0.18842781775135878
21.25	0.18519677857794942
21.26	0.19844043162205627
21.27	0.20870116518934842
21.28	0.20925409541385667
21.29	0.2014279832842869
21.3	0.2091870036261397
21.31	0.20750865594575216
21.32	0.21770160825128776
21.33	0.20595308550383173
21.34	0.20441354676427667
21.35	0.21370708601048027
21.36	0.20246186511573644
21.37	0.21483790275436548
21.38	0.2132320449632592
21.39	0.21596631870760427
21.4	0.2042008693036426
21.41	0.21835832052501006
21.42	0.19314339751829293
21.43	0.20590472061314516
21.44	0.19370505153586204
21.45	0.20899967744678544
21.46	0.20242287403619658
21.47	0.20224746733965698
21.48	0.2123349621644605
21.49	0.2196292759267374
21.5	0.2102996931619432
21.51	0.21037267999926323
21.52	0.20928771190774248
21.53	0.2233324921298013
21.54	0.21893316498487417
21.55	0.22181934797323719
21.56	0.21564851655713502
21.57	0.19796584512044843
21.58	0.2145759196241974
21.59	0.20487863449556232
21.6	0.2293571971589362
21.61	0.23167708871719217
21.62	0.21097433073055769
21.63	0.21268520769290675
21.64	0.2196706866369121
21.65	0.2060669869153853
21.66	0.21537053501457062
21.67	0.20637193343550095
21.68	0.20553475297805465
21.69	0.22470245354181173
21.7	0.21547068778830222
21.71	0.2089236848665842
21.72	0.20581253603394373
21.73	0.1915291441993721
21.74	0.20594713462661493
21.75	0.1991810308468418
21.76	0.2045272774970731
21.77	0.1988094289411061
21.78	0.2066767409974152
21.79	0.20064150310193218
21.8	0.2054967416823289
21.81	0.19874749387237606
21.82	0.19909174872333452
21.83	0.19861062267353227
21.84	0.19378094802278492
21.85	0.18159617186314145
21.86	0.1849326372206418
21.87	0.18702386898580492
21.88	0.1768988953441092
21.89	0.18363984875221437
21.9	0.19915585901214575
21.91	0.18985790353576334
21.92	0.18744440370204
21.93	0.16739173849310274
21.94	0.18859791459714292
21.95	0.19102567783572827
21.96	0.18883415292381286
21.97	0.16822506392552472
21.98	0.1787626155693035
21.99	0.1817557034695539
22.0	0.1838152811164018
