10.01	9.820244600327497
10.02	9.508110488028331
10.03	8.882480073009399
10.04	8.555790269927526
10.05	8.07909077928509
10.06	7.596912239351536
10.07	7.2909859383353375
10.08	6.979735249145143
10.09	6.528050505187246
10.1	6.036291534456252
10.11	6.022578734768944
10.12	5.709683891681477
10.13	5.082455063246472
10.14	4.430215823937428
10.15	4.460783693308509
10.16	3.9573555663779554
10.17	3.799030519512913
10.18	3.4728527992930034
10.19	3.176254172814847
10.2	3.1526853916597086
10.21	3.018172133967564
10.22	2.8686100180241385
10.23	2.543343652830312
10.24	2.5448487410125544
10.25	2.1940426906520285
10.26	2.2404346123602927
10.27	2.218235708740263
10.28	2.216517739691977
10.29	2.2219838143113315
10.3	2.2049777704215163
10.31	2.2296982531787477
10.32	2.203763527006633
10.33	2.217360764015277
10.34	2.5070313405682794
10.35	2.5355800636126435
10.36	2.8377479721663867
10.37	2.846288371738095
10.38	3.1502686257570267
10.39	3.172867256341184
10.4	3.7890816022610463
10.41	3.8018301987709946
10.42	3.9577744343492705
10.43	4.435935866093343
10.44	4.766939572208768
10.45	5.076462412996657
10.46	5.686423918424013
10.47	6.021430723199756
10.48	6.330916178590234
10.49	6.334241550835919
10.5	6.975663872963879
10.51	7.446266506388745
10.52	7.919239427928655
10.53	8.234681862942757
10.54	8.246791855601932
10.55	8.856463529664161
10.56	9.016407379301523
10.57	9.506797672525174
10.58	9.814280824456484
10.59	10.137671977609342
10.6	10.447003092425039
10.61	10.775726997943677
10.62	10.786453331456828
10.63	11.087196685769804
10.64	11.43499301298356
10.65	11.411011683741801
10.66	11.562704557790214
10.67	11.570605804915656
10.68	12.049995178809109
10.69	12.03916065034203
10.7	12.041812975521088
10.71	12.050513818027381
10.72	12.0495498349789
10.73	12.037791610609453
10.74	11.555214720250312
10.75	11.572087327690223
10.76	11.383215840456758
10.77	11.240504333045836
10.78	10.77808789855256
10.79	10.455863107524358
10.8	10.457166110437687
10.81	10.136944861908956
10.82	9.829325367567986
10.83	9.508201846384456
10.84	9.031435505410489
10.85	8.393406986119068
10.86	8.245833307884393
10.87	7.9107733559594635
10.88	7.30649908789847
10.89	6.971981578347935
10.9	6.49521338930998
10.91	6.185070577804103
10.92	5.8621911142695735
10.93	5.700334059533489
10.94	5.377308793380603
10.95	5.056917546305008
10.96	4.442994965911428
10.97	4.424763506346558
10.98	3.9587578811457362
10.99	3.8061128572804206
11.0	3.814371538494349
11.01	3.473849583517787
11.02	3.1687877234214183
11.03	3.162382831258928
11.04	2.845995102735199
11.05	3.166362715206601
11.06	2.853391480478179
11.07	2.8477019270956374
11.08	2.843528857314466
11.09	2.8306358182608666
11.1	2.864494730201639
11.11	2.860168538520963
11.12	2.83524679052576
11.13	3.1738370430959812
11.14	3.1734539931850145
11.15	3.4938109631353287
11.16	3.482776234296554
11.17	3.8101358638681604
11.18	3.785005644089132
11.19	4.432689674445007
11.2	4.428641800253458
11.21	4.771426417895463
11.22	5.083634640185503
11.23	5.7089089061844644
11.24	5.876606148719786
11.25	6.3458745339167635
11.26	6.509715760779185
11.27	6.976191877452727
11.28	7.290164529197774
11.29	7.924781024064077
11.3	8.248790841398257
11.31	8.573896986238088
11.32	8.877762886984119
11.33	9.503247521598354
11.34	9.521152187115472
11.35	10.135293068217512
11.36	10.478943552372394
11.37	10.77749713367637
11.38	10.79664538761863
11.39	11.4093353083321
11.4	11.405004710412916
11.41	11.574169367762412
11.42	12.043415976452915
11.43	12.041300788403989
11.44	12.363862640107605
11.45	12.369190470193892
11.46	12.357438114153812
11.47	12.360464899565798
11.48	12.213694784094299
11.49	12.366303701067327
11.5	12.353941025588052
11.51	12.040292352145773
11.52	12.035795492309003
11.53	11.557902975651627
11.54	11.413426897996517
11.55	11.095016843539192
11.56	10.946037181169395
11.57	10.451991007977867
11.58	10.143039188457639
11.59	9.828305606609655
11.6	9.195888515083347
11.61	8.86719429971835
11.62	8.399298310359864
11.63	7.92819344495159
11.64	7.433349388116249
11.65	6.965392390591214
11.66	6.497865289025436
11.67	6.327502835876141
11.68	6.020908391222497
11.69	5.398111979004251
11.7	5.0856598774459485
11.71	4.588731654960961
11.72	3.9702309188127307
11.73	3.476946673473081
11.74	3.1708255856230547
11.75	2.859662915154249
11.76	2.8567002890067057
11.77	2.226847734961461
11.78	2.2389669569344544
11.79	1.8884673996323225
11.8	1.4078361898099088
11.81	1.436305836352992
11.82	1.2831348009515426
11.83	1.4415597277525176
11.84	1.2675385160220336
11.85	1.2555801576326564
11.86	0.9553244394903994
11.87	1.2701054809559178
11.88	1.2662082962276793
11.89	1.266250327577062
11.9	1.2697015859266838
11.91	1.2573212007340513
11.92	1.899167450803165
11.93	2.064005379966436
11.94	2.2255436634871657
11.95	2.547043321691803
11.96	2.522321456918524
11.97	3.1510149720457603
11.98	3.4927264041538404
11.99	3.798176504694793
12.0	3.800593859443994
12.01	4.429778621321511
12.02	4.76292019388859
12.03	5.063220249362981
12.04	5.229814302406109
12.05	5.690429240975911
12.06	6.006397629060591
12.07	6.360548289044074
12.08	7.29477349567076
12.09	7.5999154151517585
12.1	7.614264735160693
12.11	7.917186384629152
12.12	8.251616695461733
12.13	8.555161258149264
12.14	8.87800752487987
12.15	9.013009295549391
12.16	9.047265004338318
12.17	9.040241519260704
12.18	9.525264526812991
12.19	9.834655809971936
12.2	10.134251302391037
12.21	10.156245980600643
12.22	10.138364383942378
12.23	9.830948075951843
12.24	10.131962330337384
12.25	9.832570924717826
12.26	9.822007955429449
12.27	9.835790279579035
12.28	9.51134338242845
12.29	9.522834846853048
12.3	9.03428174836735
12.31	8.884211128455087
12.32	8.870709047258185
12.33	8.234542839727862
12.34	8.24071016945907
12.35	7.620628985762069
12.36	7.269122028698491
12.37	6.485514804716067
12.38	6.332769636695382
12.39	6.051765689882395
12.4	5.698596056982912
12.41	5.38662382577714
12.42	4.750917807944767
12.43	4.426474368720227
12.44	4.120535756439166
12.45	3.65521415611153
12.46	3.449717434073758
12.47	2.8556739558876085
12.48	2.5318141870998003
12.49	2.5368781577847375
12.5	1.9104772278506044
12.51	1.4165004598571944
12.52	1.4385348811246024
12.53	1.2675446554411818
12.54	0.946391325391555
12.55	0.7946755925826026
12.56	0.6200461612638317
12.57	0.6203805984127627
12.58	0.6335739345449637
12.59	0.32547644048129
12.6	0.3267953430770696
12.61	0.000897568334925187
12.62	-0.01759980048330929
12.63	0.015604888000799207
12.64	0.31985330047195526
12.65	-0.0068763984375693945
12.66	0.32667358121974677
12.67	0.31659186317468224
12.68	0.6360176381932503
12.69	0.6411887211038754
12.7	0.949315664844514
12.71	0.9580091534842513
12.72	1.2757421108526443
12.73	1.896668556516764
12.74	1.889381229173852
12.75	2.5490054629358223
12.76	2.6934078010923117
12.77	3.1760152598511673
12.78	3.8126946435539546
12.79	3.9742627122220426
12.8	3.9682474548907125
12.81	4.753014126206982
12.82	5.063980272189938
12.83	5.399711108879538
12.84	6.017886120624179
12.85	6.3346693920707855
12.86	6.503609081161456
12.87	6.995532498509721
12.88	7.619922158668557
12.89	7.929691444021863
12.9	8.245094158962763
12.91	8.56355143515347
12.92	8.871603306714166
12.93	9.008906012430382
12.94	9.505067700945679
12.95	9.52114253360326
12.96	9.825289761319615
12.97	10.12987169219742
12.98	10.462631057330967
12.99	10.46267166687022
13.0	10.462352086490187
13.01	10.45609878599463
13.02	10.461591969546395
13.03	10.123293783245595
13.04	10.464511536128402
13.05	10.145113602897595
13.06	10.45382084962524
13.07	10.143952600643704
13.08	9.837311002409628
13.09	9.833043014797198
13.1	9.336911225942004
13.11	9.051813755650338
13.12	8.87549924428678
13.13	8.54529311891011
13.14	7.905306842076472
13.15	7.602103422801893
13.16	7.280184671204428
13.17	6.97035205005686
13.18	6.500318461449483
13.19	6.1858873786699
13.2	5.693623534322343
13.21	5.380488338085434
13.22	5.412188249411785
13.23	5.072053334785461
13.24	4.429357804191422
13.25	3.9525684719883185
13.26	3.802465984731765
13.27	3.171580115911972
13.28	3.1682426682681757
13.29	2.8556841599899645
13.3	2.5265301362930517
13.31	2.5415603084387066
13.32	2.219646973096075
13.33	1.9097655103251732
13.34	1.8902661259722666
13.35	1.4291500208240664
13.36	1.2667591857093783
13.37	1.26072318048878
13.38	1.2902577280902947
13.39	1.2622464969457892
13.4	1.2658734205361724
13.41	1.280788174391284
13.42	1.281081422372417
13.43	1.2809169254741128
13.44	1.4144864325986175
13.45	1.418289159180073
13.46	1.903549013780265
13.47	2.208585065056823
13.48	2.5346435934417535
13.49	3.1647793480715953
13.5	3.1564935791697284
13.51	3.496998559510603
13.52	3.8070622622380967
13.53	3.9603139669138265
13.54	4.26663420332424
13.55	4.755322465659924
13.56	5.062833288751698
13.57	5.7175747860391635
13.58	6.022544678642608
13.59	6.328176456721438
13.6	6.49663727403624
13.61	6.97691400244193
13.62	7.295561427194709
13.63	7.621449101275194
13.64	8.235506104781033
13.65	8.234540213095427
13.66	8.565139734981038
13.67	8.87087159016814
13.68	9.029919274560369
13.69	9.020291893725755
13.7	9.516801503461117
13.71	9.5128782308387
13.72	9.489942023808085
13.73	9.028121557978741
13.74	9.815278576584829
13.75	9.83131960565819
13.76	9.674412994935492
13.77	9.829013584378352
13.78	9.492701832439307
13.79	9.50170377698373
13.8	9.499848583779361
13.81	8.866103874673708
13.82	8.872498249428736
13.83	8.571661676206595
13.84	8.248048514065855
13.85	7.929102277497769
13.86	7.929215561605572
13.87	7.59659801533263
13.88	7.26375832356976
13.89	6.498668477136767
13.9	6.344700624631487
13.91	6.332886296131425
13.92	5.710143058344228
13.93	5.385956077555974
13.94	5.395885565591253
13.95	4.732548031068002
13.96	4.4417803819537145
13.97	3.8117490013483932
13.98	3.8008775625234126
13.99	3.343941427116661
14.0	3.327688566238683
14.01	2.861047647795026
14.02	2.8403851092801387
14.03	2.5297026332946353
14.04	2.2244446292348536
14.05	2.2215658347736813
14.06	1.8891840668617588
14.07	1.741850584714316
14.08	1.4282414566203518
14.09	1.4251526156105052
14.1	1.3032782724003187
14.11	1.2615674955697922
14.12	1.3955336155295004
14.13	1.422209596367223
14.14	1.2729530704651504
14.15	1.4285532042259401
14.16	1.9032329808143027
14.17	1.8922193680966741
14.18	1.9068165201575495
14.19	2.2327716429220077
14.2	2.2117932226534447
14.21	2.5425569359296687
14.22	3.1868014091432992
14.23	3.1749401158619324
14.24	3.4839155384920564
14.25	3.478370021151422
14.26	3.9590801220601186
14.27	4.264843942579583
14.28	4.451924694463004
14.29	5.072731676826536
14.3	5.3832474338048835
14.31	5.711421963580304
14.32	6.34244284070424
14.33	6.326662014460408
14.34	6.495087172624445
14.35	6.95956630440765
14.36	7.5913913392514765
14.37	7.614447099392984
14.38	8.235493612691943
14.39	8.238931015816023
14.4	8.407793368414952
14.41	8.87695046748295
14.42	8.879632820156871
14.43	9.045944806790704
14.44	9.028348510443823
14.45	9.509535164499564
14.46	9.53372579422329
14.47	9.504347103596968
14.48	9.515904449596137
14.49	9.033844543666916
14.5	9.493530079462163
14.51	9.037222248733029
14.52	9.027153808490796
14.53	8.870908388526063
14.54	8.869474146567034
14.55	8.568745384674372
14.56	8.250050284173463
14.57	7.933745960908776
14.58	7.942321801669515
14.59	7.598046007868871
14.6	6.980828184743049
14.61	6.493809046391654
14.62	6.349021798830348
14.63	6.335706941380553
14.64	5.689595400933165
14.65	5.384315998391132
14.66	5.07110829480689
14.67	4.7572750183408425
14.68	4.297266984261507
14.69	3.963873984407453
14.7	3.65666155932401
14.71	3.8146217381698797
14.72	3.335755282772945
14.73	3.1733970810195067
14.74	2.839094186157584
14.75	2.5280684626949093
14.76	2.551055831933266
14.77	2.213535488327783
14.78	1.9109250056316947
14.79	1.9056855318000026
14.8	1.899537329037786
14.81	1.8950244742683733
14.82	1.4237386743261096
14.83	1.895811021359261
14.84	1.9133113716972692
14.85	1.4121470917367225
14.86	1.9012527503195593
14.87	1.9189474734242016
14.88	2.2338531588718067
14.89	2.246034144364794
14.9	2.6886392254448572
14.91	2.8503376295073837
14.92	3.163771023819265
14.93	3.1775970930946436
14.94	3.808434259868027
14.95	3.812955169535294
14.96	3.965981068362198
14.97	4.4180151179065215
14.98	5.067111539634345
14.99	5.391452458671878
15.0	5.708995947998398
15.01	6.3328848110514855
15.02	6.338691408155831
15.03	6.971434637727293
15.04	7.597939986980958
15.05	7.600943813522064
15.06	7.9183993736539415
15.07	8.239114109141255
15.08	8.560721934646685
15.09	8.8823833395019
15.1	8.856159630664132
15.11	9.488415340637527
15.12	9.83502183080634
15.13	9.821845409757175
15.14	9.98742159857578
15.15	10.454204678998359
15.16	10.475998400334488
15.17	10.467608887260798
15.18	10.474110665285632
15.19	10.778673495955783
15.2	10.772895645970022
15.21	10.77355946230076
15.22	10.780609615310443
15.23	10.79343810124494
15.24	10.934035207620644
15.25	10.76595970918021
15.26	10.765961248676527
15.27	10.791999438616436
15.28	10.780055882206149
15.29	10.782881981939067
15.3	10.128928765823545
15.31	10.132260606146962
15.32	10.153772874993399
15.33	10.453552245095592
15.34	9.960999090270231
15.35	9.820017300347752
15.36	9.522186337441317
15.37	9.027980109319762
15.38	8.890404746708757
15.39	8.891678458810222
15.4	8.569855783545595
15.41	8.232430099564663
15.42	7.940577364066723
15.43	7.6005179359748265
15.44	7.292818975518123
15.45	6.975867452640834
15.46	6.495594797424588
15.47	6.008515473286862
15.48	5.715000950306974
15.49	5.376244454093073
15.5	5.064497232864256
15.51	4.761584000437308
15.52	3.9591664768376225
15.53	3.8093418992861006
15.54	3.4977109344028707
15.55	3.1614081761384814
15.56	2.836978532422297
15.57	2.215823789235756
15.58	1.9160296700449908
15.59	1.9100674493229262
15.6	1.2804877343015582
15.61	1.2563879302234078
15.62	1.267633281588518
15.63	0.9572268144081602
15.64	0.6400734552974452
15.65	0.3259919729828461
15.66	0.31575202587591933
15.67	-0.004482566157751664
15.68	-0.014198673096830372
15.69	-0.013176480501684825
15.7	0.0008619504994492485
15.71	0.017732597640512725
15.72	-6.159137482960765e-05
15.73	0.014857918542372273
15.74	0.2978167540887685
15.75	0.15394756744446383
15.76	0.31054814888195736
15.77	0.6413149554063236
15.78	0.8115278616844738
15.79	1.249699862599943
15.8	1.272262535896489
15.81	1.4137775643821495
15.82	1.8798178547900901
15.83	2.219686453037102
15.84	2.531869744620936
15.85	3.169251244787167
15.86	3.1606244007412707
15.87	3.336987488401131
15.88	3.8019471102450364
15.89	3.9520116078588665
15.9	4.447185118154708
15.91	5.056662617851051
15.92	5.380168617894892
15.93	5.721311265853539
15.94	6.178589755040854
15.95	6.336211339369648
15.96	6.5126595478170275
15.97	6.990335656701803
15.98	7.603892559043429
15.99	7.589788992866943
16.0	7.942305056956677
16.01	8.20924054088917
16.02	8.229889138874313
16.03	8.24956200261176
16.04	8.55956990356084
16.05	8.853772266413683
16.06	8.88138734011196
16.07	8.885220353916283
16.08	9.02671191164927
16.09	9.03699902106287
16.1	9.024086398542261
16.11	9.032327547387112
16.12	9.04058745641598
16.13	8.86885208765118
16.14	8.861323303446984
16.15	8.877066642590469
16.16	8.867863715553828
16.17	8.5629331606114
16.18	8.234444896882344
16.19	7.921118071653203
16.2	7.912640025362855
16.21	7.287713762223088
16.22	6.970680847873581
16.23	6.490662574659449
16.24	6.349016013492961
16.25	6.3333860971936
16.26	5.701659720926133
16.27	5.384513143756059
16.28	5.062522585392261
16.29	4.9239735055524525
16.3	4.424563661276006
16.31	3.9742937956563535
16.32	3.484328458604248
16.33	3.1776432548229145
16.34	3.1651384500798274
16.35	2.8562130321207677
16.36	2.2022178256689613
16.37	2.2333596361357775
16.38	1.8973298466708974
16.39	1.8845838389427805
16.4	1.431621088646272
16.41	1.4344081922134317
16.42	1.4523965800665692
16.43	1.1069276042206566
16.44	0.9454688816406401
16.45	0.9661973477373841
16.46	0.9500579658570923
16.47	0.9624241792639242
16.48	0.9540913654535559
16.49	1.2836022277773045
16.5	1.4302368712137794
16.51	1.4320543073987417
16.52	1.437380451725163
16.53	1.915099791579767
16.54	2.220052349905179
16.55	2.2060726618820117
16.56	2.6918955450787423
16.57	3.0155836854398386
16.58	3.3191870137175767
16.59	3.8038441076909137
16.6	3.80440238405669
16.61	4.435593671558524
16.62	4.425758294090103
16.63	5.069980066481556
16.64	5.37021865126247
16.65	5.7049386638924355
16.66	6.019390325869491
16.67	6.500217838760332
16.68	6.495062701239618
16.69	7.2967764920439295
16.7	7.614043787995796
16.71	7.919218378904509
16.72	7.936619978822403
16.73	8.208607284218541
16.74	8.55512200776376
16.75	9.030664273217216
16.76	8.879191733425044
16.77	9.509942288996685
16.78	9.484012488152167
16.79	9.834291269558133
16.8	9.802209716834138
16.81	9.835576641075406
16.82	9.838033704336436
16.83	10.125067557772601
16.84	9.811805745401523
16.85	9.828476498440656
16.86	10.143890607568668
16.87	9.823842394096344
16.88	9.818062842118199
16.89	9.51953030718693
16.9	9.499110766432468
16.91	9.04734449367432
16.92	8.886385416139865
16.93	8.551056496188544
16.94	8.25912177408666
16.95	7.92240213304692
16.96	7.60998567349213
16.97	7.2916554021519255
16.98	6.989645420652227
16.99	6.49698526634317
17.0	6.176031392088635
17.01	6.0154433095876625
17.02	5.388915147697321
17.03	5.083988261788685
17.04	5.055396057503729
17.05	4.737897194785746
17.06	3.962040022597092
17.07	3.956027681142139
17.08	3.330054268105186
17.09	3.5087608455270085
17.1	3.026092419902617
17.11	3.1559295508888927
17.12	2.861628736282647
17.13	2.371537148846337
17.14	2.221707695625387
17.15	2.218853070363355
17.16	2.217802681600518
17.17	2.1980186784460436
17.18	1.8951247064078125
17.19	1.9120478581724345
17.2	2.2139573378813684
17.21	1.8954148072517771
17.22	1.880403526523621
17.23	2.214083999591078
17.24	2.529601486396868
17.25	2.211192443049282
17.26	2.534732259938644
17.27	2.8425398030120173
17.28	3.1695553846057334
17.29	3.3295499827349686
17.3	3.641533918594937
17.31	3.8174074370333
17.32	3.964301181048422
17.33	4.426975932300236
17.34	4.8920250843777895
17.35	5.403802485858981
17.36	5.6940808879576075
17.37	5.711396500550206
17.38	6.355489140963876
17.39	6.341864884809565
17.4	6.966360409340957
17.41	7.282747865684585
17.42	7.591011707693054
17.43	7.924386205584399
17.44	8.241050860850384
17.45	8.223796296021751
17.46	8.551899035715069
17.47	8.873999252076105
17.48	9.514390058669617
17.49	9.675213419393284
17.5	9.843263589940214
17.51	9.84489973736503
17.52	9.985703030160929
17.53	10.136365547041297
17.54	10.457039851175821
17.55	10.464938844009815
17.56	10.44549144424139
17.57	10.462635944447046
17.58	10.302015683912952
17.59	10.149797375788776
17.6	10.134159191999272
17.61	9.81189279017496
17.62	9.809975941855013
17.63	9.49858172634974
17.64	9.032499372383334
17.65	8.725782088608458
17.66	8.556799110747972
17.67	7.916963896960591
17.68	7.909409579730755
17.69	7.272274400903888
17.7	6.500616002112725
17.71	6.490462398895112
17.72	6.182169018684572
17.73	5.855026320901168
17.74	5.38651492532645
17.75	5.0600499351912775
17.76	4.7570657125288625
17.77	3.976341233133075
17.78	3.63644742579207
17.79	3.470557390290732
17.8	3.0134551763697357
17.81	2.8509204353354027
17.82	2.377853892643148
17.83	2.376876231288443
17.84	1.8949962736226502
17.85	1.4334432627198912
17.86	1.4344175838656716
17.87	1.258652802589269
17.88	1.1132354296825806
17.89	0.9524704366068543
17.9	1.1062816716837618
17.91	0.941767786689439
17.92	0.48104187416747834
17.93	0.9432216362602088
17.94	0.6311998925422228
17.95	0.6532567400364504
17.96	0.9325599260448741
17.97	0.9476918774683533
17.98	0.7834484610257829
17.99	1.1085541369567176
18.0	1.2718644482911745
18.01	1.4197718207202832
18.02	1.9009238330136704
18.03	2.2256120216478075
18.04	2.3674918583559155
18.05	2.8644582697292753
18.06	3.172260554776428
18.07	3.4845194680863565
18.08	3.9763020245100287
18.09	3.957165240800779
18.1	4.763859141663117
18.11	5.051192210912422
18.12	5.378343829311582
18.13	5.8680939387235265
18.14	6.20407862607792
18.15	6.365217818487211
18.16	6.475853930858335
18.17	7.1370583977875945
18.18	7.460531879807851
18.19	7.938502531612865
18.2	8.070298853760576
18.21	8.098790464283901
18.22	8.551827371525501
18.23	8.885828628640041
18.24	8.874657005641001
18.25	9.033420685938198
18.26	9.023274904440248
18.27	9.033646418933378
18.28	9.026861894920307
18.29	9.513071681719294
18.3	9.827903079494765
18.31	9.028597388300533
18.32	9.035322166089149
18.33	9.041402577965345
18.34	9.03292501763666
18.35	8.894964604660217
18.36	8.734226032103852
18.37	8.541678974557998
18.38	8.237739684781264
18.39	8.089294398127116
18.4	7.604659817903373
18.41	7.298609251018782
18.42	6.487324329599026
18.43	6.329565238291774
18.44	6.343039160200154
18.45	6.026112554488162
18.46	5.549243743193041
18.47	5.067892858967982
18.48	4.745897867472807
18.49	3.9531562012825088
18.5	3.802498681368327
18.51	3.6422417989057347
18.52	3.479900399134498
18.53	2.859264031389476
18.54	2.6913972586690997
18.55	2.2112255097346423
18.56	2.2152860654625117
18.57	1.7362334367134529
18.58	1.4271490286558512
18.59	1.4478195366637527
18.6	1.2778287395948742
18.61	1.0995314869422506
18.62	0.9382969346190382
18.63	0.950773783550924
18.64	0.9543196284199561
18.65	0.7912689380427399
18.66	0.7845197959438212
18.67	0.6469236860603753
18.68	0.6335283084768605
18.69	0.9560044641562577
18.7	1.100208082878268
18.71	1.1136285390023393
18.72	1.0881120607151633
18.73	1.4501232586414767
18.74	1.4281975910068079
18.75	1.431661908000229
18.76	1.735883547139735
18.77	2.385221004960185
18.78	2.532165459724998
18.79	3.02891984344363
18.8	3.0087903409766725
18.81	3.479262630030353
18.82	3.646767205155387
18.83	3.959776455810185
18.84	4.590011189431353
18.85	4.904124091842859
18.86	5.058351792798513
18.87	5.388619747486789
18.88	6.017388709041614
18.89	6.177589446708752
18.9	6.3282298112407815
18.91	6.485584745113384
18.92	6.502606778541109
18.93	7.280767773523196
18.94	7.930344928982391
18.95	7.919710727124565
18.96	8.069043733714762
18.97	8.250602095478598
18.98	8.7127549922859
18.99	8.885355655719932
19.0	9.03191261325571
19.01	9.035372662475393
19.02	9.028079643700991
19.03	9.514511456334931
19.04	9.819249175519992
19.05	9.805534239682094
19.06	9.826620604068525
19.07	9.816881048413466
19.08	9.98116077644835
19.09	9.989908531193286
19.1	9.825156303045567
19.11	9.825388989604415
19.12	9.843884448189785
19.13	9.81897841989376
19.14	9.358321804707153
19.15	9.025544079839078
19.16	9.02954338616623
19.17	8.851975178367416
19.18	8.720214818105195
19.19	8.561846841505
19.2	8.072548406676574
19.21	7.604711171263471
19.22	7.769851266272006
19.23	7.277693466884537
19.24	6.500347679636292
19.25	6.3293869369945215
19.26	6.016615166599532
19.27	6.0274868885979345
19.28	5.388685630909111
19.29	5.07228558596195
19.3	4.766312572503251
19.31	4.433564216036985
19.32	3.9583980163633634
19.33	3.944684695064424
19.34	3.486591845050257
19.35	3.148552878735681
19.36	3.1554654139146767
19.37	2.852965834387829
19.38	2.7097213808314846
19.39	2.5423170012836134
19.4	2.5268569510316854
19.41	2.3867597398870286
19.42	2.5367099803126267
19.43	2.218348382470511
19.44	2.5494506092116005
19.45	2.523491313050382
19.46	2.51769789648343
19.47	2.7095039840423736
19.48	2.8515471357217828
19.49	3.336312827691296
19.5	3.4759443149548295
19.51	3.4891342600872477
19.52	3.7936522187228965
19.53	3.9682021765551942
19.54	4.442970858463546
19.55	4.726029444984281
19.56	5.070417939270803
19.57	5.559809194787787
19.58	6.0154892002492675
19.59	6.175254224641992
19.6	6.510595923389988
19.61	6.816836382454574
19.62	7.2934917449251735
19.63	7.604209606513682
19.64	8.10557703498271
19.65	8.564886248008621
19.66	8.736208109374742
19.67	9.01840091578817
19.68	9.03267409316876
19.69	9.831768178737589
19.7	9.992056812402561
19.71	10.314708356529891
19.72	10.469278741340778
19.73	10.771633156482391
19.74	11.10158391925836
19.75	11.087176408636147
19.76	11.249745304444748
19.77	11.25178052405515
19.78	11.581286456044175
19.79	11.3840829602292
19.8	11.569830515275743
19.81	12.038240917775
19.82	11.8945911578316
19.83	11.907062614506112
19.84	11.581964381764616
19.85	12.043168099108524
19.86	12.204119933388796
19.87	11.551998414284558
19.88	11.566322623159591
19.89	11.573060366084592
19.9	11.413591352411764
19.91	11.106303298913618
19.92	11.090753660998958
19.93	10.776500050732436
19.94	10.47305608197984
19.95	10.142584300133663
19.96	9.505483738278912
19.97	9.025661370007924
19.98	8.556258533473558
19.99	8.22369998679783
20.0	7.7607542904847975
