10.0	0.2620471715166603
10.01	0.2348883713324132
10.02	0.25730824416091724
10.03	0.2260274771453247
10.04	0.24677184776187872
10.05	0.2437003794735151
10.06	0.2605819180777015
10.07	0.24136794941284442
10.08	0.24299446353119897
10.09	0.2551345147369156
10.1	0.2380072080534361
10.11	0.22689110485963118
10.12	0.2524061927879646
10.13	0.25115349557050387
10.14	0.2397058121217359
10.15	0.24115825855360884
10.16	0.2282493353279118
10.17	0.23410639366667815
10.18	0.24189887967515963
10.19	0.2421005937645203
10.2	0.22980900521618494
10.21	0.2575015865159425
10.22	0.2458234259714047
10.23	0.24333080614733937
10.24	0.24243405819922206
10.25	0.24361034901256226
10.26	0.24710601172105873
10.27	0.2536732876364066
10.28	0.2338587900168048
10.29	0.24563221279767158
10.3	0.24238322671798626
10.31	0.2379976817120985
10.32	0.24949786977660587
10.33	0.2396498598125504
10.34	0.24393719903199307
10.35	0.2489982434503717
10.36	0.23797703921947172
10.37	0.23084883422980274
10.38	0.2457941140793852
10.39	0.24973054222513957
10.4	0.2574241074476092
10.41	0.22453282219376539
10.42	0.24017231719473625
10.43	0.24534622824913951
10.44	0.2507578008100204
10.45	0.24005593196692313
10.46	0.23359418773969476
10.47	0.24635355402582226
10.48	0.2507704336960502
10.49	0.24548163841827725
10.5	0.24957829104249962
10.51	0.24357331366637777
10.52	0.24656436039918986
10.53	0.23191630203337296
10.54	0.23497723076698643
10.55	0.22563742054218186
10.56	0.2505849280520299
10.57	0.2427477776621843
10.58	0.24112722449853816
10.59	0.23601994622633665
10.6	0.25327495516607
10.61	0.2449405800271848
10.62	0.25095649057815955
10.63	0.24571293739360087
10.64	0.21832537408198394
10.65	0.24523007037359257
10.66	0.24138785647110148
10.67	0.23238057002968956
10.68	0.25006796538307097
10.69	0.2472860547891883
10.7	0.24841235984329677
10.71	0.23646698617011297
10.72	0.2480290600582469
10.73	0.23731193655580748
10.74	0.23679313123177165
10.75	0.24846992359117043
10.76	0.24457689652878944
10.77	0.2421360843940442
10.78	0.2367786608665552
10.79	0.2557208630132744
10.8	0.2524710508136387
10.81	0.2644265589394623
10.82	0.24314888616970476
10.83	0.24753450497252583
10.84	0.2438598778522334
10.85	0.24766519746925192
10.86	0.2525256213120843
10.87	0.2412807467671025
10.88	0.24881073567425524
10.89	0.2245673926265797
10.9	0.23919306146531583
10.91	0.24046724861460747
10.92	0.2427693361061734
10.93	0.2561315887682072
10.94	0.23302875423936956
10.95	0.24305435911267081
10.96	0.24768927641661515
10.97	0.24963429133571763
10.98	0.25240360672848955
10.99	0.24376789841912072
11.0	0.2293514398364715
11.01	0.22329006115412492
11.02	0.260523364600017
11.03	0.2474966332755037
11.04	0.24208030065278835
11.05	0.24426981185536495
11.06	0.2609858604358699
11.07	0.23966357669196878
11.08	0.2311282559089354
11.09	0.23867850314160624
11.1	0.23670413549384575
11.11	0.2465933171474352
11.12	0.22981999743094061
11.13	0.2587830363318629
11.14	0.24320287409002916
11.15	0.2467457692157618
11.16	0.23290357209476142
11.17	0.23845092330098197
11.18	0.24561719251079342
11.19	0.237475061605462
11.2	0.23381541628070698
11.21	0.22375499529095616
11.22	0.24556982802442295
11.23	0.24217579455918653
11.24	0.2312083879220606
11.25	0.2242930357322504
11.26	0.2315298342820333
11.27	0.24535200032293297
11.28	0.2458698167193433
11.29	0.2532333882811934
11.3	0.2373686107472169
11.31	0.2513899470857854
11.32	0.24398602499127311
11.33	0.2596634384772447
11.34	0.2479283526355483
11.35	0.2370488371312254
11.36	0.2544316896831869
11.37	0.2591344500966977
11.38	0.24056803333058088
11.39	0.2335329430486629
11.4	0.26017544948014926
11.41	0.24236152397346822
11.42	0.25092957736615
11.43	0.24803503548515834
11.44	0.23748283632723763
11.45	0.24331541897873935
11.46	0.25931862062496425
11.47	0.2449738213476169
11.48	0.25167408752788667
11.49	0.24099945752868074
11.5	0.25537235767688365
11.51	0.24004894252958206
11.52	0.2443609316928884
11.53	0.2389025098101285
11.54	0.2267148881123396
11.55	0.22588969467136735
11.56	0.23109361244906165
11.57	0.23034232966830817
11.58	0.25167652320392386
11.59	0.2397434850304988
11.6	0.248683968536163
11.61	0.23050052377522667
11.62	0.2300279695190121
11.63	0.23423600076035517
11.64	0.2444441148232939
11.65	0.250853774031545
11.66	0.2516927804044155
11.67	0.2494833540443648
11.68	0.2696025691861482
11.69	0.2488419633706794
11.7	0.24193529897274596
11.71	0.23449894395870177
11.72	0.2287327120112282
11.73	0.25767510761032963
11.74	0.23684596458683366
11.75	0.24015210817691526
11.76	0.26283473293219106
11.77	0.24761314022471642
11.78	0.2450560395516442
11.79	0.23968674145308808
11.8	0.24101313958842527
11.81	0.21757713737975376
11.82	0.24241795234814958
11.83	0.25085010392736407
11.84	0.2696177049296938
11.85	0.23691698810935874
11.86	0.24306538863918076
11.87	0.26878880037539654
11.88	0.2343445952351292
11.89	0.24046861729215957
11.9	0.2497208793004198
11.91	0.23399510840516186
11.92	0.25777659409326154
11.93	0.24033214747812354
11.94	0.24356245162966222
11.95	0.24837850240851425
11.96	0.24764985796608865
11.97	0.23863441698136179
11.98	0.2364945987402538
11.99	0.2551476202530635
12.0	0.23865254424428098
12.01	0.24576765528850608
12.02	0.2532702147483171
12.03	0.24312602325889707
12.04	0.2468082472428641
12.05	0.22141124800872128
12.06	0.26201471768563567
12.07	0.2425109573127985
12.08	0.23988690955293349
12.09	0.23876154233395142
12.1	0.2574124781461318
12.11	0.23633133542140772
12.12	0.23797961917538935
12.13	0.23902633698197917
12.14	0.22209684357763299
12.15	0.25178534458392066
12.16	0.24095900035044152
12.17	0.21801190672749388
12.18	0.23513981111931442
12.19	0.25551625569826547
12.2	0.24675061624927103
12.21	0.23838190668350911
12.22	0.23842486753298486
12.23	0.2435016676451881
12.24	0.2481494686589691
12.25	0.2203013806505718
12.26	0.24684114741394014
12.27	0.2395766871072531
12.28	0.23611272153075397
12.29	0.24421910113985978
12.3	0.2402738991435816
12.31	0.23300430748469714
12.32	0.25306297972208164
12.33	0.24467934417434695
12.34	0.24479681365970155
12.35	0.23739371403743284
12.36	0.2534685795648326
12.37	0.23937466291530987
12.38	0.241226616876866
12.39	0.23436747674218888
12.4	0.24854840658563554
12.41	0.23109726508191164
12.42	0.249217280902903
12.43	0.22809684490705856
12.44	0.23732687002155597
12.45	0.22116566674836224
12.46	0.25223618073286125
12.47	0.2544902355178785
12.48	0.23793200406421755
12.49	0.2338880791605372
12.5	0.2515173240983608
12.51	0.24248153330147834
12.52	0.24462949557081387
12.53	0.254732231855551
12.54	0.2628203530594331
12.55	0.24973668059958157
12.56	0.2585268552555696
12.57	0.23645818208003022
12.58	0.22538274430415323
12.59	0.24530168625726648
12.6	0.25878816505907354
12.61	0.23152865817085455
12.62	0.26100450429926925
12.63	0.26709721025215033
12.64	0.24306636592827982
12.65	0.2472345706748189
12.66	0.2526535386918287
12.67	0.2537416933338716
12.68	0.2440463277732694
12.69	0.23697237589108175
12.7	0.24669110396930863
12.71	0.2573540230795563
12.72	0.24496453473990568
12.73	0.24433837485877255
12.74	0.23501879561432393
12.75	0.2511377946972703
12.76	0.23142575524987552
12.77	0.2407644174512732
12.78	0.23375386927546432
12.79	0.23956593148077454
12.8	0.24135123558190918
12.81	0.25141058073774725
12.82	0.25144110012592047
12.83	0.23870693715612926
12.84	0.23679185429614502
12.85	0.24401269231265918
12.86	0.2411821893007028
12.87	0.23096628020401588
12.88	0.23579537978907916
12.89	0.22384686426687217
12.9	0.23732209391991219
12.91	0.25265405354744924
12.92	0.24449747825352072
12.93	0.2430275223187634
12.94	0.23983750633724146
12.95	0.2672204653120834
12.96	0.24291671042943438
12.97	0.23325798515793134
12.98	0.2457527260059968
12.99	0.2268405252685826
13.0	0.2542594538240059
13.01	0.24577607221108266
13.02	0.25056657822753087
13.03	0.24453298619587627
13.04	0.23465324783814423
13.05	0.24839544226087384
13.06	0.24252893976965254
13.07	0.2525757137721028
13.08	0.2427418126927707
13.09	0.22950714325663307
13.1	0.25369863260417846
13.11	0.25214358904442263
13.12	0.268612135372669
13.13	0.22777820839370214
13.14	0.2299513516261262
13.15	0.23759538731299132
13.16	0.24609113452405548
13.17	0.22575735714663753
13.18	0.24260125183798434
13.19	0.26191647775900156
13.2	0.23827329028529592
13.21	0.24088633344843105
13.22	0.22752234943183744
13.23	0.22599738311500245
13.24	0.23478778174900422
13.25	0.2393906191845285
13.26	0.24580219794657412
13.27	0.24176746656415704
13.28	0.24942387823263196
13.29	0.24800592695989562
13.3	0.24915257318919393
13.31	0.24261733290941379
13.32	0.2441949091324339
13.33	0.2360600563884644
13.34	0.26010095240475223
13.35	0.22857970585811777
13.36	0.24479251882253733
13.37	0.2500760777536894
13.38	0.24822536435642467
13.39	0.2242100450743217
13.4	0.25368084388360307
13.41	0.21281446226137418
13.42	0.22117069707801457
13.43	0.25320609477189826
13.44	0.24547986860566814
13.45	0.24039780959847162
13.46	0.24829356449263504
13.47	0.24281453737538158
13.48	0.23671471416450587
13.49	0.23653246810253953
13.5	0.23025835917956602
13.51	0.24679722248399663
13.52	0.2598755410764639
13.53	0.22979780013165688
13.54	0.25702868913352694
13.55	0.2586711213631147
13.56	0.24712265822288007
13.57	0.22787024912290021
13.58	0.24253852994304717
13.59	0.27686639540381525
13.6	0.26028640299110606
13.61	0.2392765525857681
13.62	0.2536153045902378
13.63	0.24169466190596864
13.64	0.2472020904553472
13.65	0.23528514974963186
13.66	0.2371671994936608
13.67	0.24675832315562307
13.68	0.24344494024347474
13.69	0.2579663025620885
13.7	0.24731493743858668
13.71	0.24926587203272157
13.72	0.23849602909627532
13.73	0.23936699676038295
13.74	0.2476922143796869
13.75	0.2370457667337226
13.76	0.23679566448767436
13.77	0.23804928192078662
13.78	0.23473896564756605
13.79	0.24880937327249264
13.8	0.24817632183172866
13.81	0.22562717898697232
13.82	0.2544129422768535
13.83	0.2342053369932746
13.84	0.24336739209469865
13.85	0.23267204895110713
13.86	0.24382675925925162
13.87	0.23508741976396466
13.88	0.21758605917462231
13.89	0.2592120485964421
13.9	0.2537885395677848
13.91	0.2592207327489775
13.92	0.24144841867217004
13.93	0.23946552275319252
13.94	0.24602519764995004
13.95	0.23419943780370026
13.96	0.23367277184048574
13.97	0.24427989610787312
13.98	0.25432472950542584
13.99	0.2729034313443659
14.0	0.24430521613348108
14.01	0.2349899358765436
14.02	0.2473383457770313
14.03	0.24656812425895253
14.04	0.24478613994929396
14.05	0.24033950859972503
14.06	0.25248565994161115
14.07	0.24308091399727935
14.08	0.2342822163164524
14.09	0.2466416188283111
14.1	0.24941234275136007
14.11	0.25202996097574
14.12	0.2433440466120454
14.13	0.2402660565977519
14.14	0.24400775757731508
14.15	0.24003419173734514
14.16	0.2445924455140252
14.17	0.25685479384220844
14.18	0.24471889720805273
14.19	0.2407501182555966
14.2	0.22855718129083602
14.21	0.23986252739799915
14.22	0.24977746243668283
14.23	0.24155419998455163
14.24	0.2507631808913103
14.25	0.25092460254720406
14.26	0.2607504958678228
14.27	0.24258142110653744
14.28	0.2295537952107892
14.29	0.23831388597492054
14.3	0.23903184074845302
14.31	0.23235707738713157
14.32	0.24904626097958757
14.33	0.22248875790620018
14.34	0.24763746755991856
14.35	0.23015553495978175
14.36	0.24838556260493716
14.37	0.2461974132889781
14.38	0.23321057258184383
14.39	0.21986051520385444
14.4	0.24526942001638105
14.41	0.23686224524778757
14.42	0.24108782254051928
14.43	0.24961629919712164
14.44	0.2361501374679055
14.45	0.2614369679475451
14.46	0.23932681203590295
14.47	0.2404106515832097
14.48	0.24447003619025257
14.49	0.24343606108750265
14.5	0.23755051558340934
14.51	0.23621588950127365
14.52	0.2352277749968948
14.53	0.24714641106677732
14.54	0.25756993345254603
14.55	0.2392467692081339
14.56	0.24171353495656003
14.57	0.23996236946070798
14.58	0.23058658747956387
14.59	0.24835731804673253
14.6	0.25623512724628517
14.61	0.23063532815781462
14.62	0.24852740608821677
14.63	0.2359607900271311
14.64	0.24839376880465136
14.65	0.2478974391913057
14.66	0.23769449217616262
14.67	0.2472896228534301
14.68	0.22872054310859494
14.69	0.27281321226490857
14.7	0.26440404005320206
14.71	0.24678260750974204
14.72	0.255124764313377
14.73	0.2407635778449822
14.74	0.2516727761980275
14.75	0.24147964470302322
14.76	0.25139812458674066
14.77	0.2477705216055993
14.78	0.2261140053446631
14.79	0.24415619904265606
14.8	0.24062390794168936
14.81	0.2651543435070381
14.82	0.24348370401133648
14.83	0.23692794899567945
14.84	0.26575182009232406
14.85	0.255475086552327
14.86	0.2598786771778313
14.87	0.2380543525714451
14.88	0.2666924435916499
14.89	0.25279569451391876
14.9	0.24391939591589404
14.91	0.23769410320465412
14.92	0.24941918890152542
14.93	0.2449032082024385
14.94	0.2543993586534329
14.95	0.22949639432654104
14.96	0.2545428878331702
14.97	0.2372948906963399
14.98	0.23634272210886612
14.99	0.2504643960184959
15.0	0.23643746937224175
15.01	0.24577375430341272
15.02	0.2337831890304201
15.03	0.2296538110346459
15.04	0.2572163702216575
15.05	0.25816325943055257
15.06	0.2334163602237575
15.07	0.2698653752823122
15.08	0.24717935743951933
15.09	0.21938060917515595
15.1	0.2182742476517369
15.11	0.2759506362650997
15.12	0.23161712395106102
15.13	0.2497907490348038
15.14	0.24275268522750248
15.15	0.24797085930551896
15.16	0.23970311302310285
15.17	0.24691003615284787
15.18	0.24157294495245527
15.19	0.23882865838271064
15.2	0.23297849097872048
15.21	0.234433939656372
15.22	0.2594345466903977
15.23	0.2541282791559243
15.24	0.24438827702772298
15.25	0.2349751533603348
15.26	0.25164597517191045
15.27	0.24495651063843715
15.28	0.27240259995908533
15.29	0.24915197299797634
15.3	0.25418607348985045
15.31	0.24873850467012706
15.32	0.23585957252596995
15.33	0.24559139947500186
15.34	0.24796128519717825
15.35	0.23740376883764402
15.36	0.25509787290518265
15.37	0.24384038757410542
15.38	0.24931021612046397
15.39	0.23132506318248044
15.4	0.23581587330987566
15.41	0.2387780088614045
15.42	0.2447075265653227
15.43	0.2511285819446467
15.44	0.2346173558716961
15.45	0.25457539254051537
15.46	0.24639495759659966
15.47	0.257949951466501
15.48	0.2492678166821065
15.49	0.25502397062590687
15.5	0.2472594342596368
15.51	0.240656477738877
15.52	0.25385733199360283
15.53	0.238353106475202
15.54	0.22428638555234393
15.55	0.24849816517507523
15.56	0.25188219280891166
15.57	0.21916675580615064
15.58	0.254749749159583
15.59	0.2534132166794408
15.6	0.2597054791489538
15.61	0.24744725131744885
15.62	0.25893844222840645
15.63	0.24693012659570365
15.64	0.22553919834413935
15.65	0.23958422091650397
15.66	0.22824513107355424
15.67	0.2539131860252577
15.68	0.23258276854072404
15.69	0.26181817843420985
15.7	0.26146756256005427
15.71	0.24904190954386726
15.72	0.23134784274923142
15.73	0.25335146439190775
15.74	0.26689165953216204
15.75	0.2357281361719065
15.76	0.24329824264641112
15.77	0.21385740829413055
15.78	0.25541746695875966
15.79	0.23613920078268977
15.8	0.2464586104018718
15.81	0.24800046489128574
15.82	0.24540218086394702
15.83	0.25906731193672233
15.84	0.27237644493025936
15.85	0.252362317181357
15.86	0.24851238334377626
15.87	0.24183706899918392
15.88	0.22829374431551053
15.89	0.2214662923030345
15.9	0.25740158704448796
15.91	0.23227355312019896
15.92	0.23485766116592008
15.93	0.2345252155016511
15.94	0.23379388294859604
15.95	0.2401649230302022
15.96	0.23890791081892543
15.97	0.2398433810840875
15.98	0.2439499640931517
15.99	0.25387888055918434
16.0	0.22453292961763446
16.01	0.2583390669363428
16.02	0.26315059650914185
16.03	0.23517850977321703
16.04	0.2576229009710026
16.05	0.24018219505390462
16.06	0.23881114512651172
16.07	0.23743425468613333
16.08	0.2443129226116717
16.09	0.23266444149313176
16.1	0.24720701582816032
16.11	0.2441521141554491
16.12	0.26219535965642116
16.13	0.24299445333819597
16.14	0.24259259970234476
16.15	0.23941537050935155
16.16	0.24599562677866643
16.17	0.2407706524757739
16.18	0.24320206650920584
16.19	0.22907189111663542
16.2	0.24555264575385505
16.21	0.2318752285210029
16.22	0.2361888860761944
16.23	0.2629969204868473
16.24	0.2423395319046869
16.25	0.24817723201791567
16.26	0.2244849390133858
16.27	0.25186349048293116
16.28	0.23337686694241933
16.29	0.2517801573421202
16.3	0.2533847418514034
16.31	0.22935615701581538
16.32	0.2610858696410642
16.33	0.260706006097519
16.34	0.22429731536853184
16.35	0.2507330995679673
16.36	0.24429222962652186
16.37	0.23993666604440622
16.38	0.2446225688286241
16.39	0.23325700189530002
16.4	0.2583228707323441
16.41	0.23103466543731133
16.42	0.24139194562256355
16.43	0.24412731163544082
16.44	0.25200747720906175
16.45	0.26291466035635214
16.46	0.23251932111359483
16.47	0.2364665858961156
16.48	0.23980954521452863
16.49	0.2614076026315843
16.5	0.2419292809340872
16.51	0.24802996713284683
16.52	0.253568244798107
16.53	0.23528679932944732
16.54	0.23203343788689657
16.55	0.26122141756378076
16.56	0.2447663646911234
16.57	0.253853095507018
16.58	0.26201388372524526
16.59	0.23113992531527755
16.6	0.25121046854537493
16.61	0.25765981282307476
16.62	0.24673972833578137
16.63	0.25010567296544844
16.64	0.24387836842624744
16.65	0.2561787986342283
16.66	0.22103487388350332
16.67	0.23734455948895858
16.68	0.23711567329377886
16.69	0.2406364107655539
16.7	0.24230830633615455
16.71	0.2450131615497531
16.72	0.243575183786656
16.73	0.2480517435714968
16.74	0.2310079608005289
16.75	0.2591680259531651
16.76	0.2440241565463876
16.77	0.2661110251038549
16.78	0.2574641042574681
16.79	0.25400697993335736
16.8	0.2520525059518295
16.81	0.25238506669980215
16.82	0.24215624914278092
16.83	0.25499506749920503
16.84	0.24540832117457811
16.85	0.2434674860899074
16.86	0.23996121090144168
16.87	0.2264680625582104
16.88	0.2579660585818381
16.89	0.2252048764287551
16.9	0.2394929305863084
16.91	0.2649836394710707
16.92	0.2450117897069698
16.93	0.2500752319249868
16.94	0.24683410270590886
16.95	0.24585389731154955
16.96	0.23113056364752738
16.97	0.25956448291554457
16.98	0.24749583040515177
16.99	0.25396750631230397
17.0	0.23451521566583244
17.01	0.23996190775097329
17.02	0.256555116093526
17.03	0.2458446216482692
17.04	0.2534320568946882
17.05	0.2556482343902377
17.06	0.24755026835475163
17.07	0.25674365150157047
17.08	0.2523351339477453
17.09	0.25537715420544593
17.1	0.2539723729121417
17.11	0.24301252789954775
17.12	0.2397486636136859
17.13	0.2327773831201962
17.14	0.2371026401632683
17.15	0.23627949387580144
17.16	0.2403747644337928
17.17	0.2397461323986877
17.18	0.2536077426200869
17.19	0.2454545786050931
17.2	0.25206525752858666
17.21	0.24353788232227594
17.22	0.2479885328426554
17.23	0.24129557968954907
17.24	0.24155089397836782
17.25	0.24140469109235188
17.26	0.23956855992096088
17.27	0.28253463492831427
17.28	0.2464388097567918
17.29	0.24039164769782334
17.3	0.2439753628068804
17.31	0.2393692980706911
17.32	0.24200471588164718
17.33	0.23053414780482442
17.34	0.24675475711367942
17.35	0.2677015969351998
17.36	0.232104823154637
17.37	0.25276862218807145
17.38	0.24594809544384041
17.39	0.24611690805811223
17.4	0.24205290822122025
17.41	0.24266104397899543
17.42	0.23949229802020655
17.43	0.23761819165737985
17.44	0.23645276725072842
17.45	0.2338035323749974
17.46	0.21372442306569542
17.47	0.24103859818683782
17.48	0.25474788201213305
17.49	0.23410018122352802
17.5	0.249769089793799
17.51	0.2628457996788463
17.52	0.2600382467399706
17.53	0.25143383472260356
17.54	0.22945158973554527
17.55	0.24237311726851202
17.56	0.24341435617705653
17.57	0.24521722675767504
17.58	0.22675846728776616
17.59	0.24603388986612523
17.6	0.25965026395726104
17.61	0.25561726703187715
17.62	0.2338944780129365
17.63	0.25409901505927407
17.64	0.23219838468151094
17.65	0.24218520680213107
17.66	0.2506827952082375
17.67	0.24412901181666855
17.68	0.25038654859871573
17.69	0.22837533736839133
17.7	0.24758713704483684
17.71	0.24161017102538543
17.72	0.23644474655157205
17.73	0.2342616182157941
17.74	0.2516886274295618
17.75	0.2421978823047289
17.76	0.23989781894342097
17.77	0.2495905375224786
17.78	0.24605088193304317
17.79	0.23598117579373018
17.8	0.25196442405061337
17.81	0.24178667306386234
17.82	0.2614397346363527
17.83	0.26780776299040826
17.84	0.2459813628518384
17.85	0.2538415744664269
17.86	0.2588754594764315
17.87	0.24039819800788303
17.88	0.24491995916097994
17.89	0.23864025123083993
17.9	0.23990057656327204
17.91	0.23821259017889188
17.92	0.2550817839703072
17.93	0.23344963252956927
17.94	0.22680961445002185
17.95	0.23209055561667585
17.96	0.2536092515677772
17.97	0.23440225635093384
17.98	0.23982745767114624
17.99	0.2266711204056237
18.0	0.23703568604943498
18.01	0.23421957593810486
18.02	0.23723584906392328
18.03	0.2515081279685548
18.04	0.25488998227484294
18.05	0.2468938619832724
18.06	0.2557116336812821
18.07	0.23543069695239505
18.08	0.2562813268586932
18.09	0.23724559574635787
18.1	0.2465093995469492
18.11	0.24189559423834575
18.12	0.2503716683944977
18.13	0.24441394694048119
18.14	0.2466909640195695
18.15	0.2606548478664585
18.16	0.24909462483697387
18.17	0.22791263250482333
18.18	0.23706867759231595
18.19	0.23992097686790215
18.2	0.24949427958039852
18.21	0.23383010428126905
18.22	0.23232921819776614
18.23	0.22748502104711657
18.24	0.2349971860479383
18.25	0.2426148706192717
18.26	0.2619275816017864
18.27	0.255804075861707
18.28	0.24733035624512598
18.29	0.24351170518142884
18.3	0.2563716049903998
18.31	0.24163472297457791
18.32	0.2549531908507739
18.33	0.23495883519936483
18.34	0.23686741188937213
18.35	0.2473109827021006
18.36	0.23379414615446031
18.37	0.25453121476087154
18.38	0.24324193559592175
18.39	0.2615655301976675
18.4	0.2378751496203434
18.41	0.21543652565581098
18.42	0.2530702419520126
18.43	0.23657792647117426
18.44	0.24782982069490062
18.45	0.23869141948499947
18.46	0.2361095599221079
18.47	0.2602350340154678
18.48	0.23414922262676213
18.49	0.24672425442456383
18.5	0.24083557460966176
18.51	0.2342645184441342
18.52	0.24601741891392762
18.53	0.23458996348011008
18.54	0.2445993921349172
18.55	0.23906206521207546
18.56	0.23417995099174527
18.57	0.23906703115438172
18.58	0.2565665676454663
18.59	0.23382332866967473
18.6	0.24562681501775294
18.61	0.2472707873631997
18.62	0.24970967088955826
18.63	0.25648086959443955
18.64	0.2395811681876922
18.65	0.24736850984539638
18.66	0.25638425226127076
18.67	0.2641765205067152
18.68	0.2578746940946743
18.69	0.24660031605389088
18.7	0.2502618126349667
18.71	0.22763028912262062
18.72	0.24201906271672588
18.73	0.23907034155585008
18.74	0.25877156574799953
18.75	0.24803774181982008
18.76	0.23313110039948837
18.77	0.25482998268329693
18.78	0.2637391206397454
18.79	0.2369978533159868
18.8	0.24940576427919808
18.81	0.23995777392210121
18.82	0.23944622585561898
18.83	0.2557715254696565
18.84	0.22037478957942924
18.85	0.23941685591520043
18.86	0.2519630670554196
18.87	0.25123918931564104
18.88	0.2275205251482045
18.89	0.23274007627347143
18.9	0.23830435561393004
18.91	0.23945293638718418
18.92	0.25467355566662364
18.93	0.23919406787366992
18.94	0.2343641607829759
18.95	0.24087839775369713
18.96	0.2719656872958641
18.97	0.25106359091679575
18.98	0.24569748821512644
18.99	0.24846035979042752
19.0	0.25703367224850776
19.01	0.2384531866990928
19.02	0.24408038451790434
19.03	0.24910860056566378
19.04	0.2520405875449741
19.05	0.2372690563405179
19.06	0.2428504949011146
19.07	0.24386825906861528
19.08	0.25230200620581367
19.09	0.24415360166702524
19.1	0.25158728053592383
19.11	0.2404332196052433
19.12	0.24485962303423858
19.13	0.2654771858932085
19.14	0.23737508334179414
19.15	0.27115367764468723
19.16	0.2463667143347287
19.17	0.2411934223300258
19.18	0.24525915549299984
19.19	0.2531907789300842
19.2	0.24830294084800653
19.21	0.2433897346269839
19.22	0.24855977211623975
19.23	0.25391325850206625
19.24	0.25989756177020473
19.25	0.25155214295426137
19.26	0.23984111525788088
19.27	0.26953318837643375
19.28	0.24990833850555205
19.29	0.2413496711054005
19.3	0.26294003825169576
19.31	0.25620052493147566
19.32	0.23457470502139144
19.33	0.24444989115808058
19.34	0.2529926093009073
19.35	0.2439287429615535
19.36	0.23823336241111964
19.37	0.2384097691759978
19.38	0.24636580009140605
19.39	0.26797185235661747
19.4	0.2434157844802795
19.41	0.2547941312334041
19.42	0.2544360299062869
19.43	0.2517054634050434
19.44	0.23497716438446356
19.45	0.26288878168073754
19.46	0.24141302353868388
19.47	0.251265019747742
19.48	0.24912195547539495
19.49	0.22518121551766962
19.5	0.25641042342982606
19.51	0.23916944441522914
19.52	0.24882248484158234
19.53	0.24348350857362325
19.54	0.24962074805379367
19.55	0.2446670736940415
19.56	0.23417010943816363
19.57	0.2471086005566958
19.58	0.26229084908952327
19.59	0.23561274532251564
19.6	0.2407365009291182
19.61	0.2583868428754764
19.62	0.24999916670831182
19.63	0.240588081920136
19.64	0.2431366339610593
19.65	0.245962786563564
19.66	0.24079140108072217
19.67	0.2418628210348335
19.68	0.23218392485264688
19.69	0.23618173302738069
19.7	0.23757837598015938
19.71	0.2424748586334959
19.72	0.24904199844822703
19.73	0.2261498750919837
19.74	0.22989788570065744
19.75	0.24498117721216192
19.76	0.23037947506302814
19.77	0.2432787805185318
19.78	0.26078314480402986
19.79	0.24703845214397924
19.8	0.23067840502670875
19.81	0.2579988388001708
19.82	0.2409674675626673
19.83	0.23466988937184474
19.84	0.24969789851566107
19.85	0.24727035943411008
19.86	0.24434763899588044
19.87	0.26502449170556724
19.88	0.23422130647544462
19.89	0.2512929463603273
19.9	0.24696301857141204
19.91	0.2509612944417361
19.92	0.23425672197382777
19.93	0.24896304337015754
19.94	0.25070470964042835
19.95	0.23417135752612545
19.96	0.2345873164565236
19.97	0.24910414465169925
19.98	0.23129881605012237
19.99	0.2377710141890428
20.0	0.2541210589551441
20.01	0.23371698027572083
20.02	0.24517000612822387
20.03	0.24637971138388404
20.04	0.23929001084155516
20.05	0.2637296433956717
20.06	0.2398221379290031
20.07	0.24604242068777363
20.08	0.24669923810853964
20.09	0.23300527054307432
20.1	0.25603500196777484
20.11	0.24620073942885923
20.12	0.2397932482958261
20.13	0.2313741055017566
20.14	0.2256449932598674
20.15	0.24953683363495544
20.16	0.23681838566850374
20.17	0.24288588013162377
20.18	0.2568385476089173
20.19	0.24971049031221126
20.2	0.25255495877036893
20.21	0.23786724313441596
20.22	0.2578491009845182
20.23	0.2493987844126764
20.24	0.24141755216458807
20.25	0.2600806867521475
20.26	0.2586690315798822
20.27	0.2563572771970178
20.28	0.2505789965197232
20.29	0.22712216910564478
20.3	0.24134278518544383
20.31	0.25442185329467487
20.32	0.22763490566686176
20.33	0.24370643255469857
20.34	0.25277480898856597
20.35	0.23189273227555057
20.36	0.24489252236214556
20.37	0.2393342578124059
20.38	0.24406195206945602
20.39	0.22998863632599534
20.4	0.24730525381773738
20.41	0.23380715711246874
20.42	0.23999137131730933
20.43	0.24100204739301984
20.44	0.2616735272988824
20.45	0.23397029058726446
20.46	0.22535639760272225
20.47	0.2516781787745448
20.48	0.25805974787644415
20.49	0.23881919749677571
20.5	0.2535558608724908
20.51	0.24320070726545087
20.52	0.25135719451826877
20.53	0.2536205358709817
20.54	0.24120331182933016
20.55	0.2625806592587854
20.56	0.22104513049787883
20.57	0.2533145680272705
20.58	0.24621760134897647
20.59	0.2368518875773894
20.6	0.2343278457226052
20.61	0.242164846282479
20.62	0.2454202504740549
20.63	0.2543632672838942
20.64	0.23918851664664
20.65	0.2364175089710362
20.66	0.25034355424257093
20.67	0.2331526746863972
20.68	0.25307809341337517
20.69	0.23645892782579955
20.7	0.24696066307153292
20.71	0.23160443371741388
20.72	0.22617485817569535
20.73	0.2342944844400431
20.74	0.23610965155260724
20.75	0.250830452905332
20.76	0.24607196103781437
20.77	0.251575745255844
20.78	0.23442374242738395
20.79	0.272930243072142
20.8	0.2412882166366845
20.81	0.2608672652496055
20.82	0.2478462710564734
20.83	0.2491128753067509
20.84	0.2554497610841349
20.85	0.24489970774516975
20.86	0.23201632042594245
20.87	0.25393667189943797
20.88	0.23890695804112147
20.89	0.23832189586709931
20.9	0.2465266416790554
20.91	0.24494775630994386
20.92	0.25015933132269863
20.93	0.24811961984998326
20.94	0.24426914881366632
20.95	0.24358349209846264
20.96	0.24041597729580858
20.97	0.24689028113615574
20.98	0.25058296127561136
20.99	0.2455699169094771
21.0	0.2447454638671415
21.01	0.23304660717768594
21.02	0.23104687844488297
21.03	0.24189452927664634
21.04	0.24873867432574823
21.05	0.2677330867011502
21.06	0.23999544365503797
21.07	0.25116059252966183
21.08	0.25610310913315687
21.09	0.2614673829316994
21.1	0.25039142994128877
21.11	0.2486909651573524
21.12	0.25169923342566175
21.13	0.23988788981967635
21.14	0.24563447965351376
21.15	0.23585234742912206
21.16	0.2564286922794382
21.17	0.23217375299914267
21.18	0.25228689354119366
21.19	0.23826735594354295
21.2	0.2292457060464388
21.21	0.23840607237463085
21.22	0.2578196627535149
21.23	0.23989734699743995
21.24	0.24439248020917304
21.25	0.24287222158973093
21.26	0.22477744303628736
21.27	0.2440179023776031
21.28	0.27349683014968085
21.29	0.2461598768394549
21.3	0.2386268808671772
21.31	0.2503988493129733
21.32	0.2492054145232404
21.33	0.2525684354306628
21.34	0.2556645616114795
21.35	0.24478832865315564
21.36	0.25466210063617634
21.37	0.26067505290320614
21.38	0.24292272764720288
21.39	0.25840506014809983
21.4	0.24124846883206327
21.41	0.24895341811604887
21.42	0.24477878769317768
21.43	0.2476152980041774
21.44	0.23893004533249412
21.45	0.23305408992805152
21.46	0.23443554614311254
21.47	0.22469738388976715
21.48	0.2429856629329327
21.49	0.24456152499681866
21.5	0.2535803508768015
21.51	0.24566749612383407
21.52	0.25422515811926744
21.53	0.22292697513313042
21.54	0.24610331272172944
21.55	0.24631166840820126
21.56	0.2527100659530877
21.57	0.2742465284765739
21.58	0.24434230810311927
21.59	0.24766643409362019
21.6	0.25520570912959994
21.61	0.2533706280410255
21.62	0.2523920419809807
21.63	0.2532042655800153
21.64	0.23173162591196142
21.65	0.26403656949911486
21.66	0.2391875984104547
21.67	0.25797439866075067
21.68	0.2402075546470813
21.69	0.25099495515676334
21.7	0.2468362045501681
21.71	0.23158998070075032
21.72	0.25164364626546876
21.73	0.24900417135661582
21.74	0.2392969716698696
21.75	0.22769714481338418
21.76	0.23532948390468839
21.77	0.2492547611968103
21.78	0.24304155799736826
21.79	0.2306777976953255
21.8	0.2381380273469691
21.81	0.24184191952598408
21.82	0.22780575637418957
21.83	0.2304581773570775
21.84	0.2546201654264202
21.85	0.26440963679285767
21.86	0.2552385981881287
21.87	0.26036863540382843
21.88	0.24138189657313344
21.89	0.2456239173967398
21.9	0.24294054202497403
21.91	0.2359773535534996
21.92	0.2263480573663967
21.93	0.2503186216065947
21.94	0.2318400492835772
21.95	0.2634947770366349
21.96	0.2501603403324633
21.97	0.2559986868410239
21.98	0.23576754805477754
21.99	0.24318507935488756
22.0	0.2440572137287002
