10.0	0.26381689368850675
10.01	0.2519190600958399
10.02	0.21901062470454105
10.03	0.24138987926784533
10.04	0.26081961420374544
10.05	0.2682137707940041
10.06	0.22972535824746246
10.07	0.24602815665530764
10.08	0.24766950409828947
10.09	0.2383853086395054
10.1	0.24533291023878712
10.11	0.2235584861087648
10.12	0.25592067225825166
10.13	0.2504178123155369
10.14	0.2411763457026851
10.15	0.25450436483004735
10.16	0.2369380741749751
10.17	0.25160244437237445
10.18	0.2470157518260833
10.19	0.23377395804798534
10.2	0.255381564471878
10.21	0.24176940727908913
10.22	0.22670417406259863
10.23	0.2449043529466335
10.24	0.2490185547088188
10.25	0.2461519040313105
10.26	0.2438770381147918
10.27	0.23537267581142202
10.28	0.2535033219340621
10.29	0.24080811677839895
10.3	0.22264708443426554
10.31	0.2281487327522988
10.32	0.25748928577098834
10.33	0.25281884981821034
10.34	0.2363087022426401
10.35	0.25474480133116817
10.36	0.25978392803545847
10.37	0.25249672032517534
10.38	0.24501571653285606
10.39	0.24940422483823307
10.4	0.2572752802604825
10.41	0.24219560126791412
10.42	0.2444120051436788
10.43	0.2310378981808094
10.44	0.23680362618284184
10.45	0.23801167562550432
10.46	0.22972581157577143
10.47	0.2454759804242528
10.48	0.25955353176622914
10.49	0.2385726616269127
10.5	0.23705374155883963
10.51	0.23902053317657773
10.52	0.24688200725072484
10.53	0.2345801275084889
10.54	0.26261428457559094
10.55	0.2785902943543016
10.56	0.24676068002139148
10.57	0.2450356559493969
10.58	0.26652862490729234
10.59	0.24973954453766883
10.6	0.2396301889693996
10.61	0.2327209585985953
10.62	0.23763689450467074
10.63	0.22572234063880525
10.64	0.2270346329770185
10.65	0.2583833026018102
10.66	0.25084518056222865
10.67	0.2545405339080704
10.68	0.23813451330957142
10.69	0.24415679027577275
10.7	0.2544126350391942
10.71	0.25377914556009207
10.72	0.24248669909050496
10.73	0.24912830442036507
10.74	0.24149302227365377
10.75	0.25769959690078986
10.76	0.22624774627679467
10.77	0.25611400833058484
10.78	0.25120908559380417
10.79	0.23298543965836363
10.8	0.24845939250179244
10.81	0.24118601809943951
10.82	0.24586620917387922
10.83	0.2634554857956583
10.84	0.268631429245087
10.85	0.24734051919517086
10.86	0.2314018133569041
10.87	0.24147616041540404
10.88	0.25008815920684113
10.89	0.23318742042226462
10.9	0.23683223230201975
10.91	0.2464690688592885
10.92	0.24954222145213537
10.93	0.24070578700743037
10.94	0.2438855508085897
10.95	0.2376974107147971
10.96	0.2503125711375082
10.97	0.24360722584446934
10.98	0.2571223303307633
10.99	0.24008863195086158
11.0	0.2479284667591686
11.01	0.2246494367052799
11.02	0.25288667000400195
11.03	0.23850490147863931
11.04	0.24411849884802242
11.05	0.244483066249838
11.06	0.2459682240472338
11.07	0.22617356525337634
11.08	0.24225300994042892
11.09	0.23940290203327594
11.1	0.24792563891342437
11.11	0.215627931619391
11.12	0.22333686066983677
11.13	0.23635433173210738
11.14	0.24269830128734174
11.15	0.2473351182219415
11.16	0.2471743583519445
11.17	0.2413092549350629
11.18	0.2448954376197064
11.19	0.25126559661644604
11.2	0.24424882323402386
11.21	0.23188648181703964
11.22	0.24923440243076916
11.23	0.2298342636695841
11.24	0.232603648844245
11.25	0.2596860678651296
11.26	0.25558343703307806
11.27	0.2516883609422974
11.28	0.25380297284217307
11.29	0.2421624749117797
11.3	0.2476575430706417
11.31	0.26164399675023525
11.32	0.2471135540431504
11.33	0.24018920834722451
11.34	0.2248725645958274
11.35	0.24274258973786036
11.36	0.22007476498836248
11.37	0.24025808911510935
11.38	0.2534942457833935
11.39	0.24125882844884028
11.4	0.24716159683054162
11.41	0.24667271526330908
11.42	0.26263778000718635
11.43	0.24581160666815097
11.44	0.24288396281854127
11.45	0.23900120039164402
11.46	0.24741633550183512
11.47	0.2451876632291717
11.48	0.23556176670995144
11.49	0.230433505937282
11.5	0.2429590579695046
11.51	0.24991561808338664
11.52	0.2303239464914205
11.53	0.24018186817770995
11.54	0.24078142779944142
11.55	0.23053308199355277
11.56	0.238989599094353
11.57	0.24668112031092412
11.58	0.23977811393036197
11.59	0.24152965504397303
11.6	0.2324204122002331
11.61	0.2557548856635214
11.62	0.24143383688105452
11.63	0.23469238297686443
11.64	0.2502824611604162
11.65	0.2592001585930197
11.66	0.23714851830916367
11.67	0.24168988210772313
11.68	0.24333947357583627
11.69	0.23922068442542224
11.7	0.2563234368649764
11.71	0.22920890901039004
11.72	0.24904391413862922
11.73	0.24663326400697955
11.74	0.2523135687590775
11.75	0.2505337985640871
11.76	0.2389755749623513
11.77	0.244437221527065
11.78	0.22600269753220137
11.79	0.23317573409614561
11.8	0.2398036441725456
11.81	0.2592921855934505
11.82	0.2496070469008433
11.83	0.2521786347811826
11.84	0.25914627620659897
11.85	0.23447885453700335
11.86	0.23662063872811379
11.87	0.22572970100537026
11.88	0.24243260182016024
11.89	0.24084663904512024
11.9	0.24720164375343473
11.91	0.2517171762605716
11.92	0.2544672412699038
11.93	0.23736843435640625
11.94	0.23439034856954225
11.95	0.23406997986240974
11.96	0.24482616793584702
11.97	0.2638176395717117
11.98	0.24598801672414664
11.99	0.23732540074393488
12.0	0.23306173440293845
12.01	0.22941285430181824
12.02	0.2343551200351382
12.03	0.24369120153393245
12.04	0.22496978386239042
12.05	0.2230897106133099
12.06	0.257043685992927
12.07	0.23862977626295692
12.08	0.2401214096836057
12.09	0.24012794252877268
12.1	0.24175457703727235
12.11	0.23937878213460073
12.12	0.24344710892864962
12.13	0.23625980961449072
12.14	0.2420507392523764
12.15	0.2358123745139211
12.16	0.24641163569062519
12.17	0.2471429106318308
12.18	0.25035747018349097
12.19	0.22700928293014394
12.2	0.24162969417676083
12.21	0.25334218804951625
12.22	0.2462043597157717
12.23	0.24326271645842426
12.24	0.24013879305082417
12.25	0.2565582397746429
12.26	0.2459004696822454
12.27	0.2562972324963923
12.28	0.2397092108917471
12.29	0.23291799286182474
12.3	0.26357561960291415
12.31	0.23639275824010422
12.32	0.2415267783529552
12.33	0.2517423541233419
12.34	0.24447875173389888
12.35	0.23457639959361273
12.36	0.23327699095888035
12.37	0.2516597736646484
12.38	0.24866128899993226
12.39	0.24704591587347538
12.4	0.23311466923342566
12.41	0.2381491846037715
12.42	0.23425174165405716
12.43	0.23280323978382528
12.44	0.2433695546801633
12.45	0.2491573566755937
12.46	0.2298946718861366
12.47	0.25536979297930706
12.48	0.24046401196475325
12.49	0.24223127473009745
12.5	0.24078990036145376
12.51	0.23848273875747775
12.52	0.2674398812623626
12.53	0.25561701796018005
12.54	0.24117643141775913
12.55	0.25186661228013246
12.56	0.23125191097730585
12.57	0.22663763464512626
12.58	0.2615105539613653
12.59	0.25187308968795746
12.6	0.2491395789023346
12.61	0.2434765133420186
12.62	0.2400772927592135
12.63	0.24973657236945374
12.64	0.2419699937490151
12.65	0.2390081204283006
12.66	0.2549170568049323
12.67	0.25713671944902494
12.68	0.24297509427216962
12.69	0.24456634028420018
12.7	0.2412354558718363
12.71	0.244496952822847
12.72	0.2494646961709155
12.73	0.25014188917449603
12.74	0.2560926627577382
12.75	0.22908034135089378
12.76	0.24277703070732462
12.77	0.24429062522791908
12.78	0.2435197149990042
12.79	0.22465945925875783
12.8	0.24644140795028754
12.81	0.23999462090426432
12.82	0.24536439610211164
12.83	0.25181393085777665
12.84	0.25900172176680364
12.85	0.2528348981610795
12.86	0.23607280419386828
12.87	0.23502965397706949
12.88	0.2744833479814189
12.89	0.2351284906401988
12.9	0.2457976913976508
12.91	0.22956997765019152
12.92	0.25794528097952263
12.93	0.2532218470399932
12.94	0.25194892542590547
12.95	0.25290574616466877
12.96	0.24166971946967253
12.97	0.24867628641029524
12.98	0.2343089891810835
12.99	0.23736972692555833
13.0	0.222620813901938
13.01	0.24333920607306808
13.02	0.2619181112958826
13.03	0.2356436275245574
13.04	0.2577254423660218
13.05	0.2449902294430435
13.06	0.2583856835210985
13.07	0.23817816331360472
13.08	0.25638208829720605
13.09	0.23863912055666298
13.1	0.24477838750012074
13.11	0.2595861119963762
13.12	0.26036164425892466
13.13	0.24197815793069805
13.14	0.24890348924358438
13.15	0.2449672882319409
13.16	0.2572719260426659
13.17	0.2380886628436714
13.18	0.24604129414033105
13.19	0.23958125155770865
13.2	0.24212690051794616
13.21	0.2495428615367348
13.22	0.23366820980471076
13.23	0.23826899506607158
13.24	0.2520398599869639
13.25	0.23623240745267085
13.26	0.23604034515343975
13.27	0.23925239266956014
13.28	0.2478431767958274
13.29	0.24484647853999347
13.3	0.2328442957065364
13.31	0.22817680614456454
13.32	0.25639878851750314
13.33	0.22883945943185743
13.34	0.22885149665137522
13.35	0.22885811340049753
13.36	0.25237830963717894
13.37	0.22985149462304116
13.38	0.23594875415199912
13.39	0.24349561903803424
13.4	0.24979242723634495
13.41	0.2547402413663467
13.42	0.24711416753664142
13.43	0.24192218488724715
13.44	0.2404798809938008
13.45	0.22678680796786949
13.46	0.24791627042288303
13.47	0.2350095397667077
13.48	0.24845153317560328
13.49	0.24356247728040353
13.5	0.23780865851318356
13.51	0.2489664988437011
13.52	0.24157764395734546
13.53	0.23924942469040889
13.54	0.25270728818571603
13.55	0.24653750578987357
13.56	0.23958204031392977
13.57	0.2494669720272437
13.58	0.25059596031510745
13.59	0.23942220286701918
13.6	0.26303068881985847
13.61	0.24110534866221356
13.62	0.2473570563428442
13.63	0.24748629861107996
13.64	0.24960068115766232
13.65	0.24299003667143268
13.66	0.24051343428367594
13.67	0.24342274157283691
13.68	0.2545797958304061
13.69	0.24817238685804668
13.7	0.23472439580918406
13.71	0.25136865498169497
13.72	0.254434335278849
13.73	0.24080292587598173
13.74	0.23276772437202742
13.75	0.2412067464611381
13.76	0.26103048433992615
13.77	0.24734551768140792
13.78	0.23774865581042623
13.79	0.23599613558450042
13.8	0.22402871099065752
13.81	0.24202657793386262
13.82	0.2500609448353334
13.83	0.24082863438428598
13.84	0.2261693013954655
13.85	0.23358672505446348
13.86	0.24903071404188043
13.87	0.23060888108986013
13.88	0.25303464673250475
13.89	0.2452105585956188
13.9	0.24276422213676818
13.91	0.24008824867455147
13.92	0.23994094652745346
13.93	0.2514999527724131
13.94	0.25082544727403194
13.95	0.24523941022435963
13.96	0.24644647994170235
13.97	0.2389162407061735
13.98	0.25183671319831097
13.99	0.2485103345312448
14.0	0.25009595847654537
14.01	0.24616057139994482
14.02	0.23638342668761383
14.03	0.2423782946689195
14.04	0.25148627354076053
14.05	0.24896739078623545
14.06	0.227034397442764
14.07	0.2381572136603248
14.08	0.23888444848612625
14.09	0.24761142480514506
14.1	0.2335000973905223
14.11	0.23130810094846405
14.12	0.2446234131745479
14.13	0.2542164699697643
14.14	0.23880448018194655
14.15	0.226980945982207
14.16	0.26064715223847984
14.17	0.24355206750955985
14.18	0.24196031932802692
14.19	0.2532557008187464
14.2	0.2378433438415132
14.21	0.25687929884334304
14.22	0.25199045552213506
14.23	0.248405601773436
14.24	0.24028235597633082
14.25	0.2254856076359119
14.26	0.25110313374435256
14.27	0.2478042150966336
14.28	0.24897364010081233
14.29	0.24216754400011226
14.3	0.2389552514424656
14.31	0.22749735985780076
14.32	0.24559044773315444
14.33	0.24628737302954531
14.34	0.2383375946129147
14.35	0.234617231177602
14.36	0.2348671439863653
14.37	0.2522453706212629
14.38	0.24598617813174542
14.39	0.24843959097066098
14.4	0.22456508337836928
14.41	0.2312657095325719
14.42	0.261233714691697
14.43	0.2491813807643738
14.44	0.24846605925361667
14.45	0.25017188541300556
14.46	0.23429831914951313
14.47	0.22588475275157388
14.48	0.2412148662618507
14.49	0.24613934939132584
14.5	0.24267561700844772
14.51	0.2447513566460123
14.52	0.24177497826598277
14.53	0.2463966562450817
14.54	0.23773584187267105
14.55	0.2459463875140481
14.56	0.23441984268629704
14.57	0.2573880726204537
14.58	0.24068821243231747
14.59	0.23866918055159647
14.6	0.21923490428241857
14.61	0.25146398369429085
14.62	0.24144741152767188
14.63	0.24998692722898683
14.64	0.2452199896957662
14.65	0.2452902142834693
14.66	0.24707357069465044
14.67	0.2405585502058679
14.68	0.237652483969324
14.69	0.24361321616456869
14.7	0.25460425985712265
14.71	0.23710067895787135
14.72	0.2503100328931637
14.73	0.2284768355136445
14.74	0.24272091882329141
14.75	0.2435815018112354
14.76	0.24630206929924833
14.77	0.24166050209621204
14.78	0.22702763454229216
14.79	0.23081312997799452
14.8	0.2593021991533647
14.81	0.26535549826255156
14.82	0.25172492572227034
14.83	0.24280868927662827
14.84	0.25071882583491983
14.85	0.2457060378156343
14.86	0.23304588650466349
14.87	0.2505770014619302
14.88	0.23082361501721305
14.89	0.2531373674101371
14.9	0.24808946209114535
14.91	0.2518223718226561
14.92	0.23318824622105813
14.93	0.23643436197272943
14.94	0.2432934166282929
14.95	0.24444881596277235
14.96	0.23904889060874496
14.97	0.23766883343479175
14.98	0.23507731820933855
14.99	0.26990782291832593
15.0	0.24100261218365324
15.01	0.24075192211218438
15.02	0.24362153038255283
15.03	0.24246696006568697
15.04	0.24096166530563798
15.05	0.226464846723053
15.06	0.23356319676154277
15.07	0.2336244616313509
15.08	0.2566153445200706
15.09	0.2615586956805933
15.1	0.24610334207777498
15.11	0.25226618546304785
15.12	0.25097244459012424
15.13	0.2390779287297717
15.14	0.273520313958667
15.15	0.2509976118781757
15.16	0.2492459035797392
15.17	0.25183081628617304
15.18	0.2341384125292773
15.19	0.24717346228726744
15.2	0.24857721369747093
15.21	0.24887419082085857
15.22	0.2414514268535741
15.23	0.2264903728037388
15.24	0.23361241022802992
15.25	0.2477520165802367
15.26	0.25554076337291753
15.27	0.24083897142793964
15.28	0.2520401946388849
15.29	0.2319536353040801
15.3	0.25264900165874116
15.31	0.2503000750319754
15.32	0.2280977771010287
15.33	0.24960151680667145
15.34	0.2251216905646064
15.35	0.23251685371121664
15.36	0.22316648819333978
15.37	0.23854164879879103
15.38	0.24030092928429392
15.39	0.23904297933428312
15.4	0.24962517098143758
15.41	0.25011891501607086
15.42	0.25584293929437346
15.43	0.22504113480493557
15.44	0.23133311798028092
15.45	0.2361947616190217
15.46	0.2455844203098145
15.47	0.24445707721476806
15.48	0.2695126345511022
15.49	0.2309946974872449
15.5	0.2612723477939072
15.51	0.24217139704079282
15.52	0.24022827456084778
15.53	0.23068703866625132
15.54	0.2394727910764608
15.55	0.2471543806667166
15.56	0.23207667971650753
15.57	0.22533273900529888
15.58	0.22872099219015513
15.59	0.2482535667735461
15.6	0.25694764018793004
15.61	0.26194146110579075
15.62	0.23914790153179294
15.63	0.24677959713977143
15.64	0.2297065636806895
15.65	0.2546700213690528
15.66	0.23723784041689913
15.67	0.24466988571252632
15.68	0.24408472069119122
15.69	0.2559137816664672
15.7	0.23843953750238767
15.71	0.24955014466925401
15.72	0.24085496871891315
15.73	0.24965403938412112
15.74	0.2556085312543225
15.75	0.24466523628234524
15.76	0.24802513960105416
15.77	0.22886961769464242
15.78	0.2426309310293225
15.79	0.25195349519853344
15.8	0.2415145811650019
15.81	0.23795386642232347
15.82	0.24842540433322732
15.83	0.24171650223551894
15.84	0.22445513139558237
15.85	0.24398110081181607
15.86	0.2590627555875089
15.87	0.2312501084982243
15.88	0.26077926511705
15.89	0.2457532481029098
15.9	0.26155172422245737
15.91	0.24828310676293613
15.92	0.24518460611035228
15.93	0.24800381805727562
15.94	0.2678461736298793
15.95	0.24955371748268387
15.96	0.253623113738
15.97	0.2377021263922385
15.98	0.23220166198736253
15.99	0.24055964072375885
16.0	0.2504160235922027
16.01	0.25142461940686656
16.02	0.2516224007326034
16.03	0.24715857023423748
16.04	0.2425130842951844
16.05	0.23329033440594854
16.06	0.23331161616560717
16.07	0.2549457481915819
16.08	0.24407130283404785
16.09	0.2579482521799517
16.1	0.25303788400019506
16.11	0.25065961451141494
16.12	0.23636971718615887
16.13	0.2614629627568316
16.14	0.22817054572325018
16.15	0.24372514490827163
16.16	0.2252453854992354
16.17	0.2542040414518709
16.18	0.2525417604655273
16.19	0.24154948899771758
16.2	0.24067075848215702
16.21	0.2447257492488524
16.22	0.23567455342437468
16.23	0.2348951894717928
16.24	0.24571599129845217
16.25	0.24277849274004967
16.26	0.24573860629192076
16.27	0.25071208973608944
16.28	0.25447302897847507
16.29	0.2458566029720552
16.3	0.2499417324811637
16.31	0.25186840118128584
16.32	0.2453936295516574
16.33	0.26080378019348865
16.34	0.24659820756026848
16.35	0.23668556592744597
16.36	0.2418616225697257
16.37	0.2469405236562935
16.38	0.2496739035644179
16.39	0.26617729464637635
16.4	0.26895250389379144
16.41	0.24439773789082891
16.42	0.25062560844716875
16.43	0.24841325709502607
16.44	0.2317917629080957
16.45	0.2338930425986661
16.46	0.24010947838604849
16.47	0.2563259583437652
16.48	0.25524695927294433
16.49	0.22750002559897878
16.5	0.23761972461857456
16.51	0.26290462198215264
16.52	0.24898575593709485
16.53	0.24522668037115705
16.54	0.24960367443171141
16.55	0.24644955173099053
16.56	0.24983065955285821
16.57	0.23055664796678996
16.58	0.25416613202989324
16.59	0.2591681804342719
16.6	0.24070830544640734
16.61	0.24491804161749336
16.62	0.23634173482629084
16.63	0.24528168349262502
16.64	0.2277642538390067
16.65	0.2543900037078858
16.66	0.23623100873586006
16.67	0.22779715605232104
16.68	0.23585135738763519
16.69	0.2582677823953943
16.7	0.23895076579215752
16.71	0.2377635818389519
16.72	0.24641172336865783
16.73	0.24201888561458787
16.74	0.25337245377185846
16.75	0.24027462673919614
16.76	0.24785585112461214
16.77	0.22257547602086086
16.78	0.23177495749533344
16.79	0.2573783974301594
16.8	0.24351267370073149
16.81	0.24387900109261612
16.82	0.24917038523947796
16.83	0.2314481315975942
16.84	0.2342438998142306
16.85	0.238140168453675
16.86	0.23310387383363124
16.87	0.2524780329722288
16.88	0.2605090953091015
16.89	0.2458433219845224
16.9	0.2518813602474153
16.91	0.2499738654686735
16.92	0.2794266655330766
16.93	0.2512122869955102
16.94	0.23900228236071372
16.95	0.23131855099602666
16.96	0.24580444677005447
16.97	0.24197826789349824
16.98	0.24956053777376686
16.99	0.2523597215564096
17.0	0.24370650793211054
17.01	0.2413569368697213
17.02	0.2261946245236529
17.03	0.24412761147055287
17.04	0.23871577426095783
17.05	0.2426542219974444
17.06	0.2299203680638562
17.07	0.2450214775853093
17.08	0.24500505829352753
17.09	0.2580549191851787
17.1	0.2508406741320117
17.11	0.23533930867707045
17.12	0.24837499666015717
17.13	0.23610232625945443
17.14	0.23432454578931472
17.15	0.24117907854695084
17.16	0.22881370357530756
17.17	0.2336649952657005
17.18	0.23370065918867453
17.19	0.2464450018952206
17.2	0.2395885193457711
17.21	0.256369466508178
17.22	0.25042935392363097
17.23	0.2402237177286472
17.24	0.23874375972914744
17.25	0.2431186798471705
17.26	0.24176356005641572
17.27	0.22390654259262022
17.28	0.24408265864640696
17.29	0.25171504216382706
17.3	0.24357699029048335
17.31	0.25332581421563766
17.32	0.250940822857185
17.33	0.256572021694844
17.34	0.23215251348529192
17.35	0.24578542045575205
17.36	0.2533438598432381
17.37	0.2343310660214587
17.38	0.2604906217319962
17.39	0.2511608271408692
17.4	0.22689045350762604
17.41	0.24364718532427818
17.42	0.2435435119940689
17.43	0.23746732087944394
17.44	0.24290763016449674
17.45	0.23381547020275373
17.46	0.24674820696686955
17.47	0.24780898131026924
17.48	0.24704665413882654
17.49	0.24090451781905536
17.5	0.24438719102250403
17.51	0.25313143699971663
17.52	0.23925032358842419
17.53	0.23176949403664968
17.54	0.23998006701654773
17.55	0.2586319376859581
17.56	0.24536795305074224
17.57	0.2423470283632664
17.58	0.21680310830864982
17.59	0.23577488434886143
17.6	0.23747694776266287
17.61	0.23595906616044027
17.62	0.2494349350538622
17.63	0.24736918883306036
17.64	0.23105155426534726
17.65	0.2516632604588209
17.66	0.2246229568254119
17.67	0.27128310132341654
17.68	0.2372479142090424
17.69	0.2366764980234761
17.7	0.23763719795290406
17.71	0.2601977166650644
17.72	0.2392483250994479
17.73	0.24154764513896088
17.74	0.24742185431632016
17.75	0.2320897443923582
17.76	0.2549150987929986
17.77	0.2654031727565822
17.78	0.2321171252005052
17.79	0.2216172727602031
17.8	0.2616676974719121
17.81	0.2635803000701378
17.82	0.22879536405327391
17.83	0.23990201673999934
17.84	0.22007055397605654
17.85	0.24671171785237378
17.86	0.24720623095324523
17.87	0.24025368950484138
17.88	0.24374740731037015
17.89	0.2421539526587011
17.9	0.23074566459399418
17.91	0.24979407986650093
17.92	0.2468762631489283
17.93	0.21689433046842177
17.94	0.2421064976943459
17.95	0.2235891623492992
17.96	0.23102621950996316
17.97	0.247318777664002
17.98	0.25496720312772025
17.99	0.23957129674348498
18.0	0.24084843751670212
18.01	0.23639469342182584
18.02	0.2359382831266694
18.03	0.24126235571831686
18.04	0.2552325230505397
18.05	0.2516372322413405
18.06	0.23242493386393104
18.07	0.24325644067138902
18.08	0.2609934823674143
18.09	0.21694122415778241
18.1	0.22610388097813877
18.11	0.2575743830800572
18.12	0.22803749956578756
18.13	0.23302073447896343
18.14	0.2363658851549869
18.15	0.24146358731266718
18.16	0.23730020730079962
18.17	0.2492212956292561
18.18	0.24684655586295157
18.19	0.2558358396626656
18.2	0.23722200658888873
18.21	0.24213331299088436
18.22	0.23747384290643772
18.23	0.24227717554063313
18.24	0.24651857851528514
18.25	0.25551806687354955
18.26	0.24836037647441256
18.27	0.2424199594422089
18.28	0.24199000686322053
18.29	0.24619045282206556
18.3	0.2289211868342184
18.31	0.2263272058098135
18.32	0.24931105677591472
18.33	0.2451808664741992
18.34	0.23886725436273634
18.35	0.24141143285370203
18.36	0.23796059048466872
18.37	0.242197231565001
18.38	0.24628486323476853
18.39	0.2407342928679117
18.4	0.25678709787933984
18.41	0.2416449658575624
18.42	0.2679576448564123
18.43	0.23954113720236184
18.44	0.239080246554342
18.45	0.25249797086738024
18.46	0.25627402325550336
18.47	0.2473745900358706
18.48	0.2517538590482647
18.49	0.2514617830418029
18.5	0.24560695908520014
18.51	0.2584386613812125
18.52	0.2352738606348273
18.53	0.2466490375186083
18.54	0.25967310495881957
18.55	0.2559135176297075
18.56	0.24093311521080946
18.57	0.24500389877772427
18.58	0.2414542413378401
18.59	0.25159659972716353
18.6	0.24289097560100809
18.61	0.2511545311916401
18.62	0.24316618058998515
18.63	0.24027616041320396
18.64	0.2481725645877573
18.65	0.22839199276523445
18.66	0.2400752998735865
18.67	0.25304322154970527
18.68	0.23812541212952268
18.69	0.25330790383309804
18.7	0.26089600889228015
18.71	0.2531213084721877
18.72	0.25931460932172534
18.73	0.22744509858183654
18.74	0.2532483338146243
18.75	0.24550308238003646
18.76	0.24329185574743264
18.77	0.24880511715117537
18.78	0.2405218138029263
18.79	0.24445322681662665
18.8	0.23335073990864016
18.81	0.265114387671783
18.82	0.254492652160688
18.83	0.24093437530481163
18.84	0.2326960582396253
18.85	0.2553917760662335
18.86	0.25145837723702846
18.87	0.25196054348772773
18.88	0.23810005329465644
18.89	0.2531550955821543
18.9	0.23682923274045123
18.91	0.24978811301321924
18.92	0.2439240923061961
18.93	0.239196731109444
18.94	0.23784194586838106
18.95	0.2333512081924543
18.96	0.2526982848892749
18.97	0.2525697877526849
18.98	0.2445731280464712
18.99	0.25419011441021416
19.0	0.2562607335198086
19.01	0.23610177114470393
19.02	0.2484069725013748
19.03	0.25201660038639245
19.04	0.23803769183850107
19.05	0.2519864849764003
19.06	0.2525135057617707
19.07	0.25207936561669136
19.08	0.257221904899486
19.09	0.21676149952720664
19.1	0.25010104705169156
19.11	0.23555446389024873
19.12	0.23363507375118292
19.13	0.24792268546412558
19.14	0.2416456322074819
19.15	0.25138415663577907
19.16	0.2630609542203064
19.17	0.2610482868716426
19.18	0.2557292455896361
19.19	0.24465672518360723
19.2	0.2446834379192192
19.21	0.23346903533825095
19.22	0.24368685762550485
19.23	0.23151044407248866
19.24	0.2518227567870118
19.25	0.2391838330192915
19.26	0.22837701785294637
19.27	0.22440944256101292
19.28	0.2415173296212534
19.29	0.2642701601605969
19.3	0.24085034217558024
19.31	0.25032024269949266
19.32	0.24603647369324833
19.33	0.2502512361382603
19.34	0.24805723485330572
19.35	0.2599923629890114
19.36	0.25908068952658264
19.37	0.2360604508237836
19.38	0.2423527946397924
19.39	0.24506279532020664
19.4	0.2559449378327763
19.41	0.25856707110144395
19.42	0.26031887591129865
19.43	0.21943107337258863
19.44	0.2429541930108082
19.45	0.2434520322159756
19.46	0.25121713572228727
19.47	0.24743238511997037
19.48	0.23367466149661975
19.49	0.25555392633115553
19.5	0.25830264462154695
19.51	0.2503403067486102
19.52	0.25190641168585
19.53	0.24525684543635548
19.54	0.23866765527787354
19.55	0.2492105908781417
19.56	0.2581091522123289
19.57	0.24758316123863786
19.58	0.23271639985346734
19.59	0.2534374541590539
19.6	0.23655624120488938
19.61	0.24743511054074632
19.62	0.25768498198524403
19.63	0.2452987054643719
19.64	0.24330282475692985
19.65	0.26253908307304125
19.66	0.23300170584647623
19.67	0.24961304029336948
19.68	0.26505285814679647
19.69	0.25558811524141306
19.7	0.24266471654589666
19.71	0.23818324326638088
19.72	0.2414987196534275
19.73	0.2302983265125079
19.74	0.2559625493965887
19.75	0.24943520804150937
19.76	0.25903467006094405
19.77	0.2530251082750931
19.78	0.23248875733765392
19.79	0.2549972361287848
19.8	0.24723796482494273
19.81	0.2434228439056481
19.82	0.2506319623412726
19.83	0.22917055905281575
19.84	0.2631427987162996
19.85	0.22973381666057002
19.86	0.25388665577458563
19.87	0.23802987921047783
19.88	0.24094543712125444
19.89	0.2552051341253278
19.9	0.23992197287912176
19.91	0.23984999439302773
19.92	0.24080814934447428
19.93	0.2274387127721092
19.94	0.2628966263395874
19.95	0.24989345021734416
19.96	0.2552498179148817
19.97	0.24746413259285865
19.98	0.2509158141889473
19.99	0.24152808288174718
20.0	0.24374379149991654
20.01	0.24515798024275537
20.02	0.25918541376368415
20.03	0.2206901342881473
20.04	0.22903069566832784
20.05	0.2547014210082698
20.06	0.2290651907894394
20.07	0.2478740084120277
20.08	0.2578080325561811
20.09	0.23503558466417232
20.1	0.253720672058546
20.11	0.23956074073729994
20.12	0.2575408387129496
20.13	0.25915488082395016
20.14	0.2419853456092728
20.15	0.2502805696071259
20.16	0.2277287302297677
20.17	0.24390190414051674
20.18	0.24836175388091788
20.19	0.24212027667566144
20.2	0.2501618217538623
20.21	0.21784915340649866
20.22	0.24456820428953407
20.23	0.24781270051755974
20.24	0.2545104961458046
20.25	0.24411391643664082
20.26	0.2535157865435975
20.27	0.22897510579426855
20.28	0.24359733387989196
20.29	0.26379090140017514
20.3	0.23215563820257656
20.31	0.24156576321736006
20.32	0.24137641438229862
20.33	0.23915276598508692
20.34	0.24686836464240808
20.35	0.2546408066336444
20.36	0.24599471916253862
20.37	0.2489282306614996
20.38	0.2474301436318466
20.39	0.23439401841087093
20.4	0.24041993600365394
20.41	0.2628081511579313
20.42	0.250527168259556
20.43	0.23423948332716898
20.44	0.23241885003570925
20.45	0.23329925919844433
20.46	0.2518500685104989
20.47	0.25720573374532485
20.48	0.22999160419123715
20.49	0.2618538042603866
20.5	0.21647695319219482
20.51	0.22439860338378928
20.52	0.25088937271835915
20.53	0.25388112367417925
20.54	0.23094098098976362
20.55	0.23586942705976346
20.56	0.25346641463825603
20.57	0.23750658742394862
20.58	0.2524527189379669
20.59	0.24447135087054445
20.6	0.2344672482428425
20.61	0.24477940754923946
20.62	0.23731867318625552
20.63	0.23081487650896373
20.64	0.2418683769050712
20.65	0.24136197972417645
20.66	0.23861541292735927
20.67	0.24662384105001095
20.68	0.261082467142301
20.69	0.24126706020286237
20.7	0.24784605124467202
20.71	0.23677104003985275
20.72	0.24274450839036046
20.73	0.2467715799790199
20.74	0.24458264378802805
20.75	0.24235033823585614
20.76	0.2578584199010044
20.77	0.25768394064419
20.78	0.2426200491582106
20.79	0.2543420977438243
20.8	0.2504355529729857
20.81	0.2583587832654065
20.82	0.223995950855299
20.83	0.2513676630398576
20.84	0.24644789426905467
20.85	0.24891565482002964
20.86	0.24756017667997163
20.87	0.2651684382340404
20.88	0.23560817031761355
20.89	0.24149603134760866
20.9	0.2613270347705163
20.91	0.24148455572931932
20.92	0.2582638081166478
20.93	0.2399732045759166
20.94	0.2467950729612473
20.95	0.24614574472942488
20.96	0.22555110505003972
20.97	0.25438673156401986
20.98	0.2611876047134207
20.99	0.2457755365808997
21.0	0.25208651784166053
21.01	0.24354942446605318
21.02	0.25735365423051654
21.03	0.23493299704759787
21.04	0.2288680172297176
21.05	0.24502014675316255
21.06	0.24918893074876108
21.07	0.22800798414142318
21.08	0.2541500343778777
21.09	0.23490440005812002
21.1	0.23210222295475322
21.11	0.2563148023341745
21.12	0.25845965806143045
21.13	0.2387362034328983
21.14	0.2565046046190538
21.15	0.23481893049704025
21.16	0.2520446828605825
21.17	0.2246653887707173
21.18	0.24531698264658805
21.19	0.24961539364879512
21.2	0.22700441374693445
21.21	0.23321701005991613
21.22	0.2551569593994499
21.23	0.24862495427349626
21.24	0.23653869579487685
21.25	0.23705467184789009
21.26	0.23929256154855813
21.27	0.2499592838825799
21.28	0.2409716330462416
21.29	0.24015957610108235
21.3	0.25592911827692033
21.31	0.2652081630717288
21.32	0.2395816830161612
21.33	0.23560849131340897
21.34	0.24410665150891278
21.35	0.24911290304516487
21.36	0.260684949065137
21.37	0.251164422659621
21.38	0.23605358860184247
21.39	0.247258016152723
21.4	0.23201939854245834
21.41	0.24123218496971502
21.42	0.2447210339698667
21.43	0.24985842656520804
21.44	0.26069168113675134
21.45	0.2548760159106938
21.46	0.2533734121387907
21.47	0.2526858032127344
21.48	0.25049829983314587
21.49	0.2336155054440777
21.5	0.23276745423215983
21.51	0.23271829087942889
21.52	0.2431775301436532
21.53	0.2460073278278765
21.54	0.2293495505972591
21.55	0.25904940472930804
21.56	0.23764328705492538
21.57	0.24540754877933935
21.58	0.23122736729646773
21.59	0.2502719863826634
21.6	0.2452855397364653
21.61	0.26889370795154427
21.62	0.2650286669937576
21.63	0.2662217447483657
21.64	0.24463879901717833
21.65	0.2396857199062192
21.66	0.25188352320416013
21.67	0.2548636453628562
21.68	0.2477065890128871
21.69	0.2478738402937786
21.7	0.2612471717877631
21.71	0.24792399311725158
21.72	0.2644308758164401
21.73	0.2429042016236119
21.74	0.24149160852466273
21.75	0.23752088214210332
21.76	0.2454080505609808
21.77	0.2527256591611979
21.78	0.24816435996598324
21.79	0.2581272827361004
21.8	0.23883794394920166
21.81	0.24676878504313488
21.82	0.23104185894167306
21.83	0.2472058286077508
21.84	0.24039852659970204
21.85	0.2550540935008673
21.86	0.25164752877354735
21.87	0.23654817028310862
21.88	0.24533563841616762
21.89	0.23509709386357244
21.9	0.262327129768282
21.91	0.25390716605245595
21.92	0.25688633268390004
21.93	0.2456669598148598
21.94	0.24128397205007396
21.95	0.23657484870446635
21.96	0.2530173644757173
21.97	0.2506439907406012
21.98	0.23954246891559977
21.99	0.24829720825756926
22.0	0.2520455534839134
