10.01	5.559780283619798
10.02	5.860375530423142
10.03	6.142710641614429
10.04	6.926653340339788
10.05	7.522980199926981
10.06	8.122472791147423
10.07	8.269172190725662
10.08	9.325170816235117
10.09	9.765536560214182
10.1	10.077942198633387
10.11	10.668481763918674
10.12	11.423083629268328
10.13	11.723912191548726
10.14	12.629355214106923
10.15	12.776038220524978
10.16	13.397686379516724
10.17	14.13113690078977
10.18	14.421853883765497
10.19	14.748844647357211
10.2	15.207553003952368
10.21	15.491973725817097
10.22	16.225675300101663
10.23	16.54746847471732
10.24	16.85634404987399
10.25	17.294311795119405
10.26	17.59513188187889
10.27	17.903885428784786
10.28	17.90296409021701
10.29	18.364268494849487
10.3	18.650127069924178
10.31	18.79606781557786
10.32	18.951688453482333
10.33	19.261156922810848
10.34	19.251356473680833
10.35	19.552720995288585
10.36	19.5410185094068
10.37	19.551069649175783
10.38	19.551902896613036
10.39	19.552581638584396
10.4	19.852106865007695
10.41	19.864656578507304
10.42	19.86820721485733
10.43	19.69680883949206
10.44	19.862465569888062
10.45	19.693049982780746
10.46	19.54171246500398
10.47	19.857043344810844
10.48	19.55310162972685
10.49	19.55175944950038
10.5	19.543778942694587
10.51	19.400579884374626
10.52	19.2334949716609
10.53	19.241477676950012
10.54	18.622492858267506
10.55	18.651823785856333
10.56	18.65247524661153
10.57	17.90218547089627
10.58	17.888635972955555
10.59	17.748136149432966
10.6	17.73309766600213
10.61	17.446720075843427
10.62	16.837872992020817
10.63	16.840192579612477
10.64	16.391985189737227
10.65	16.251136020083116
10.66	15.942996961929731
10.67	15.326576718200391
10.68	14.874333204841518
10.69	14.724828842226593
10.7	14.148288022613695
10.71	13.825181637676508
10.72	13.078801679008663
10.73	12.634134522398112
10.74	12.478242159631968
10.75	11.716761314481548
10.76	11.430713574101388
10.77	10.673288316327659
10.78	10.219737101069475
10.79	9.942035635198474
10.8	9.333079021711619
10.81	9.17787378458046
10.82	8.726050412829169
10.83	8.132194412242466
10.84	7.49389276418736
10.85	7.206150708890877
10.86	6.909006040998527
10.87	6.303241021283196
10.88	5.861461889132396
10.89	5.413581066304443
10.9	5.117778086382074
10.91	4.826438058053812
10.92	4.825839265517465
10.93	4.222421563277406
10.94	3.8948544885840293
10.95	3.45087016449212
10.96	3.2853099332341884
10.97	3.3189219204688785
10.98	2.8367073217777548
10.99	2.68184278107406
11.0	2.4051933620387937
11.01	2.398137579765494
11.02	2.3970872205746407
11.03	2.409133342933259
11.04	2.0922656848728347
11.05	1.7855045250208013
11.06	1.78879500713779
11.07	1.8125866174268137
11.08	1.7857021630564756
11.09	2.0938048927010677
11.1	1.8262019271790904
11.11	2.1038560042535157
11.12	2.1089433569413316
11.13	2.430215465219637
11.14	2.6952943027218663
11.15	2.7087908340976177
11.16	3.160592713114541
11.17	3.3195129927390905
11.18	3.919686012891839
11.19	3.90277827034532
11.2	4.4985945148941076
11.21	5.130171747956439
11.22	5.416804626423531
11.23	5.872058174633369
11.24	6.312155111859931
11.25	6.909819584718216
11.26	7.533755655814152
11.27	8.097486340765949
11.28	8.727585483871811
11.29	9.174061238327502
11.3	9.791577891061461
11.31	10.535313568662609
11.32	10.830939987728579
11.33	12.030006492106681
11.34	12.334223983938926
11.35	12.927770108500887
11.36	13.232733287569857
11.37	14.141093479682866
11.38	14.740563306080658
11.39	15.338293234193927
11.4	15.943302531050735
11.41	16.243042531878658
11.42	16.8386928841145
11.43	17.13241128677958
11.44	17.58976426368221
11.45	17.899818896576253
11.46	18.66395066076039
11.47	18.95636249755703
11.48	19.562571173146942
11.49	19.706348501282733
11.5	20.139984757892798
11.51	20.296979754601022
11.52	20.745307184529782
11.53	20.75189969872284
11.54	20.899511043996245
11.55	21.370438600119126
11.56	21.3466841414187
11.57	21.36145776692843
11.58	21.510185133291614
11.59	21.36325698347282
11.6	21.34585032514184
11.61	21.346770670859183
11.62	21.06984037081708
11.63	21.054046251857667
11.64	20.77014838447932
11.65	20.741750685699422
11.66	20.298815301191013
11.67	20.150493986280225
11.68	19.552018050209227
11.69	19.231934530146834
11.7	19.257947678436285
11.71	18.651572925653724
11.72	17.89184551498229
11.73	17.74089641863946
11.74	17.139918191314532
11.75	17.137788126586965
11.76	16.243044802058357
11.77	15.630098941858195
11.78	14.72526307242643
11.79	14.73108059856295
11.8	13.984798080283365
11.81	13.527915305946612
11.82	12.958212482463205
11.83	12.332143425904093
11.84	11.730506258416172
11.85	11.126684214956324
11.86	10.535923672031831
11.87	9.928294963069225
11.88	9.627360641174757
11.89	9.014806636313057
11.9	8.258749424975827
11.91	7.968515610151736
11.92	7.528711318542585
11.93	6.914421499713436
11.94	6.614760345636785
11.95	5.847854039731041
11.96	5.703454286126254
11.97	5.11740582946685
11.98	5.110233144908387
11.99	4.500757132500995
12.0	4.197359615854257
12.01	3.910389779912266
12.02	3.748815916480594
12.03	3.294283109425738
12.04	3.160056717389472
12.05	2.7018962024556523
12.06	2.69592377344613
12.07	2.413946015440524
12.08	2.419274310519608
12.09	2.1003894852522946
12.1	2.385321381834264
12.11	2.1057896621686467
12.12	2.093504240593912
12.13	2.1123810336325577
12.14	2.09890576263527
12.15	1.9518510009650942
12.16	1.8072639105708688
12.17	2.105604118055
12.18	2.0964481541126183
12.19	2.412968656770278
12.2	2.4014275450801112
12.21	2.423046587665591
12.22	2.701411284337093
12.23	2.7293571928167544
12.24	3.0027373842619407
12.25	3.2988519404588934
12.26	3.456458564495383
12.27	4.1948009551509085
12.28	4.513571643778133
12.29	4.822760848010747
12.3	5.134527755550057
12.31	5.420909113826959
12.32	5.877718801564317
12.33	6.461229366284238
12.34	7.2029870882913
12.35	7.501597630296532
12.36	7.821970738571371
12.37	8.267369954386536
12.38	9.015847797951428
12.39	9.612276025244478
12.4	10.224660433158725
12.41	10.682312010092694
12.42	11.284294943243523
12.43	11.73136574128659
12.44	12.321762072716915
12.45	12.925493438276828
12.46	13.834974514020741
12.47	14.42738933018465
12.48	14.737558759448495
12.49	15.4811169286235
12.5	15.935274793510482
12.51	16.837181918210444
12.52	17.297784760212956
12.53	17.905379863291685
12.54	18.3495064226471
12.55	19.25519048175769
12.56	19.567656397847355
12.57	20.127886397699314
12.58	20.324085545602145
12.59	21.049847896537987
12.6	21.34823726886712
12.61	21.932498340945465
12.62	21.956034182166963
12.63	22.551023994465595
12.64	22.542628304101626
12.65	22.690529334751737
12.66	23.163025890376694
12.67	23.463247962654684
12.68	23.469904491227116
12.69	23.613467529266657
12.7	23.757899670679617
12.71	23.76256900623726
12.72	23.455291644722553
12.73	23.770973182441853
12.74	23.750998844296884
12.75	23.446631018235546
12.76	23.460024400939528
12.77	22.69023799500468
12.78	22.711096914747312
12.79	22.541504271351428
12.8	22.56316451445087
12.81	22.106220500850565
12.82	21.937260215791344
12.83	21.65195697328798
12.84	21.06862092813654
12.85	20.75190168722543
12.86	20.130107384546708
12.87	20.151738044446326
12.88	19.55714321330146
12.89	18.93576745909588
12.9	18.653942778719216
12.91	17.896561368210048
12.92	17.424867548286596
12.93	17.16561293922827
12.94	16.54066799055438
12.95	15.9467589252825
12.96	15.49778091981306
12.97	14.733817354050458
12.98	14.440676490606377
12.99	14.129557012842467
13.0	13.076541898157465
13.01	12.936776647789744
13.02	12.347329302477895
13.03	11.742354134844335
13.04	11.121906444545077
13.05	10.679379333573452
13.06	10.210238041235044
13.07	9.63704253721716
13.08	9.31799971576134
13.09	8.858164623631687
13.1	8.27786861962823
13.11	8.123055968097056
13.12	7.513999409236637
13.13	7.219757897026875
13.14	6.905603746272074
13.15	6.324360541857318
13.16	5.872914754652388
13.17	5.4060093385358625
13.18	5.417472589572533
13.19	5.099228016947759
13.2	4.802745010963411
13.21	4.5037925536194505
13.22	4.51848983352021
13.23	4.196657916790487
13.24	4.215175622862555
13.25	3.458523560945876
13.26	3.4317936201520594
13.27	3.3115723480064174
13.28	3.308575743530999
13.29	3.2983834438336195
13.3	2.9979507723373087
13.31	3.3309962846416568
13.32	3.0134606942846385
13.33	3.0066809960938863
13.34	3.0133220624267367
13.35	3.2897820560691655
13.36	3.295664714796273
13.37	3.004960199757177
13.38	3.3117184565212416
13.39	3.4729834230754335
13.4	3.2981179957157605
13.41	3.9114471363258847
13.42	4.202323573656331
13.43	4.226272569599564
13.44	4.815911342758728
13.45	4.816701662342082
13.46	5.273327103095426
13.47	5.728483399681652
13.48	5.873260357089742
13.49	6.618758295793668
13.5	6.919526240532173
13.51	7.506230539222126
13.52	8.133174571100616
13.53	8.281339505346999
13.54	9.020744340850698
13.55	9.61469987181606
13.56	10.201556631527927
13.57	10.533975428753036
13.58	11.128081024325732
13.59	11.742639759216212
13.6	12.341638090640641
13.61	12.926272744289617
13.62	13.23312317776266
13.63	13.835221052577662
13.64	14.439566774818624
13.65	14.714257359188613
13.66	15.333318261372273
13.67	15.478385833997367
13.68	15.94036194197795
13.69	16.8531407311079
13.7	16.988401219708777
13.71	17.299628666651042
13.72	17.751537848507393
13.73	17.898743730609855
13.74	17.888180613637545
13.75	18.48370432292083
13.76	18.66238300117402
13.77	18.93808533833424
13.78	18.95737663286768
13.79	19.252201185178002
13.8	19.538521957666607
13.81	19.551267523848743
13.82	19.559287525850667
13.83	19.54811247291588
13.84	19.554795360537945
13.85	19.558938264645324
13.86	19.555744408909344
13.87	19.23681164168598
13.88	19.546726504237895
13.89	19.54544144175408
13.9	19.542131035196174
13.91	19.255496720622464
13.92	18.928524853882347
13.93	18.965614752378443
13.94	18.945813069610058
13.95	18.655274674250553
13.96	18.346583529505597
13.97	18.338967072116468
13.98	17.907080311913457
13.99	17.74961883092628
14.0	17.12232204846439
14.01	17.132079307429553
14.02	16.546015262769732
14.03	16.530231409439182
14.04	15.939470341426258
14.05	15.490505044831226
14.06	15.352793450535229
14.07	14.743437334280781
14.08	14.435781312076118
14.09	13.836830668579157
14.1	13.528747740871417
14.11	12.931166459958142
14.12	12.473564740231893
14.13	11.88456694893148
14.14	11.43134744234911
14.15	10.664444161407037
14.16	10.220463838070744
14.17	9.918091349712157
14.18	9.33612933678071
14.19	8.74642262181375
14.2	8.26733971858984
14.21	7.52418404816327
14.22	7.234041494094626
14.23	6.775992352744869
14.24	6.309570669204221
14.25	5.717310781990591
14.26	5.275252260996879
14.27	4.961106655043005
14.28	4.834134935114347
14.29	4.521127154283919
14.3	3.915462323350776
14.31	3.3089672269836066
14.32	3.3160877505614184
14.33	2.7213933339130123
14.34	2.7160695976838567
14.35	2.4016798889382245
14.36	2.095471000871185
14.37	1.8012128412758865
14.38	1.8146610990030096
14.39	1.5019684996243927
14.4	1.0617602567553284
14.41	1.0495013019413835
14.42	0.9006166356759393
14.43	0.911822348197437
14.44	0.8996259219750411
14.45	0.9176966217269475
14.46	0.8945826626960066
14.47	0.8998840813405335
14.48	0.6131069376268464
14.49	0.8908984413381911
14.5	0.6074358414285521
14.51	0.6134161838173344
14.52	0.6113922696347949
14.53	0.610832484429999
14.54	0.9026212567632933
14.55	1.051024755267873
14.56	1.2065469660710033
14.57	1.5155429646131264
14.58	1.51606437818432
14.59	1.8106491670585905
14.6	1.8212957165993942
14.61	2.1013577322044537
14.62	2.4177951426791515
14.63	2.7078706148844534
14.64	3.0034694717417714
14.65	3.4622083172039346
14.66	3.475392418774467
14.67	4.221507487639344
14.68	4.511897796564105
14.69	5.104648599649958
14.7	5.398309796834276
14.71	5.8583756228784996
14.72	6.308500226788584
14.73	6.935578886055877
14.74	6.917235621202481
14.75	7.509839731158497
14.76	8.107264695181836
14.77	8.567604430948764
14.78	9.030072094530416
14.79	9.628245956258441
14.8	9.921245205079206
14.81	10.216140591883613
14.82	10.512654958670936
14.83	11.132936257775347
14.84	11.42434575353999
14.85	11.721834462813028
14.86	12.030826161378378
14.87	12.324207888313502
14.88	12.934210904739187
14.89	12.918752501651566
14.9	13.075775330771524
14.91	13.522731859915195
14.92	13.823094012786624
14.93	14.139645285793597
14.94	14.44425784840695
14.95	14.433358876137508
14.96	14.435321850251492
14.97	15.035897830682853
14.98	14.883138855038805
14.99	15.036008026063977
15.0	15.16921531364144
15.01	15.34366226611659
15.02	15.483508785439328
15.03	15.47920502402794
15.04	15.468413251235647
15.05	15.49161663605364
15.06	15.932894711763907
15.07	15.932989391148732
15.08	15.941428174258904
15.09	15.923554767671474
15.1	15.944742011190431
15.11	16.23524670845304
15.12	15.92092993395079
15.13	16.085965552537107
15.14	16.24484478519152
15.15	16.25367179644927
15.16	16.233933384617014
15.17	16.23012433772875
15.18	16.558508330588484
15.19	16.246107556930713
15.2	16.227692816550366
15.21	16.23199957196351
15.22	16.23992761893601
15.23	16.236535808167115
15.24	16.37653188652511
15.25	16.371675498769353
15.26	16.55016796225473
15.27	16.23138107554612
15.28	16.244094022796684
15.29	16.242921854714588
15.3	16.263606142665424
15.31	16.092407621937532
15.32	16.236493796510832
15.33	16.239777216746873
15.34	15.94383250262487
15.35	15.946987208316852
15.36	15.499684555622517
15.37	15.49279248138539
15.38	15.496502994608624
15.39	15.194671688152503
15.4	15.188555310535818
15.41	14.591341711584574
15.42	14.577338425299734
15.43	14.44899553022154
15.44	13.837160128170785
15.45	13.52268837348153
15.46	13.080526853091031
15.47	12.625668424521619
15.48	12.34468321214667
15.49	12.039539639300482
15.5	11.429868215892983
15.51	10.67376853751182
15.52	10.394749636896869
15.53	9.913371718423862
15.54	9.319301960237544
15.55	9.02891146658107
15.56	8.271073950557433
15.57	7.969359933922685
15.58	7.664699388428746
15.59	6.774415193436778
15.6	6.626817144788151
15.61	5.866383264377111
15.62	5.859817285221751
15.63	5.1108902645460015
15.64	4.815684732046859
15.65	4.229522071305781
15.66	3.447664157010005
15.67	3.297701157146332
15.68	3.157210214474871
15.69	2.696423022555261
15.7	2.383223443203454
15.71	1.9527027471003493
15.72	1.8066693851664963
15.73	1.3602337812653873
15.74	1.0467255592035223
15.75	1.0699276628123267
15.76	1.0567365986193518
15.77	0.7540111423241924
15.78	0.6033493065222022
15.79	0.5807029612817275
15.8	0.5976628933799729
15.81	0.14684128885043785
15.82	0.32205828511728335
15.83	0.30782366858398424
15.84	0.2815850970486181
15.85	0.15569274871137492
15.86	0.6038445961408392
15.87	0.5919391796608303
15.88	0.7533882393087181
15.89	0.7603990118805435
15.9	1.0591022058649169
15.91	1.0558305981300615
15.92	1.0625511418435198
15.93	1.8152202329930012
15.94	1.9617926907503804
15.95	2.389833663538572
15.96	2.999715819806202
15.97	3.158307730826244
15.98	3.4565007317032226
15.99	4.218397204109474
16.0	4.350351945496797
16.01	4.81135895195922
16.02	5.405849918342113
16.03	5.851125548940604
16.04	6.6260078940266185
16.05	6.909878798918367
16.06	7.368085858601639
16.07	7.836313349499971
16.08	8.252710896942823
16.09	9.029993367520557
16.1	9.61611332230902
16.11	10.222635152686278
16.12	10.212689134217852
16.13	10.685939278065106
16.14	11.428530995545831
16.15	11.571205262310357
16.16	12.178350355704495
16.17	12.477675604810637
16.18	12.93192278383317
16.19	13.051604010750573
16.2	13.38118461424158
16.21	13.827405483217648
16.22	14.125367351428745
16.23	14.43779085534447
16.24	14.7288679811419
16.25	14.71625440860405
16.26	14.746383531950544
16.27	15.029956330327408
16.28	15.329568924045194
16.29	15.480259850078479
16.3	15.484852444108306
16.31	15.46307038526695
16.32	15.505886822926607
16.33	15.49357691356718
16.34	15.472651599409309
16.35	15.495669302287343
16.36	15.488202345997067
16.37	15.487745675526146
16.38	15.503437467753246
16.39	15.481512480154304
16.4	15.310611526835856
16.41	15.321554865217879
16.42	15.193276532120981
16.43	15.181137755503952
16.44	15.032588559855038
16.45	14.736220949865125
16.46	14.575018178382994
16.47	14.422797266451239
16.48	13.825897642562206
16.49	13.831654753362127
16.5	13.534784533055282
16.51	13.083420242374766
16.52	12.943771794156037
16.53	12.475034389659141
16.54	12.328842439263678
16.55	11.727860096349021
16.56	11.445511553326176
16.57	11.136648026457305
16.58	10.518987852436625
16.59	10.224751738548083
16.6	9.782575579628295
16.61	9.62546786141448
16.62	9.02383548883031
16.63	8.729069584888714
16.64	8.293072541371327
16.65	7.823843701082912
16.66	7.36399810806835
16.67	6.917244315944023
16.68	6.613987214250488
16.69	6.139282111568071
16.7	5.864791813633241
16.71	5.403288441819387
16.72	5.103872754282581
16.73	4.8162817145564585
16.74	4.346342192644746
16.75	4.198628876292912
16.76	3.9113211830073165
16.77	3.4610764779757477
16.78	3.3027925917268117
16.79	3.0191890504831527
16.8	3.019402002847519
16.81	2.3877949887346834
16.82	2.415975168270265
16.83	2.2552370800583326
16.84	1.9503880002030902
16.85	1.8185076056563685
16.86	1.8151757416174792
16.87	1.6515711754724427
16.88	1.494433278013141
16.89	1.3642145352507882
16.9	1.0552118054513102
16.91	1.0470347969675922
16.92	1.043069278437944
16.93	1.0611544800567698
16.94	1.3550050993859706
16.95	1.3536259607747005
16.96	1.5052679443489643
16.97	1.2045508527109232
16.98	1.6422101811332284
16.99	1.7988808361024624
17.0	1.8003316765190147
17.01	2.1125249962541806
17.02	2.0926186241422946
17.03	3.009547571064255
17.04	2.6944039451306065
17.05	3.016332876003959
17.06	3.458110589321444
17.07	3.9042884850164907
17.08	4.383102826891502
17.09	4.814737467638732
17.1	5.258186016886085
17.11	5.55609820921475
17.12	5.875736905352745
17.13	6.7630697123132215
17.14	7.205619416899792
17.15	7.521202862567006
17.16	8.127994507620954
17.17	8.272013760267606
17.18	9.004584985901149
17.19	9.616244517787
17.2	10.234500448289587
17.21	10.676775637967536
17.22	10.679079760911355
17.23	11.571358110382238
17.24	12.034968605433509
17.25	12.631086857227123
17.26	12.93644086689844
17.27	13.080542787015254
17.28	13.82046758705168
17.29	13.84453148657021
17.3	14.132532763307333
17.31	14.587199897286892
17.32	14.88139265280662
17.33	15.35339409266536
17.34	15.336260925210004
17.35	15.480738347849561
17.36	15.960647751534204
17.37	16.395254007162894
17.38	16.240250123097365
17.39	16.39146502571631
17.4	16.54473358991373
17.41	16.8371170627056
17.42	16.836319909379956
17.43	17.141801408247932
17.44	17.14885431226004
17.45	17.0118052947657
17.46	17.13387907782007
17.47	16.981818426907306
17.48	16.973050859005426
17.49	16.830247022426803
17.5	16.675641248608855
17.51	16.825341174046986
17.52	16.538055068100558
17.53	16.384306705681023
17.54	16.24634999187661
17.55	15.937966342570151
17.56	15.510214879563694
17.57	15.491042913283168
17.58	15.320738990928545
17.59	15.041828673748157
17.6	14.754909362807174
17.61	14.450654216697998
17.62	14.276854750983876
17.63	13.97517275284748
17.64	13.077538351350018
17.65	12.782822613091094
17.66	12.481820107730558
17.67	12.03284326574453
17.68	11.583125210271515
17.69	11.426728663934018
17.7	10.67677687759499
17.71	10.365689479110777
17.72	9.925469908576877
17.73	9.619122812777821
17.74	9.025189154884835
17.75	8.296997041296175
17.76	8.124811871144127
17.77	7.826985817205658
17.78	7.363485408338367
17.79	6.611393573162637
17.8	6.613813398362403
17.81	5.869570942841971
17.82	5.877330709019818
17.83	5.419495615264351
17.84	5.098037579980741
17.85	4.525003575777953
17.86	4.214437311256721
17.87	3.9134369857513547
17.88	3.448702740258235
17.89	3.17030262430798
17.9	3.0261399326419602
17.91	3.001852771748423
17.92	2.398334559482018
17.93	2.406622823635865
17.94	2.107685017610495
17.95	1.9543481802433185
17.96	1.949621223035456
17.97	1.7973595697738964
17.98	1.6568151450857123
17.99	1.0649598687413055
18.0	1.0341647688785174
18.01	1.0525411807733864
18.02	1.034456487921833
18.03	1.0594286036628708
18.04	1.0560553443075924
18.05	0.8984854478209293
18.06	0.7451605536990525
18.07	0.8968155618080531
18.08	1.0686899429339745
18.09	0.8925035045535019
18.1	1.0333969349375887
18.11	1.037840816116455
18.12	1.051031545643402
18.13	1.0566076444622499
18.14	1.0301562610768236
18.15	1.6618446258416508
18.16	1.7949817686655705
18.17	1.9673912230069757
18.18	2.4032553124064004
18.19	2.700172407877937
18.2	3.0052775747131033
18.21	3.1571760998986833
18.22	3.464499610934808
18.23	3.9171535107227404
18.24	4.212699120194311
18.25	4.802440130969206
18.26	5.116201242688303
18.27	5.715165704801869
18.28	5.857698108744433
18.29	6.4745618965856755
18.3	7.213083389130482
18.31	7.5136383905256645
18.32	7.833403858480111
18.33	8.263779982316661
18.34	8.85294204124844
18.35	9.320650825623026
18.36	9.773005693703055
18.37	10.518173024897667
18.38	10.68588272593274
18.39	11.427429329039784
18.4	11.88628766214727
18.41	12.331431415748327
18.42	12.630181234507386
18.43	12.931694261177883
18.44	12.923533692414008
18.45	13.679680367839294
18.46	13.987008051155579
18.47	14.450814846071573
18.48	14.589285647307008
18.49	14.586507707452222
18.5	15.03643973547112
18.51	15.504300901023884
18.52	15.493315539547782
18.53	15.471458954382392
18.54	15.495456340852302
18.55	15.946413788045556
18.56	16.251743371264663
18.57	16.253607644224985
18.58	16.386533440867
18.59	16.245700493896663
18.6	16.25454288014257
18.61	16.235988485128463
18.62	16.248653789817592
18.63	16.234668284476065
18.64	16.09267538755532
18.65	16.250350126291984
18.66	15.484871476717593
18.67	15.805006540919885
18.68	15.484946075412418
18.69	15.485421821741312
18.7	15.175200775004761
18.71	15.047386011230483
18.72	14.89594481578006
18.73	14.443814498908866
18.74	14.293699439785206
18.75	13.831713373895179
18.76	13.548207097177052
18.77	13.082596506876385
18.78	12.63114617745307
18.79	12.6426758362161
18.8	12.03966249827056
18.81	11.440036457242627
18.82	11.12984702446103
18.83	10.702914053637654
18.84	10.215276297431101
18.85	9.923746573538564
18.86	9.471055995730472
18.87	9.043233572013396
18.88	8.27408614326434
18.89	7.9650569971270615
18.9	7.66463558857139
18.91	7.233595818572134
18.92	6.614606374094939
18.93	6.302912159919668
18.94	5.5791441290634065
18.95	5.407117052244516
18.96	4.973249648920421
18.97	4.824491689964065
18.98	4.211088450778836
18.99	3.90704757986095
19.0	3.4468121510729177
19.01	3.4603731016470305
19.02	3.0061081929639264
19.03	2.7029843982223736
19.04	2.4199999014690956
19.05	2.115964998028413
19.06	1.820776688609899
19.07	1.8134789777948848
19.08	1.0575453123219831
19.09	1.0606926591925263
19.1	0.900976853241036
19.11	0.7623577960856173
19.12	0.7642510692192341
19.13	0.4417752203798673
19.14	0.44647058210625823
19.15	0.30153917714570794
19.16	0.2961492713933975
19.17	0.1481259447241879
19.18	0.004380276966161417
19.19	0.15968575380831884
19.2	-0.01277217410751024
19.21	0.14216259218312988
19.22	0.14263330723354534
19.23	0.16421131381386536
19.24	0.61385548592332
19.25	0.6160098830541699
19.26	0.628756531895155
19.27	0.7641427075328411
19.28	1.0677640247846625
19.29	1.068093725544254
19.3	1.5045713345217064
19.31	1.7906259263108155
19.32	1.8062568075011547
19.33	2.405457869700187
19.34	2.7054477358525273
19.35	2.708036373133461
19.36	3.3008378730807695
19.37	3.4490348662678416
19.38	4.223539153699759
19.39	4.811776364295514
19.4	5.125088005416969
19.41	5.419364816987334
19.42	5.859331071465445
19.43	6.458741686013108
19.44	6.908718179340943
19.45	7.507868879751528
19.46	7.8239023896106135
19.47	8.268626473151349
19.48	8.874921291082115
19.49	9.608974088606935
19.5	10.064904777241464
19.51	10.535908643919276
19.52	10.677767667758726
19.53	11.422690683212776
19.54	12.030762469147003
19.55	12.336995779492549
19.56	12.628717629897933
19.57	13.08641849213293
19.58	13.694315130991674
19.59	13.9851176048698
19.6	14.43019607944266
19.61	14.746657443414968
19.62	15.34848267919885
19.63	15.487621693950585
19.64	15.971190244530513
19.65	16.237738194283967
19.66	16.39887137971689
19.67	16.539707984582865
19.68	16.843272648246
19.69	17.15142264037404
19.7	17.43529040994552
19.71	17.446683675660193
19.72	17.754840053688465
19.73	17.760066658321964
19.74	17.730883772590524
19.75	17.891594493230382
19.76	17.88083312184583
19.77	17.741787892663385
19.78	17.90351665075273
19.79	17.88880939365059
19.8	17.88937848540617
19.81	17.880935006616728
19.82	17.72993127063644
19.83	17.734718301853402
19.84	17.756108137558243
19.85	17.755544183420348
19.86	17.44202946418931
19.87	17.44325862983168
19.88	16.844770284044646
19.89	16.547259581653098
19.9	16.389994259583716
19.91	15.930770496224891
19.92	15.776156486126716
19.93	15.197701530419867
19.94	15.035059481091675
19.95	14.438388908157389
19.96	14.12692131140058
19.97	13.520754457326113
19.98	12.929062218820889
19.99	12.63074513012712
20.0	12.045192250106519
