10.0	0.23729451557535977
10.01	0.2522446185293222
10.02	0.2413567577109062
10.03	0.240405682955001
10.04	0.25710157006656253
10.05	0.2531196295914653
10.06	0.2505764611290238
10.07	0.25456193800047955
10.08	0.24649078851836678
10.09	0.23397288517812262
10.1	0.2487363373272238
10.11	0.2379976291230322
10.12	0.24430339887327324
10.13	0.2323569103698866
10.14	0.2287909813815379
10.15	0.24830695198813693
10.16	0.22801355551297992
10.17	0.238725680163029
10.18	0.2514326202363985
10.19	0.2325256372196053
10.2	0.24339179857108692
10.21	0.24848655681688706
10.22	0.26584153414618517
10.23	0.24971681896117084
10.24	0.22232244308775792
10.25	0.2484444943065824
10.26	0.2450890651265651
10.27	0.2474630409482884
10.28	0.2402048761803044
10.29	0.24445394492936456
10.3	0.25527606725872304
10.31	0.23997512565116033
10.32	0.2452612546146714
10.33	0.24121138894695093
10.34	0.23374657738340937
10.35	0.24839437630504585
10.36	0.2243826396021708
10.37	0.22192317395094746
10.38	0.22111503616077569
10.39	0.23269828885437424
10.4	0.23952666995842084
10.41	0.22190750832956602
10.42	0.2415522050578479
10.43	0.2474500756768151
10.44	0.24028251269528245
10.45	0.2452525953415653
10.46	0.2287817966153849
10.47	0.22596038879391545
10.48	0.23290810873739984
10.49	0.2349913972319183
10.5	0.236102173458661
10.51	0.24295338255204324
10.52	0.22110122735088694
10.53	0.24020090309779915
10.54	0.23673560827089174
10.55	0.22788863998738465
10.56	0.24113859411642283
10.57	0.23188294987466884
10.58	0.2106228235636476
10.59	0.22271717230626598
10.6	0.23555316029467266
10.61	0.23776278852248606
10.62	0.2194463916763601
10.63	0.23298386783763836
10.64	0.24118765151708244
10.65	0.21919587994815548
10.66	0.24395093400784865
10.67	0.24349384771847768
10.68	0.22059052321928246
10.69	0.24361259410766234
10.7	0.223736960420414
10.71	0.23827286217173635
10.72	0.2356501822399295
10.73	0.2239872417211866
10.74	0.21908547408349957
10.75	0.23678833203885477
10.76	0.24116543237558408
10.77	0.2355007988739078
10.78	0.2459149367332063
10.79	0.22536444071212774
10.8	0.24941353873654742
10.81	0.23901220145470498
10.82	0.24059270779973782
10.83	0.2395702372255801
10.84	0.2265813816029115
10.85	0.251791126216107
10.86	0.244729061635793
10.87	0.24270481718091583
10.88	0.2223823092141386
10.89	0.23405155674784622
10.9	0.2345475959834731
10.91	0.2305920269081118
10.92	0.2556388578420984
10.93	0.25439866601906
10.94	0.2512863598740336
10.95	0.2419399945888939
10.96	0.24444811023563892
10.97	0.23943060010513625
10.98	0.2331583144969962
10.99	0.22427711785495988
11.0	0.23790683619500033
11.01	0.23252191563135743
11.02	0.2639036289376528
11.03	0.24223365473256006
11.04	0.24991322464551233
11.05	0.24210764447294814
11.06	0.2418900959719811
11.07	0.24550578326435665
11.08	0.23672685381667902
11.09	0.24204200957958
11.1	0.24910549905790552
11.11	0.23692669154131246
11.12	0.24084212956664489
11.13	0.23866059038664994
11.14	0.2594969515283717
11.15	0.23868043359300634
11.16	0.24307441243892408
11.17	0.2344671615957995
11.18	0.24173754173346124
11.19	0.2291990737553794
11.2	0.2434197584310857
11.21	0.25416728028845037
11.22	0.21926572345429957
11.23	0.253399914186331
11.24	0.24374529608916884
11.25	0.23793180582324833
11.26	0.23805641890876394
11.27	0.2389276045652546
11.28	0.2408469562856016
11.29	0.2440044161688266
11.3	0.23459078247953985
11.31	0.24296641199262037
11.32	0.2284529446215966
11.33	0.24112814920548892
11.34	0.24160916229981128
11.35	0.24772696224774327
11.36	0.25830311396921873
11.37	0.2430743349466039
11.38	0.25292658857941613
11.39	0.22696924949124958
11.4	0.22904422468049354
11.41	0.24160132629464393
11.42	0.23771598886010106
11.43	0.2424685269807883
11.44	0.22375165189124377
11.45	0.2543839895923521
11.46	0.22900942685073075
11.47	0.2300790087373293
11.48	0.23522740745044068
11.49	0.2401981420551025
11.5	0.22751795511120104
11.51	0.24956280955365193
11.52	0.236047192663161
11.53	0.24219480002676647
11.54	0.24489322688868173
11.55	0.24225712540475536
11.56	0.23121053791175
11.57	0.23916453671997712
11.58	0.2598523679472401
11.59	0.23912432786973983
11.6	0.22974754307437303
11.61	0.2458732686186959
11.62	0.26351429253881975
11.63	0.252181258710781
11.64	0.2401180848857302
11.65	0.23224672867543583
11.66	0.23648066020207248
11.67	0.23339923882006736
11.68	0.2320546299564631
11.69	0.23694460030360204
11.7	0.24338290155459966
11.71	0.2363360450325094
11.72	0.24352648586337802
11.73	0.24819001100689972
11.74	0.25083675069080974
11.75	0.24624120291081295
11.76	0.2419583610345106
11.77	0.23638001343747175
11.78	0.24527788638301695
11.79	0.2327989549836035
11.8	0.25020187155479656
11.81	0.23940686062578753
11.82	0.24005581017451394
11.83	0.24224271954315857
11.84	0.25201022946177454
11.85	0.22807444406534758
11.86	0.23594013243899856
11.87	0.23760855802367825
11.88	0.23697441112114156
11.89	0.24359372516242767
11.9	0.24101267336773852
11.91	0.21973854491939845
11.92	0.2426287321498256
11.93	0.23546796752258128
11.94	0.231040199305506
11.95	0.2292379657532127
11.96	0.23908875100333332
11.97	0.23713938057603376
11.98	0.23091928630492148
11.99	0.2509723213039466
12.0	0.2314017021892573
12.01	0.24116691205151775
12.02	0.24578690915378393
12.03	0.23934406904610697
12.04	0.231770608950425
12.05	0.2371458113102642
12.06	0.24786794877264276
12.07	0.25132374377818656
12.08	0.2418064838882701
12.09	0.24850176209974575
12.1	0.23802163568123424
12.11	0.2349720842046508
12.12	0.230839450346791
12.13	0.22889635962404156
12.14	0.22170304898019716
12.15	0.2267683986159103
12.16	0.24638544656440084
12.17	0.22914057464832482
12.18	0.211331095904026
12.19	0.24496708904008024
12.2	0.24883692623163192
12.21	0.22396124808775533
12.22	0.24783814786088054
12.23	0.25241412722949047
12.24	0.22942680534029747
12.25	0.24364070474644772
12.26	0.23311935562040312
12.27	0.24128510738711328
12.28	0.2251605801472908
12.29	0.23524299269361829
12.3	0.2444512963277175
12.31	0.23799216164316725
12.32	0.23600370877266993
12.33	0.25737113279788637
12.34	0.22191928953675757
12.35	0.23861527981192915
12.36	0.24235671683733723
12.37	0.24569564085294457
12.38	0.23185110614466842
12.39	0.23690667379767227
12.4	0.22869512381132737
12.41	0.22810539726813278
12.42	0.25300746873158514
12.43	0.24787166065381339
12.44	0.23926582261083987
12.45	0.23662719871016083
12.46	0.25334708048960053
12.47	0.24243309936533206
12.48	0.24685074921640926
12.49	0.2484216492527709
12.5	0.22957498647087507
12.51	0.23653107013595223
12.52	0.23559297649162772
12.53	0.24653460834058216
12.54	0.23674035685063338
12.55	0.23791308601314612
12.56	0.23430288417441925
12.57	0.23218619515422267
12.58	0.22726890991522924
12.59	0.2502541847088557
12.6	0.25207794982870263
12.61	0.2492723310769836
12.62	0.22912720719251445
12.63	0.2510986474577149
12.64	0.23262614448860786
12.65	0.24863678318833923
12.66	0.23078984734787503
12.67	0.24324292216343274
12.68	0.24713460971039686
12.69	0.2411099147496078
12.7	0.24392622554812946
12.71	0.2573105540638707
12.72	0.2374971920268854
12.73	0.2353836115828935
12.74	0.23595259838993063
12.75	0.24390515905674814
12.76	0.23246105582766396
12.77	0.2526375068236028
12.78	0.26152926026108464
12.79	0.22380559279791185
12.8	0.24956139888845086
12.81	0.25463947195992925
12.82	0.23752099770892623
12.83	0.25104008923299814
12.84	0.2399735435543058
12.85	0.2529743248771713
12.86	0.24654879911637792
12.87	0.23485489090464337
12.88	0.24713907979017694
12.89	0.2575854783482768
12.9	0.2326973236054651
12.91	0.23310062494851733
12.92	0.2447775241501424
12.93	0.26025169742363735
12.94	0.2404825388790593
12.95	0.24082968069560046
12.96	0.251408852506411
12.97	0.2579098389576108
12.98	0.24062897722095142
12.99	0.24302211782677802
13.0	0.23355906074819233
13.01	0.22273329922614576
13.02	0.24430466877182658
13.03	0.24384356169610838
13.04	0.2514781434281132
13.05	0.23603479191903184
13.06	0.23637887498175691
13.07	0.25725711825522124
13.08	0.24625189336966588
13.09	0.25197828648028786
13.1	0.24845746939625424
13.11	0.23482430905470922
13.12	0.2589933368547342
13.13	0.25619349295006133
13.14	0.2485657153487457
13.15	0.2394673001717699
13.16	0.22770004493311707
13.17	0.24307318874501585
13.18	0.2339502577648386
13.19	0.2588701639257807
13.2	0.24292706318638846
13.21	0.24508936645295615
13.22	0.23455504833654384
13.23	0.23356026362288085
13.24	0.23825312155207512
13.25	0.24429735918321874
13.26	0.2523907963545629
13.27	0.2246943912542027
13.28	0.22641479723835808
13.29	0.2598918040540328
13.3	0.2325777791393001
13.31	0.25062168720546585
13.32	0.2268031520166669
13.33	0.24500756298711654
13.34	0.2451955159755053
13.35	0.2411182868881237
13.36	0.24579357836404572
13.37	0.22829499405781498
13.38	0.2321635487583408
13.39	0.24600409273838575
13.4	0.2333200851738928
13.41	0.23673861883610334
13.42	0.25646506639408007
13.43	0.251004171271484
13.44	0.23894256779084921
13.45	0.2569563330439763
13.46	0.25372194237651424
13.47	0.23214897037440563
13.48	0.22708866561242827
13.49	0.23662157885532636
13.5	0.2458757760188801
13.51	0.24563547526704116
13.52	0.2522869720925244
13.53	0.26211250433554745
13.54	0.2312551133615704
13.55	0.2341185324403406
13.56	0.24480955238388574
13.57	0.24381338039242045
13.58	0.22983339306365144
13.59	0.23375204569258118
13.6	0.22522923064917655
13.61	0.24373611773102904
13.62	0.23931536885601712
13.63	0.2492455625775265
13.64	0.24335107915282475
13.65	0.23332970628661817
13.66	0.25112675838918447
13.67	0.25864216779147076
13.68	0.23042224035350786
13.69	0.2494368595611515
13.7	0.23519145609918168
13.71	0.24085437666428228
13.72	0.24221451492635224
13.73	0.23323096534572776
13.74	0.23494017195354927
13.75	0.2452894351421167
13.76	0.22973562067747202
13.77	0.23765166546052602
13.78	0.2507699320959464
13.79	0.2532843515389629
13.8	0.22046153815510466
13.81	0.2393699060664785
13.82	0.23126153747002245
13.83	0.24646279003193228
13.84	0.23800459572607546
13.85	0.2514989257036486
13.86	0.23844721215842626
13.87	0.23347221222232686
13.88	0.22479385879881206
13.89	0.22925275400332443
13.9	0.2527080616463598
13.91	0.2506525749027297
13.92	0.22979620295862183
13.93	0.23944030878149503
13.94	0.2276902100912695
13.95	0.24489932950892382
13.96	0.2391381508832784
13.97	0.2497398398429114
13.98	0.23554671310238395
13.99	0.2441964401191657
14.0	0.22992388441516462
14.01	0.24427519608019596
14.02	0.2350872673967725
14.03	0.22846307925720866
14.04	0.22000522757456853
14.05	0.2386555720242312
14.06	0.24665705519434042
14.07	0.23751113947825778
14.08	0.25006674428775894
14.09	0.2398120452919891
14.1	0.24647070587015227
14.11	0.24506101782308565
14.12	0.23317170201428586
14.13	0.228355184181849
14.14	0.22962176904280876
14.15	0.23004936529709477
14.16	0.2358846636568641
14.17	0.24096869962173692
14.18	0.244623647027846
14.19	0.2287128742918576
14.2	0.24955234653827116
14.21	0.24260395203427523
14.22	0.23757403538726413
14.23	0.22375989893936782
14.24	0.24109547727892247
14.25	0.21754598952264093
14.26	0.22544272455739153
14.27	0.23796021744370408
14.28	0.24729490409797306
14.29	0.2560973176064492
14.3	0.2347166345683671
14.31	0.246028546166557
14.32	0.2459861794023095
14.33	0.23354477909307625
14.34	0.24838152375310762
14.35	0.2473842609213607
14.36	0.2308921812107771
14.37	0.24493029726102808
14.38	0.23087753596154406
14.39	0.24584016624803126
14.4	0.2320628971363871
14.41	0.2280696542286983
14.42	0.23548855927208054
14.43	0.2309311019196891
14.44	0.23197347901477383
14.45	0.23568146111442848
14.46	0.24293291424113853
14.47	0.22789087263840843
14.48	0.2538084789050683
14.49	0.24015469433967568
14.5	0.248622458628203
14.51	0.24871871384546773
14.52	0.25021169143514044
14.53	0.23827317161410586
14.54	0.24649249660748418
14.55	0.24309415236662055
14.56	0.22924660491560025
14.57	0.25520639909784604
14.58	0.2384740907557138
14.59	0.25397599091306905
14.6	0.26529839500281793
14.61	0.23037835010824387
14.62	0.23281374148471778
14.63	0.240940973231108
14.64	0.228628590063373
14.65	0.25214429908421043
14.66	0.23552275429387584
14.67	0.24059391188761647
14.68	0.23375596832295825
14.69	0.22826110127690513
14.7	0.23706783146452703
14.71	0.25322717891202295
14.72	0.24097338583835484
14.73	0.2635223882604296
14.74	0.24250592960691997
14.75	0.23819592194454076
14.76	0.2468337031497341
14.77	0.23509900330093114
14.78	0.24966809944594112
14.79	0.23510369638374662
14.8	0.2336830587912625
14.81	0.23266754847372037
14.82	0.2237868862348656
14.83	0.23537216691617135
14.84	0.2502308816587536
14.85	0.24709703494633406
14.86	0.24448912039243437
14.87	0.2458291946433595
14.88	0.24654656560754176
14.89	0.24077938042718125
14.9	0.2514046956823885
14.91	0.2373363888029094
14.92	0.24229868682568165
14.93	0.2392107325284848
14.94	0.24251611135080248
14.95	0.22621981877599562
14.96	0.24822223699427476
14.97	0.2392316408054447
14.98	0.22970380280163621
14.99	0.2365896459230032
15.0	0.2543657165361053
15.01	0.24275107762169576
15.02	0.23383445655039084
15.03	0.2408688755729401
15.04	0.2537912812587704
15.05	0.2421692690239292
15.06	0.23993991084118146
15.07	0.22499089731317298
15.08	0.21510790437526534
15.09	0.23719801940947016
15.1	0.2396075994852043
15.11	0.2597858511761644
15.12	0.23815051433330733
15.13	0.25253146003275556
15.14	0.2508794365122211
15.15	0.2459125058069711
15.16	0.23811590157599816
15.17	0.2390762998786068
15.18	0.22836998632719424
15.19	0.24025787696197728
15.2	0.23581190188994605
15.21	0.22465151008462725
15.22	0.2414436970948712
15.23	0.24853499413159386
15.24	0.2490323515129181
15.25	0.24151329940756258
15.26	0.2353718505017878
15.27	0.23891314772848732
15.28	0.24984237830772751
15.29	0.22203084389401462
15.3	0.21808361910525417
15.31	0.24384028835576074
15.32	0.25387934402945894
15.33	0.23308990484784556
15.34	0.24680396504550034
15.35	0.24105788521078847
15.36	0.23286245538804762
15.37	0.22515418987609076
15.38	0.2409060797078183
15.39	0.2284391998011329
15.4	0.2468162496903918
15.41	0.2581432631867434
15.42	0.23166219178874162
15.43	0.2401803774808827
15.44	0.22554274020847476
15.45	0.25007886766469717
15.46	0.2197974583919836
15.47	0.22451953280942605
15.48	0.23527286617286805
15.49	0.2269488547135535
15.5	0.2391010511336228
15.51	0.2404646306776841
15.52	0.24182555269924966
15.53	0.23968610025768577
15.54	0.252589139947394
15.55	0.25251598424379007
15.56	0.24824221775173555
15.57	0.22372856579690115
15.58	0.22678119321419238
15.59	0.23209420798369737
15.6	0.23049406333944342
15.61	0.24446374909751356
15.62	0.2417558343269611
15.63	0.2205470699893706
15.64	0.25157816587816195
15.65	0.22823582536975562
15.66	0.2388204533677633
15.67	0.2385914908764811
15.68	0.23441403952378093
15.69	0.23833042054889103
15.7	0.24310680563037895
15.71	0.22993972352211087
15.72	0.22235976142392877
15.73	0.23618452240598872
15.74	0.222809242946149
15.75	0.2400975232419723
15.76	0.25244331510811857
15.77	0.23041128826493085
15.78	0.24252589070457964
15.79	0.23678076102669804
15.8	0.24585481877525892
15.81	0.22596192765337475
15.82	0.2328658073444771
15.83	0.22764740024170568
15.84	0.2328769827975979
15.85	0.23699606435699538
15.86	0.2258002218801609
15.87	0.23443942398694045
15.88	0.25635660030234186
15.89	0.24241862048700083
15.9	0.24143984307413155
15.91	0.2233807345602276
15.92	0.24051568056740188
15.93	0.23543124054926776
15.94	0.22818703809709445
15.95	0.22800287478235765
15.96	0.24121125012728464
15.97	0.24440714012888043
15.98	0.234091697528529
15.99	0.23639052788479084
16.0	0.24901502325582506
16.01	0.23322404406827704
16.02	0.2450632600803431
16.03	0.23845439627065035
16.04	0.25675904203893857
16.05	0.239233218671506
16.06	0.2407708775105954
16.07	0.24248657729200393
16.08	0.2492469675777702
16.09	0.24714671000736985
16.1	0.22743348771379385
16.11	0.26345993549308033
16.12	0.254636110164829
16.13	0.24293600310292107
16.14	0.24189702054581078
16.15	0.23719426962968462
16.16	0.237341959444275
16.17	0.2503289883341624
16.18	0.23373750143779262
16.19	0.22620703696619504
16.2	0.256168632621779
16.21	0.25263845855369377
16.22	0.2196934865446075
16.23	0.2313452316270554
16.24	0.23085084607700082
16.25	0.24653695531654335
16.26	0.22746680501278652
16.27	0.22662364465668733
16.28	0.24182125704846494
16.29	0.23545067721526092
16.3	0.2371689089884699
16.31	0.25523889656609844
16.32	0.24405855177423016
16.33	0.24847632546703385
16.34	0.24533848000385758
16.35	0.23586282114160181
16.36	0.22868923090737497
16.37	0.22484693192437183
16.38	0.23939488692512828
16.39	0.2525154597308876
16.4	0.23818428650106427
16.41	0.240030270054732
16.42	0.23159900108112574
16.43	0.25705274315172183
16.44	0.22542193369758812
16.45	0.2459355149047621
16.46	0.23057589388432556
16.47	0.23258650851791693
16.48	0.2306164264037207
16.49	0.23605538100585816
16.5	0.2354705989230949
16.51	0.2076557712094222
16.52	0.24992182479863162
16.53	0.2486135899276976
16.54	0.24442314751276165
16.55	0.23423842895704275
16.56	0.2449587756321866
16.57	0.25058663740691406
16.58	0.23171775181446913
16.59	0.2572932501984921
16.6	0.2501392226548823
16.61	0.24293250987521495
16.62	0.23352374382444707
16.63	0.22863234437967023
16.64	0.23756284866516195
16.65	0.2186622829240592
16.66	0.22136447977208687
16.67	0.2358707635395769
16.68	0.2493223381933761
16.69	0.2384277961726329
16.7	0.2372883109358492
16.71	0.23381773201393075
16.72	0.22524387101744445
16.73	0.22458516443889645
16.74	0.24733157967302796
16.75	0.22120189059655532
16.76	0.25346602897721465
16.77	0.23464589801543262
16.78	0.24579964455591796
16.79	0.21560387549755652
16.8	0.23471437418376154
16.81	0.23123402749405014
16.82	0.23926975150995358
16.83	0.24571921546969183
16.84	0.24599728112300834
16.85	0.2305123988070916
16.86	0.23147753528453782
16.87	0.22722341863878032
16.88	0.23711202898308711
16.89	0.2396783299877731
16.9	0.23908758892958132
16.91	0.24647841113500665
16.92	0.22226785381461256
16.93	0.23346259651882728
16.94	0.24553029272518023
16.95	0.24375660108008712
16.96	0.2299670585729385
16.97	0.21970014511625735
16.98	0.24286142069906955
16.99	0.23538747822645617
17.0	0.23904357529436035
17.01	0.22975512040685564
17.02	0.23521747179585004
17.03	0.22853110540187546
17.04	0.24372915951906657
17.05	0.2370704475050756
17.06	0.2356545360090466
17.07	0.23209033590466813
17.08	0.25158817280310314
17.09	0.2375549793225693
17.1	0.23557535466319038
17.11	0.24836227765190413
17.12	0.2427241306852759
17.13	0.242193228890272
17.14	0.23628992012282862
17.15	0.2456210409157953
17.16	0.23864185319479464
17.17	0.23845847691755048
17.18	0.23968764531564035
17.19	0.2543513627540576
17.2	0.24400642961046035
17.21	0.23884495145027052
17.22	0.2401949123073558
17.23	0.23414844850662678
17.24	0.23212097138392093
17.25	0.22847223575583014
17.26	0.23351651503528192
17.27	0.2563389529837629
17.28	0.2589811513014373
17.29	0.24344207727932077
17.3	0.24269017419604058
17.31	0.2531317370180999
17.32	0.24504360707320366
17.33	0.23382008474079394
17.34	0.2542859973228869
17.35	0.25604830974498605
17.36	0.24003194661329869
17.37	0.23419069647571655
17.38	0.23325435755495558
17.39	0.25526061608132994
17.4	0.25089851386095463
17.41	0.2294806506419552
17.42	0.2517749817523823
17.43	0.2580516809071982
17.44	0.23845775350942405
17.45	0.2519350763597658
17.46	0.24238136322199896
17.47	0.21508526176722198
17.48	0.24571846891131494
17.49	0.23584224275460033
17.5	0.2422872363659056
17.51	0.2289512524588852
17.52	0.25089763528031245
17.53	0.24030975603771026
17.54	0.23192893399331613
17.55	0.24902179451214246
17.56	0.23605694377591324
17.57	0.2344111908333789
17.58	0.25105922405173275
17.59	0.24064081670206175
17.6	0.22966888008284048
17.61	0.24741789037149153
17.62	0.2303439921021761
17.63	0.24521994510935877
17.64	0.2298948840243949
17.65	0.26030215484793257
17.66	0.24712972772706593
17.67	0.23280960697980496
17.68	0.2451964703906085
17.69	0.24605865268853383
17.7	0.251217734378747
17.71	0.22852719875610977
17.72	0.26086273455919984
17.73	0.2457175365967479
17.74	0.24042887619817113
17.75	0.2483128552171378
17.76	0.2545422927071418
17.77	0.2332282685339295
17.78	0.23012433401791985
17.79	0.2570102645011642
17.8	0.24379511621111946
17.81	0.2547134466311817
17.82	0.23211751752577114
17.83	0.23421065354563148
17.84	0.249795999112048
17.85	0.25777581262677046
17.86	0.2532407462345082
17.87	0.23442809359285643
17.88	0.2363008204503439
17.89	0.25709539748637456
17.9	0.24673849469034645
17.91	0.25148692944726403
17.92	0.23684821012733936
17.93	0.24880421954784812
17.94	0.24384532714282614
17.95	0.267401443067137
17.96	0.2610418979562581
17.97	0.23333790820519307
17.98	0.23330567536667457
17.99	0.2707192804609467
18.0	0.23065414230662734
18.01	0.23212074975135968
18.02	0.25028613003229266
18.03	0.24386619117593178
18.04	0.23139890724740086
18.05	0.2613426323754003
18.06	0.2364018303634188
18.07	0.23919552494691573
18.08	0.23470715197062367
18.09	0.23940076186178122
18.1	0.24639086444991423
18.11	0.2514675685016615
18.12	0.24189023238437563
18.13	0.24138062283645387
18.14	0.24601841490662946
18.15	0.23448441717140428
18.16	0.2481161288720687
18.17	0.23738660250900265
18.18	0.25577964259449015
18.19	0.26253390425783746
18.2	0.25067917185963506
18.21	0.2530382141923864
18.22	0.24688416289508763
18.23	0.22522268663058267
18.24	0.2651804953324636
18.25	0.23300623561795392
18.26	0.24407555406544557
18.27	0.2600090340035625
18.28	0.2328426248692485
18.29	0.252357212767626
18.3	0.24678194201055675
18.31	0.23653332557711687
18.32	0.23934800032174985
18.33	0.2413912819343324
18.34	0.24181011069732136
18.35	0.23016302139274145
18.36	0.24895503365565977
18.37	0.24053279984095044
18.38	0.23803718790960054
18.39	0.24396280928955488
18.4	0.24699194189416768
18.41	0.24935249372975143
18.42	0.25883052008080526
18.43	0.24236867342435137
18.44	0.2454967045447141
18.45	0.2386881234088305
18.46	0.26063889380314037
18.47	0.2481673347219014
18.48	0.254461597949133
18.49	0.24717906219792296
18.5	0.24190376485166523
18.51	0.25450745483968223
18.52	0.2707722803750537
18.53	0.24196273039392804
18.54	0.25055752797481007
18.55	0.24886890896222924
18.56	0.2426248616269303
18.57	0.23525759466827814
18.58	0.2325291209304482
18.59	0.23076429209974378
18.6	0.24403925894682968
18.61	0.24512950937596106
18.62	0.22233139903414412
18.63	0.257823251852959
18.64	0.23227378933749573
18.65	0.2364905387694202
18.66	0.24891546744130763
18.67	0.24613560791152028
18.68	0.24336097058453243
18.69	0.21452040491999225
18.7	0.21377629589278693
18.71	0.233177676566308
18.72	0.2494364724422986
18.73	0.24075150828460154
18.74	0.2434994341849053
18.75	0.2285945672458953
18.76	0.2310503594424749
18.77	0.25345367841252553
18.78	0.24791096732677903
18.79	0.2430689790816809
18.8	0.2613056216327146
18.81	0.23577299066589538
18.82	0.23789528511578906
18.83	0.23657273326871384
18.84	0.24503770802724453
18.85	0.23357838600073796
18.86	0.2319340868341308
18.87	0.2408174213623994
18.88	0.2514210159034804
18.89	0.23254114975013912
18.9	0.23973316907330866
18.91	0.24926985179949038
18.92	0.2414415188198863
18.93	0.25390839906719054
18.94	0.23897141907426556
18.95	0.2454045358230781
18.96	0.243202308214898
18.97	0.22155692659840992
18.98	0.24158140248341853
18.99	0.2453405173767939
19.0	0.23504499940803644
19.01	0.24212123972318655
19.02	0.22599654512034809
19.03	0.24518763090492585
19.04	0.23558383537742075
19.05	0.2432408079357061
19.06	0.24231437772015813
19.07	0.25208693644448293
19.08	0.24576874430433662
19.09	0.23533949296191461
19.1	0.23596355183292714
19.11	0.2598400913256855
19.12	0.22437536132333372
19.13	0.2231805718469807
19.14	0.24543257172927777
19.15	0.24422507118273254
19.16	0.23723412156034135
19.17	0.23564315701694122
19.18	0.23797974038933034
19.19	0.24416489615430723
19.2	0.21817584021928527
19.21	0.2286899766795003
19.22	0.2196945283786219
19.23	0.21809124253350048
19.24	0.2400119175728774
19.25	0.24924045290986163
19.26	0.24403092628278072
19.27	0.2421630268468053
19.28	0.2496779208540589
19.29	0.243904244165373
19.3	0.23339166932725985
19.31	0.2444579150005508
19.32	0.23210998190615637
19.33	0.23048190804652952
19.34	0.22272801443922516
19.35	0.2525318169694308
19.36	0.23089656070966216
19.37	0.2299630867567211
19.38	0.24423343885344984
19.39	0.24041977103265844
19.4	0.23916954677809318
19.41	0.25186676981128187
19.42	0.2594056824777266
19.43	0.2487212417845508
19.44	0.24170164063418687
19.45	0.2409143443905498
19.46	0.23433409090010604
19.47	0.24244280004729393
19.48	0.2503210120622315
19.49	0.26545929512921423
19.5	0.2662598071784263
19.51	0.23731720327897446
19.52	0.24318942379654843
19.53	0.24390045685098602
19.54	0.2517322944180123
19.55	0.24380784980069045
19.56	0.23934774685177293
19.57	0.2442085721294354
19.58	0.2525530617690288
19.59	0.2521528566558707
19.6	0.2484843864291834
19.61	0.23767768532861838
19.62	0.24227175932019548
19.63	0.24290956792025872
19.64	0.22265249502042092
19.65	0.24030207600775896
19.66	0.23058503013365994
19.67	0.24930580199363353
19.68	0.22528458937109672
19.69	0.24922303273001783
19.7	0.24999279801670704
19.71	0.24200926220962
19.72	0.2422035940318273
19.73	0.25832165807898616
19.74	0.24693355586898058
19.75	0.24284738836278588
19.76	0.25116317986547126
19.77	0.22718390348836115
19.78	0.23483884331134822
19.79	0.24143400291791378
19.8	0.2512002930762585
19.81	0.2324182801079945
19.82	0.24549369068263108
19.83	0.25158385451530835
19.84	0.2641317858438704
19.85	0.2318415805051636
19.86	0.2412192585353989
19.87	0.23318648962346455
19.88	0.22446277463222356
19.89	0.2479435678078397
19.9	0.23959411466325367
19.91	0.23834781247652512
19.92	0.2517990590059926
19.93	0.24210263273375454
19.94	0.26953562816816606
19.95	0.2588215793985389
19.96	0.2499223104227214
19.97	0.22556764998597698
19.98	0.23924872933673147
19.99	0.23992497900939083
20.0	0.23486875855167966
20.01	0.2464873968809874
20.02	0.24702082433472966
20.03	0.22222566803933155
20.04	0.24249551541136538
20.05	0.2309870890594321
20.06	0.2359770206354469
20.07	0.23980230723313797
20.08	0.2477946006395432
20.09	0.224037937506121
20.1	0.2501974739544964
20.11	0.23536551670970468
20.12	0.23180439678974651
20.13	0.22549308534467433
20.14	0.24613656933934455
20.15	0.22801184552685716
20.16	0.22671658659476612
20.17	0.24819705656354588
20.18	0.23781495117897347
20.19	0.2371320433879006
20.2	0.21997544096569918
20.21	0.23483631610680947
20.22	0.24012537564257405
20.23	0.24970379628917477
20.24	0.23264069288086356
20.25	0.23466415897216286
20.26	0.21927550617823063
20.27	0.23864646318793992
20.28	0.2551219575856574
20.29	0.2567005848997391
20.3	0.24962332684736152
20.31	0.2543853269121734
20.32	0.22734038378295301
20.33	0.22980242631283382
20.34	0.23582420967412235
20.35	0.23041624788473872
20.36	0.25013245486277624
20.37	0.2448529491337243
20.38	0.222053188908666
20.39	0.2387474886320151
20.4	0.23961538063383092
20.41	0.2317671990815974
20.42	0.22705615100352977
20.43	0.23869457690989274
20.44	0.21188213983244872
20.45	0.23875006065902338
20.46	0.24339466798719625
20.47	0.24468586468827072
20.48	0.22717514384841936
20.49	0.22791664804637884
20.5	0.23837966972336164
20.51	0.255009508761272
20.52	0.22810056992481836
20.53	0.2315269204712931
20.54	0.23719638347822303
20.55	0.23930686728802186
20.56	0.23742158065743524
20.57	0.2618950262859635
20.58	0.22578908057371544
20.59	0.23537716317117263
20.6	0.23295962457652983
20.61	0.2416458068498931
20.62	0.2644376881827908
20.63	0.21776886567188578
20.64	0.2328193996584274
20.65	0.22340140554440488
20.66	0.2343895843860898
20.67	0.22215161696645408
20.68	0.22784947481931142
20.69	0.22613751019154207
20.7	0.24142628012622228
20.71	0.2221832172925799
20.72	0.2153045572784174
20.73	0.24664516939094677
20.74	0.2165646615184878
20.75	0.24151021308119777
20.76	0.22546749014947087
20.77	0.24119861557159786
20.78	0.2316106149673672
20.79	0.24754858997786683
20.8	0.2476115092886647
20.81	0.22643965821135612
20.82	0.23139451792407098
20.83	0.24892526443694757
20.84	0.2394462301516037
20.85	0.22773856585274627
20.86	0.24820911786907718
20.87	0.24824610098748645
20.88	0.21854986937724202
20.89	0.240168150018345
20.9	0.2314470402836875
20.91	0.22145196002345383
20.92	0.2750766873320026
20.93	0.22258963439456167
20.94	0.22834679110619818
20.95	0.22651099282800458
20.96	0.24328086685090733
20.97	0.23488996794826061
20.98	0.22848120899837548
20.99	0.24706094533985604
21.0	0.2272559666717882
21.01	0.22952558735498904
21.02	0.2293127547100062
21.03	0.24657980039061775
21.04	0.2383301163943629
21.05	0.2347205540266357
21.06	0.25816035367934165
21.07	0.24258423056403478
21.08	0.23422537649160088
21.09	0.23466061490708748
21.1	0.2527666137483251
21.11	0.2401209935819295
21.12	0.23478905886341234
21.13	0.23843775283442897
21.14	0.21577347309035932
21.15	0.23497291902321227
21.16	0.23896411687086205
21.17	0.23117602763613543
21.18	0.2462288112495301
21.19	0.22098431348918923
21.2	0.2507458247316634
21.21	0.2484959599478745
21.22	0.24651501174647025
21.23	0.23540906479328533
21.24	0.26276694285492
21.25	0.23556046021774626
21.26	0.2352504755512091
21.27	0.24503161659553416
21.28	0.22204147261415455
21.29	0.22938164985314555
21.3	0.22831722124282894
21.31	0.25113649626087853
21.32	0.24334031529727393
21.33	0.24017570272849367
21.34	0.24794826267584086
21.35	0.2383388241022714
21.36	0.2442061480649315
21.37	0.23893183088205153
21.38	0.23320766411132798
21.39	0.22607201980537397
21.4	0.22781148483346675
21.41	0.2534856230145065
21.42	0.2400753990620096
21.43	0.2237698761878214
21.44	0.23409593916713833
21.45	0.23619557226924517
21.46	0.23280763814054417
21.47	0.2404488737944871
21.48	0.23662429142294428
21.49	0.24584539994329266
21.5	0.2214444029550457
21.51	0.24234316543140763
21.52	0.24381074425290206
21.53	0.23560735988859
21.54	0.2269142085342118
21.55	0.24791077504660478
21.56	0.23950104558456564
21.57	0.24705969549884263
21.58	0.24724797900492268
21.59	0.2363934890742538
21.6	0.252956359644301
21.61	0.22997216491164135
21.62	0.21620763800528006
21.63	0.24491479379325695
21.64	0.23598357616536567
21.65	0.23998083270694975
21.66	0.24147485432110585
21.67	0.23385022020829957
21.68	0.23747129576942486
21.69	0.22772574898989256
21.7	0.22750498565498378
21.71	0.2486627093751725
21.72	0.25266223546477456
21.73	0.23059153655900494
21.74	0.23737555305044508
21.75	0.24490469225515327
21.76	0.24790750841765885
21.77	0.230064995825535
21.78	0.2402147918656901
21.79	0.249776248466921
21.8	0.23556439058783507
21.81	0.24173272052346076
21.82	0.25387199524694937
21.83	0.23890857478472333
21.84	0.2407456022325882
21.85	0.2463100765950578
21.86	0.23255517819667507
21.87	0.2156776912499424
21.88	0.2208723689684927
21.89	0.2453054418400377
21.9	0.2355194406497249
21.91	0.23038600940494688
21.92	0.23191639046481044
21.93	0.25571357492342484
21.94	0.23671594992136546
21.95	0.24905996386858759
21.96	0.2498523543886294
21.97	0.2607664073589419
21.98	0.23463826522320858
21.99	0.247815357769008
22.0	0.2317335386047685
