10.01	29.360466557720667
10.02	28.979791784452303
10.03	28.285315998465833
10.04	27.766058799140954
10.05	27.589917777601617
10.06	27.264671528766552
10.07	26.54942612863807
10.08	26.21792243949572
10.09	25.52568334706962
10.1	24.829042009023905
10.11	24.146261464829674
10.12	23.76807014491639
10.13	22.739883822021135
10.14	22.048952933043857
10.15	21.35131188604826
10.16	20.642772710811638
10.17	19.455878438469078
10.18	18.927335239507155
10.19	18.22659231791549
10.2	17.357712653437083
10.21	16.650304828870688
10.22	15.798142641901713
10.23	15.10992933286646
10.24	14.402473176426662
10.25	13.359039416629635
10.26	12.675826722698975
10.27	11.980655339088443
10.28	11.634845247609018
10.29	10.941431471257884
10.3	10.239174791010116
10.31	9.89016235327006
10.32	9.191147359227992
10.33	8.32848791648895
10.34	8.168811243501485
10.35	7.458011793595057
10.36	7.134955953851851
10.37	6.770380947910061
10.38	6.428583245291424
10.39	6.0811827721539915
10.4	5.37153632828365
10.41	5.368152744293535
10.42	5.047286300818398
10.43	4.683738903724371
10.44	4.350111572027332
10.45	4.338391032173703
10.46	4.003034470762627
10.47	4.0179821653868535
10.48	3.975041323176108
10.49	3.646437075443325
10.5	3.6439943331940943
10.51	3.6474459601611366
10.52	3.6366366944481006
10.53	3.2904124090363434
10.54	3.300301390317637
10.55	3.6302296665621308
10.56	3.649235598556552
10.57	3.6500004976237768
10.58	4.0151554397630616
10.59	3.9952798189624352
10.6	3.999489374401738
10.61	4.353216937838341
10.62	4.679317349153444
10.63	5.031422540702655
10.64	5.3821458501521615
10.65	5.385883497843621
10.66	6.081785627586529
10.67	6.414109180810049
10.68	7.127160228903601
10.69	7.472786649769764
10.7	8.341863570479248
10.71	8.855658705253388
10.72	9.561678888413184
10.73	10.247148898858187
10.74	10.946440146267276
10.75	11.796562204785154
10.76	12.674035607496632
10.77	13.36363848859292
10.78	14.070891534511034
10.79	15.12237966760478
10.8	16.145174687228284
10.81	16.4874290805514
10.82	17.542115831950667
10.83	18.570673291435355
10.84	18.9144799765341
10.85	19.980941053796858
10.86	20.825465113239602
10.87	21.378758824151753
10.88	22.23107588702761
10.89	22.74275467565003
10.9	23.4529591176135
10.91	24.14077413062235
10.92	24.826728340641978
10.93	25.509319854437294
10.94	26.22180879056932
10.95	26.57200226480966
10.96	26.91562161126173
10.97	27.602817855678158
10.98	27.791833201166053
10.99	28.298313209320405
11.0	28.657563853545668
11.01	29.32072641774228
11.02	29.32033577698945
11.03	29.685960192666023
11.04	30.033321736766187
11.05	30.034285455736878
11.06	30.40478046438252
11.07	30.3562368933792
11.08	30.380988717508856
11.09	30.38232237953166
11.1	30.546835942664956
11.11	30.391706948932196
11.12	30.56248790448579
11.13	30.55245248874988
11.14	30.371109458081442
11.15	30.035158271920118
11.16	30.371123467731774
11.17	29.707437427382626
11.18	29.70468810709433
11.19	29.332384841553267
11.2	28.99367655203775
11.21	28.994392954738338
11.22	28.47008049976314
11.23	27.77250666896324
11.24	27.764795243967825
11.25	26.91373425921607
11.26	26.562050706197223
11.27	25.870952618853615
11.28	25.507782747454783
11.29	24.82310814622649
11.3	24.12486277200779
11.31	23.610174527344558
11.32	22.73826644730108
11.33	22.05260502139332
11.34	21.367810197075165
11.35	20.82244473901164
11.36	19.42882485836382
11.37	19.282397172310002
11.38	18.231593593543806
11.39	17.53896631781614
11.4	16.666492136727445
11.41	15.968611488460729
11.42	15.115072653492884
11.43	14.408497460754447
11.44	13.710403595868062
11.45	12.669252869919157
11.46	11.984078842809474
11.47	10.950350962748937
11.48	10.947755030748672
11.49	9.882712536095825
11.5	9.196405528894147
11.51	8.342465284226977
11.52	7.990800565414022
11.53	7.484690419206503
11.54	7.121778166338673
11.55	6.237640145021758
11.56	5.559605672114526
11.57	5.200141574717764
11.58	5.032571581959461
11.59	4.68760388935859
11.6	4.342209710001839
11.61	3.826582926274067
11.62	3.6442189697593514
11.63	2.787505613964107
11.64	2.784078835858274
11.65	2.596961395409514
11.66	2.5971831929009057
11.67	2.258683363786054
11.68	2.2633607151987127
11.69	1.5468970163768123
11.7	1.5779290269098907
11.71	1.2158481465906315
11.72	1.2071375526264847
11.73	1.2117264020976048
11.74	1.2281756282123057
11.75	1.2044670793930194
11.76	1.0302850870785674
11.77	0.8601939873577408
11.78	0.8703469054691271
11.79	0.871554131660317
11.8	0.8746361765083659
11.81	0.8769020772382121
11.82	1.2314533649333563
11.83	0.8718013837194889
11.84	1.2014373597178256
11.85	1.2116580845062366
11.86	1.2059043970848953
11.87	0.8644006912909465
11.88	1.557464106115984
11.89	1.5626426405894287
11.9	1.5690514340322108
11.91	2.251472659932816
11.92	2.2694181772963944
11.93	2.28053449129301
11.94	2.6090243036871734
11.95	2.7575406187584255
11.96	3.305502514430713
11.97	3.6357279535554845
11.98	3.640877336714998
11.99	4.3414235158299554
12.0	5.039627353888122
12.01	5.2194498024199225
12.02	5.5684383898359515
12.03	6.07727291703146
12.04	6.771499966758278
12.05	7.812603963866343
12.06	8.174869436450034
12.07	8.67862513038131
12.08	9.375248985109426
12.09	10.228112696414945
12.1	11.118375340941204
12.11	11.129264130449544
12.12	11.97284801987412
12.13	13.190969652374688
12.14	13.73420999963387
12.15	14.770296327144464
12.16	15.44857672102689
12.17	16.15748126812739
12.18	16.656514035469886
12.19	17.532030364600075
12.2	18.236345345555694
12.21	18.937996316233413
12.22	19.438830324066313
12.23	20.32630723746178
12.24	21.019851756426352
12.25	21.689557911395237
12.26	22.057202385844814
12.27	22.734655881183116
12.28	23.44613283773063
12.29	23.766194077693232
12.3	24.4828935236831
12.31	24.84597314001993
12.32	24.994816221397073
12.33	25.871955229019214
12.34	26.2016563960881
12.35	26.923923711011692
12.36	26.92775747044366
12.37	27.26465167455747
12.38	27.429901248012577
12.39	27.601519333984566
12.4	27.782687488058546
12.41	27.786801186199266
12.42	28.291088033277525
12.43	28.62709699964875
12.44	28.650467824713555
12.45	29.176330043129102
12.46	29.162038286689246
12.47	29.33409188785932
12.48	29.34819565824045
12.49	29.330676163823682
12.5	29.33211916904808
12.51	29.49989857627119
12.52	29.34795389479968
12.53	29.695896623347966
12.54	29.5104733246512
12.55	29.34819290857997
12.56	29.337405628667945
12.57	29.52051035956485
12.58	29.68350904839144
12.59	29.33619277334178
12.6	29.35890897100158
12.61	29.50853983662063
12.62	29.169289448986472
12.63	29.17119064695148
12.64	28.978273966043727
12.65	29.330402185905974
12.66	28.849806701811392
12.67	28.30539112368571
12.68	27.773979919652604
12.69	27.776329175534855
12.7	27.77900956427734
12.71	27.606238952518794
12.72	27.42656063375386
12.73	27.259827564414778
12.74	26.73403413333334
12.75	26.045872435920803
12.76	25.864685064570796
12.77	24.996861442447443
12.78	24.653069233374172
12.79	24.48211683400676
12.8	24.134422219107446
12.81	23.239906595819832
12.82	23.084367652853487
12.83	22.224246389251366
12.84	21.862664998355385
12.85	21.013492881963455
12.86	20.502409264054332
12.87	19.446318343586498
12.88	19.095114138645002
12.89	18.926398498155827
12.9	18.229847457235
12.91	17.36041420314713
12.92	16.658724040092668
12.93	16.152548842728883
12.94	15.435431928037072
12.95	14.75505414415504
12.96	13.885718286769961
12.97	13.539725196293762
12.98	12.663495509077823
12.99	12.32816151280274
13.0	11.10666335897537
13.01	11.115191974232673
13.02	10.754002295447568
13.03	10.424171999170094
13.04	9.554501090503647
13.05	9.202975385919615
13.06	8.8564612860028
13.07	8.330485393183334
13.08	7.990671770200516
13.09	7.286409915164487
13.1	7.112654670898903
13.11	6.769948275561785
13.12	6.4421275228233155
13.13	6.409738801464931
13.14	6.085947114385525
13.15	5.5423550482769475
13.16	5.20070828664821
13.17	5.185971887919972
13.18	5.027218547898833
13.19	5.0402876921470865
13.2	4.6896958935623685
13.21	4.529453308409022
13.22	4.330511057118322
13.23	4.37349134224965
13.24	4.161134906844541
13.25	4.343344604669186
13.26	4.168365941146305
13.27	4.004649699454956
13.28	4.178033399345086
13.29	3.827298614417147
13.3	3.9978872697884618
13.31	3.826580151009866
13.32	4.327878319979183
13.33	4.337131438008507
13.34	4.34359316266763
13.35	3.985604797077635
13.36	4.344141549678423
13.37	4.531656507261834
13.38	4.509362137779686
13.39	5.032335879686789
13.4	5.1881052388785545
13.41	5.22972045633072
13.42	5.5562253971901425
13.43	5.549502022275455
13.44	6.0686416823675815
13.45	6.580638999268754
13.46	6.7757447023366355
13.47	7.311853196438816
13.48	7.786444016315289
13.49	8.341371716182499
13.5	8.342172388614559
13.51	9.20165185474145
13.52	9.373256679577592
13.53	10.062907378998695
13.54	10.40770892050435
13.55	10.952189847107107
13.56	11.100068022258386
13.57	12.138944613998037
13.58	12.681506668845786
13.59	13.35421281120205
13.6	13.893453266661338
13.61	14.24527211116191
13.62	15.437003404882839
13.63	15.628289708331737
13.64	16.11999008311395
13.65	16.65312550891357
13.66	17.529804267718706
13.67	18.22268540451646
13.68	18.916128398127746
13.69	19.278131064943487
13.7	20.116387585716225
13.71	20.330934037627568
13.72	21.006022777981563
13.73	21.697756474475927
13.74	21.692533065275608
13.75	22.20516693829118
13.76	22.746344545606572
13.77	23.289440198500646
13.78	23.795261860402647
13.79	23.967686450076886
13.8	24.479740607749054
13.81	24.64728430769838
13.82	24.99427534343447
13.83	24.994648611772327
13.84	25.86501684242758
13.85	25.852723480366134
13.86	25.867147072765892
13.87	26.206740133115897
13.88	26.560173753888456
13.89	26.21729190732803
13.9	26.557909086148197
13.91	26.571169652795124
13.92	26.742260885160345
13.93	26.565064691485315
13.94	26.730049889590717
13.95	26.739087456914987
13.96	26.75650252813317
13.97	26.896359742947073
13.98	26.74355670974639
13.99	26.73127416157889
14.0	26.554144393610887
14.01	26.730304732547804
14.02	26.73922470118488
14.03	26.57914084462008
14.04	26.568204966508695
14.05	26.389156075307728
14.06	26.204007507523436
14.07	26.034402517785892
14.08	26.024943706689008
14.09	26.04677015293859
14.1	25.530950538469433
14.11	25.693883054549783
14.12	24.994585458836536
14.13	25.01280238775156
14.14	24.813116295913158
14.15	24.487700629392318
14.16	23.947170346564942
14.17	23.776321759744096
14.18	23.449458922889175
14.19	23.263795167950924
14.2	22.23848697178795
14.21	22.22026810718125
14.22	21.728038250231297
14.23	20.99830154189773
14.24	20.651779387082346
14.25	20.31726651872276
14.26	19.45501744898073
14.27	18.915493063464652
14.28	18.38645628447657
14.29	17.68567980419161
14.3	16.6899415031957
14.31	16.140014237356148
14.32	15.625310406950993
14.33	14.756872388088548
14.34	13.88596005725589
14.35	13.69594146281215
14.36	13.032243041298425
14.37	12.3207577237745
14.38	11.10227523318558
14.39	10.771653167749323
14.4	9.90362878641573
14.41	9.207968950060483
14.42	8.84861464590065
14.43	7.987399933056433
14.44	7.81567538037564
14.45	7.2789304323415465
14.46	6.44548419837853
14.47	6.0922781195939955
14.48	5.538990806309073
14.49	4.874775195339514
14.5	4.676595063738684
14.51	4.350336603029393
14.52	3.9938575838917676
14.53	3.64278463491857
14.54	2.7677933247299342
14.55	2.6076830862538634
14.56	2.6169384151537707
14.57	2.430546392868828
14.58	2.2634650284924724
14.59	1.7381601648408462
14.6	1.7434133842274244
14.61	1.554681369796432
14.62	1.5510599848410729
14.63	1.5680201807796268
14.64	0.8836372675929276
14.65	1.0459165478789594
14.66	1.0388678132065245
14.67	0.8700669493380633
14.68	0.8567525402700983
14.69	1.0289595107483573
14.7	1.044825922197551
14.71	1.3862349210125684
14.72	1.2322312776185422
14.73	1.56279665584093
14.74	1.5610290942957135
14.75	1.7377765329163624
14.76	1.9239382238426066
14.77	2.2539723040660595
14.78	2.4311658162740253
14.79	2.778279720190985
14.8	3.2966532619046927
14.81	3.459149736860223
14.82	3.8152554317896343
14.83	4.345130761670371
14.84	5.022906814121842
14.85	5.377482850917877
14.86	5.55779666533901
14.87	6.423878615791725
14.88	7.128555558491437
14.89	7.82245641861179
14.9	8.321472742875725
14.91	9.198489664836398
14.92	9.883614824625411
14.93	10.594298327334505
14.94	11.10852524972706
14.95	11.976794922892779
14.96	12.861990863771757
14.97	13.708051929006912
14.98	14.403831699972145
14.99	15.105796445480271
15.0	15.785807428728063
15.01	16.510789743439894
15.02	17.352417265824524
15.03	17.88828639623025
15.04	18.929933003359317
15.05	19.443207375019963
15.06	20.302538804552004
15.07	20.669560985709467
15.08	21.707010612125824
15.09	22.055422092848158
15.1	22.214678621266195
15.11	22.904506856417616
15.12	23.800685991445654
15.13	23.960008074432942
15.14	24.656198055077343
15.15	24.844548994436373
15.16	25.536424000923116
15.17	25.86392618053176
15.18	26.0302002203379
15.19	26.38112058603516
15.2	26.902204736917692
15.21	26.894919743241378
15.22	27.249294542942287
15.23	27.269532079589606
15.24	27.249799163669916
15.25	27.59971793910056
15.26	27.778993673734576
15.27	27.787929092725147
15.28	27.76873934965607
15.29	27.778669514765216
15.3	27.796460719953032
15.31	27.782453576094277
15.32	27.768744005717988
15.33	27.768705150990385
15.34	27.776244366412477
15.35	27.603906595331587
15.36	27.609840369883187
15.37	27.58529683539456
15.38	27.26528638223978
15.39	26.89706860825157
15.4	26.748091406963844
15.41	26.730828514013613
15.42	26.207829511289738
15.43	25.866388153096256
15.44	25.353456895515514
15.45	24.999487254243043
15.46	24.63761177604264
15.47	24.139756622036984
15.48	23.611177414191307
15.49	23.080829566764464
15.5	22.237380404207553
15.51	21.85833523834763
15.52	21.00966504430529
15.53	20.657448348940466
15.54	19.449885144135667
15.55	19.26674847483287
15.56	18.224355629739147
15.57	17.534582081906215
15.58	16.653131379270064
15.59	16.141028317878497
15.6	15.627765406182363
15.61	14.757610599392356
15.62	13.891808358894636
15.63	13.01773413012724
15.64	12.673262119107669
15.65	11.630231568978639
15.66	10.967670792727155
15.67	10.055699641900818
15.68	9.574873136740399
15.69	9.197385469381802
15.7	7.999414409352392
15.71	7.292625063677631
15.72	6.603481679043047
15.73	6.07788867311329
15.74	5.5553144490183985
15.75	5.2205206327580775
15.76	4.331571472344381
15.77	4.333545843851716
15.78	3.644784425184933
15.79	2.7687068855905794
15.8	2.787928691384678
15.81	2.4118841061116956
15.82	2.2643007641263226
15.83	1.7295925718098402
15.84	1.5674979422567594
15.85	1.378627861501308
15.86	1.0563013974199373
15.87	0.8674705260019512
15.88	0.5009649907822222
15.89	0.6856139187505395
15.9	0.5057522574301929
15.91	0.007831325436282973
15.92	0.011293353199605803
15.93	0.014041228359888048
15.94	0.008603572875615648
15.95	-0.018702557683618046
15.96	0.003948118739738399
15.97	0.514923802914226
15.98	0.00148606651928942
15.99	0.8933504246026643
16.0	1.040154617501726
16.01	1.043311587615985
16.02	1.2234074143770062
16.03	1.5462907506059949
16.04	2.2698393254122293
16.05	2.2519059296820294
16.06	2.7651687105733456
16.07	2.7794404280213247
16.08	3.6478928940531024
16.09	4.165790206993281
16.1	4.680075976399803
16.11	5.36978047283302
16.12	5.546769049525369
16.13	6.42130188720857
16.14	7.2906508720258225
16.15	7.990434100623926
16.16	8.697152312396792
16.17	9.537512830175041
16.18	10.234432354314896
16.19	10.766708361064751
16.2	11.628044443787136
16.21	12.660478713604109
16.22	13.350929167005857
16.23	13.891331419571596
16.24	14.936039464286164
16.25	15.445135700109367
16.26	16.32123910862006
16.27	17.367035079110657
16.28	17.709112311241444
16.29	18.562785799396433
16.3	19.280403724913647
16.31	19.798338446582665
16.32	20.48148952970279
16.33	21.191409853656793
16.34	21.722731792004254
16.35	22.216756391789122
16.36	22.59253125758683
16.37	23.076733875694273
16.38	23.77740332653792
16.39	23.967701697263486
16.4	24.474165915030014
16.41	25.010901917606944
16.42	25.513037664432474
16.43	25.531599777341558
16.44	26.044808020562826
16.45	26.222463066617507
16.46	26.728746527662246
16.47	26.724862363217746
16.48	27.248137441484726
16.49	27.4150915491188
16.5	27.4452249023473
16.51	27.61347360512957
16.52	27.609631189269784
16.53	27.594609450894886
16.54	27.78891875080143
16.55	27.780524905384848
16.56	27.7705911988893
16.57	28.310843779812608
16.58	28.453208738841184
16.59	28.12808617551651
16.6	28.10509653976135
16.61	28.306897607270876
16.62	27.77965977741627
16.63	27.799455366058577
16.64	27.78730628022724
16.65	27.782340032212087
16.66	27.43831318968919
16.67	27.252126061569033
16.68	27.253887041967033
16.69	26.73947019751404
16.7	26.573902648683443
16.71	26.229552568367293
16.72	25.874944151127508
16.73	25.68898225797899
16.74	24.982737708800098
16.75	24.9972479602495
16.76	24.467065976758814
16.77	23.791654570585138
16.78	23.458074515557776
16.79	23.10026298455107
16.8	22.197275371561023
16.81	21.89139050499102
16.82	21.344566228226356
16.83	20.99463583260087
16.84	20.308489539337447
16.85	19.449217513472426
16.86	18.923874355755757
16.87	18.386688499054397
16.88	17.71596888095207
16.89	17.2021984435423
16.9	16.335493202405672
16.91	15.811047452860953
16.92	14.918128224939887
16.93	14.739403993751846
16.94	13.886029557046674
16.95	13.356815474790995
16.96	12.685385076880404
16.97	11.978123226278441
16.98	11.123045356401887
16.99	11.106246189882249
17.0	10.596203690962168
17.01	9.893309447784418
17.02	9.374057338898902
17.03	8.856631989498174
17.04	8.33863414920766
17.05	7.819632499080063
17.06	7.812815738747638
17.07	7.099464347503452
17.08	6.941414369015892
17.09	6.432083281121952
17.1	5.559711916344122
17.11	5.54836855306915
17.12	5.201805427297053
17.13	5.206989299946775
17.14	4.857268487297726
17.15	5.039121855570321
17.16	4.3416086969291845
17.17	4.177973833412513
17.18	3.996046141135182
17.19	4.153977451879658
17.2	3.82105203865034
17.21	4.172539562745273
17.22	3.9793051858135127
17.23	3.815579581692567
17.24	3.8260577162111726
17.25	3.6369593810884733
17.26	3.629874334464181
17.27	3.6616910279340678
17.28	3.814030338495434
17.29	3.9846098633264875
17.3	3.9858175754244525
17.31	4.3239626240261115
17.32	4.33689656023798
17.33	4.356150507263583
17.34	4.882313638351192
17.35	5.024747422988474
17.36	5.396711610551928
17.37	5.52967998395647
17.38	6.082771929653166
17.39	6.41547821646403
17.4	6.769713882996527
17.41	7.10492912055517
17.42	7.83125348894577
17.43	7.9876280405254185
17.44	8.842968146175076
17.45	9.385185029024417
17.46	9.891593487356309
17.47	10.601047048098511
17.48	11.124469898039214
17.49	11.653653963285509
17.5	12.332821042483992
17.51	13.015031123531704
17.52	13.880995001050886
17.53	14.745695491484271
17.54	15.273470980836793
17.55	16.147707107498665
17.56	16.67180637630461
17.57	17.189958173530705
17.58	18.22749893710253
17.59	18.58031773671204
17.6	18.92989589393788
17.61	19.9643099582001
17.62	20.67397295715591
17.63	21.205357473575397
17.64	21.686921320337028
17.65	22.212586462520672
17.66	22.742356158844952
17.67	23.440200364663934
17.68	23.76564272123803
17.69	24.467088403632665
17.7	24.826394762014594
17.71	25.00662813915425
17.72	24.997363442605113
17.73	25.8891709833033
17.74	26.045585807344754
17.75	26.2137663551285
17.76	26.73054117687237
17.77	26.943056550745855
17.78	26.926960349757803
17.79	26.901342261038575
17.8	27.26778754851898
17.81	27.26710058988019
17.82	27.59358282487082
17.83	27.605051475395452
17.84	27.608228617230242
17.85	27.617847236879715
17.86	27.248874994367796
17.87	27.271961260055164
17.88	27.445951149160514
17.89	27.258464668707525
17.9	26.92167387070012
17.91	26.739499674591777
17.92	26.390353793801854
17.93	26.202033844856462
17.94	25.88844102534939
17.95	25.363920705967754
17.96	24.98597642821586
17.97	24.485935267522855
17.98	24.153456884742052
17.99	23.45468468223025
18.0	23.086264741687447
18.01	22.24150118763966
18.02	21.703413375486576
18.03	21.368375129194984
18.04	20.47461797424302
18.05	19.439211411193998
18.06	19.103925648442633
18.07	18.408389203644845
18.08	17.876191931775658
18.09	16.663697981336412
18.1	16.489697873588717
18.11	15.619502987660493
18.12	14.942994118851628
18.13	13.88605862861839
18.14	13.713237613880533
18.15	13.017059564486603
18.16	12.325583064929418
18.17	11.81902253996932
18.18	11.098114859958397
18.19	10.755552537149459
18.2	10.061613490589457
18.21	9.545592518831095
18.22	9.199906451282777
18.23	8.330727571972538
18.24	8.165082064008478
18.25	8.000111889460625
18.26	7.280960322298109
18.27	6.775943908951971
18.28	6.419702813464572
18.29	6.415085314710736
18.3	5.91113647261144
18.31	5.546288257230607
18.32	5.230568367317038
18.33	5.026779933434884
18.34	4.850152868391666
18.35	4.526596216476854
18.36	4.506903581349324
18.37	4.526221963260332
18.38	4.006841284264589
18.39	3.821607365154563
18.4	3.8278441688302407
18.41	3.7983232942844314
18.42	3.990913956754953
18.43	3.660162501328245
18.44	3.6441870114800126
18.45	3.995489913550167
18.46	3.647544316921206
18.47	3.6619297905075068
18.48	3.8275415150572374
18.49	3.9898945423042522
18.5	3.9899600480432973
18.51	3.991248116161314
18.52	4.341625254345848
18.53	4.353471857342466
18.54	5.0370368639704
18.55	5.207216862978455
18.56	5.552082328305822
18.57	5.892484686657448
18.58	6.604063881797552
18.59	7.119885289948019
18.6	7.806896175663829
18.61	7.979399360853082
18.62	8.681491269951357
18.63	9.1919631678442
18.64	10.065942000295014
18.65	10.753618673348603
18.66	11.13741857590409
18.67	12.158977852441717
18.68	13.366864561280915
18.69	13.534156105758848
18.7	13.893894372546118
18.71	15.085485817647156
18.72	16.115880021747603
18.73	16.67744330677488
18.74	17.524730922429445
18.75	18.234275323473035
18.76	18.91166153245796
18.77	19.432325035280282
18.78	20.313481911094463
18.79	21.02070660395135
18.8	21.71396063688431
18.81	22.224293530615906
18.82	22.736731223297294
18.83	23.448012195863324
18.84	23.94474210526861
18.85	24.470082047988843
18.86	25.000947668097336
18.87	25.000543635631683
18.88	25.360736655183246
18.89	25.871325938728702
18.9	26.37992534552309
18.91	26.551978777663656
18.92	26.572833401157432
18.93	27.08790669345461
18.94	27.238184145644055
18.95	27.2631730148087
18.96	27.59654601097646
18.97	27.609414421533717
18.98	27.60066318450765
18.99	27.5985967924628
19.0	27.608726945830607
19.01	27.620396908711793
19.02	27.583663156835044
19.03	27.574222597785802
19.04	27.59513016842665
19.05	27.60905522482122
19.06	27.27618757003485
19.07	27.25300531511401
19.08	27.255240152853766
19.09	26.919566829296375
19.1	26.5579378065848
19.11	26.56158967731977
19.12	26.03989712103446
19.13	25.87549924566325
19.14	25.538533538332672
19.15	25.00427183755512
19.16	24.64073539522108
19.17	24.136856799331085
19.18	23.43695945364432
19.19	23.271294337598377
19.2	22.919853349823054
19.21	22.05088943704247
19.22	21.692266068646745
19.23	21.026136517166876
19.24	20.664288940662182
19.25	19.44967411507596
19.26	18.92655144240041
19.27	18.400545253225893
19.28	17.707932044523936
19.29	16.65827793537757
19.3	16.32728790095598
19.31	15.45913190802646
19.32	14.767809806720702
19.33	13.881077392656913
19.34	13.356327635664675
19.35	12.685553307194061
19.36	12.152518586129009
19.37	11.109178065399098
19.38	10.758788504788603
19.39	9.91391449414808
19.4	9.200744980492018
19.41	8.345240815441201
19.42	7.8141524148901835
19.43	7.294595973224337
19.44	6.784495392207335
19.45	6.419852544864355
19.46	5.573708521455971
19.47	5.219252257769705
19.48	5.031075712313024
19.49	4.349265942914246
19.5	4.007466103433634
19.51	3.655552811931603
19.52	3.1214581651553166
19.53	2.769436509206594
19.54	2.435724301342092
19.55	2.070141937162645
19.56	2.0731434805521833
19.57	1.7341397469385533
19.58	1.5621648512269874
19.59	1.2235253387227236
19.6	1.2060158347701238
19.61	1.0363168179253406
19.62	0.8667015955533114
19.63	0.8609292949557606
19.64	0.5185722788719566
19.65	0.005624872686480764
19.66	0.5217554653216908
19.67	0.5342369117070479
19.68	0.3557519396978087
19.69	0.013903212674012597
19.7	-0.01297564611672912
19.71	0.0019391953675324373
19.72	0.8834536564365891
19.73	0.8829562183299444
19.74	0.705262335892395
19.75	0.6987257150236639
19.76	1.20262619951677
19.77	1.3688445061044165
19.78	1.57699885350972
19.79	1.5650797036533122
19.8	1.564864662176916
19.81	1.8971130018874565
19.82	2.428132966340184
19.83	2.588298960254917
19.84	2.77859073004121
19.85	3.2814547975100194
19.86	3.8170049491539038
19.87	4.516229829884086
19.88	4.701154036706346
19.89	5.0371362734840135
19.9	5.5637572447570545
19.91	6.091684576156967
19.92	7.121093871562417
19.93	7.457215789682951
19.94	8.00438561944745
19.95	8.324480813698608
19.96	9.204119129743443
19.97	9.902236686695858
19.98	10.605121561446397
19.99	10.940110110137834
20.0	11.123228548041858
