10.0	0.24268221534116685
10.01	0.24109481612782588
10.02	0.25265957220979296
10.03	0.24070356002694462
10.04	0.25471511940874897
10.05	0.2459642368513759
10.06	0.26283744386469526
10.07	0.24520519230680488
10.08	0.25021019730022226
10.09	0.24300038185630615
10.1	0.2459836053269062
10.11	0.25819887768719274
10.12	0.24824576528990924
10.13	0.22304768618441723
10.14	0.26025973619439075
10.15	0.24599892082343883
10.16	0.23421224908987515
10.17	0.24213447948936054
10.18	0.251069152138954
10.19	0.23611649292012193
10.2	0.23481448031614122
10.21	0.23410533255161176
10.22	0.24758084681448483
10.23	0.24343852638422753
10.24	0.22573763960615253
10.25	0.24263910597906654
10.26	0.25663395137950756
10.27	0.24487347721814862
10.28	0.2314691296879787
10.29	0.24297219357205924
10.3	0.2338070845242455
10.31	0.245793399278022
10.32	0.2471159544463068
10.33	0.22423017015512015
10.34	0.23623567421576572
10.35	0.24665829265325717
10.36	0.2306026041854048
10.37	0.22252259784035472
10.38	0.23313346407651528
10.39	0.23105223698263083
10.4	0.23343975396598807
10.41	0.2371815525237553
10.42	0.23789416887433518
10.43	0.22757347188441476
10.44	0.2227602723651806
10.45	0.24297274477179023
10.46	0.2453418382868966
10.47	0.23653787770941484
10.48	0.2179148606685056
10.49	0.22211134177092914
10.5	0.24435156791734522
10.51	0.23539119724874416
10.52	0.23183415559126813
10.53	0.23045218422874525
10.54	0.2333741648155907
10.55	0.21455109665167024
10.56	0.24231808684577869
10.57	0.24685283311444212
10.58	0.22016163091622834
10.59	0.23546506525793198
10.6	0.24947036381349028
10.61	0.2287343143416344
10.62	0.23155600467419638
10.63	0.2553171858914895
10.64	0.2202535803113079
10.65	0.2338927697978544
10.66	0.2358684889828471
10.67	0.22486842030930312
10.68	0.2343670523429398
10.69	0.22417577636848238
10.7	0.22363484148681245
10.71	0.2499676550442504
10.72	0.24499725813404274
10.73	0.22520336584460765
10.74	0.2508113216831711
10.75	0.2560628153958098
10.76	0.23869269875181634
10.77	0.24529768935061227
10.78	0.23101015301522446
10.79	0.22630999342880845
10.8	0.2271837540982827
10.81	0.24584278245568297
10.82	0.23959376615361702
10.83	0.24005354581398974
10.84	0.24034267390223818
10.85	0.24842842933210235
10.86	0.23001395545256723
10.87	0.23255341307383717
10.88	0.22157731555750038
10.89	0.24292379155713226
10.9	0.23979968473464316
10.91	0.23347204311778397
10.92	0.2321300962588725
10.93	0.23495973287058913
10.94	0.23735063659805788
10.95	0.2477003284979404
10.96	0.2427626217263497
10.97	0.221274536175132
10.98	0.23327984092247406
10.99	0.22567093843154057
11.0	0.25174963467615
11.01	0.23188285299640646
11.02	0.23001048459896206
11.03	0.23919172879742148
11.04	0.23783972638738435
11.05	0.23628469375550737
11.06	0.24095302003848657
11.07	0.25780337580778223
11.08	0.24926383712737643
11.09	0.2649814741660358
11.1	0.24200149843125768
11.11	0.21906713958692725
11.12	0.244996160291746
11.13	0.2433326553167538
11.14	0.24898312411796278
11.15	0.21211549374084943
11.16	0.23026357026765734
11.17	0.23290108584064342
11.18	0.21080432129641258
11.19	0.23862428451662326
11.2	0.2359681786032285
11.21	0.2175367565673068
11.22	0.24339948428079103
11.23	0.22522387000625918
11.24	0.2088061756078854
11.25	0.23907857415856137
11.26	0.23123874375943887
11.27	0.24624464635771548
11.28	0.24292220929028907
11.29	0.23493013242260297
11.3	0.2410094421258927
11.31	0.23791603157986932
11.32	0.2576808636421982
11.33	0.24123573507938958
11.34	0.2505267605030726
11.35	0.2239766078992047
11.36	0.24799131851960296
11.37	0.2550980726593837
11.38	0.24546472933044414
11.39	0.24085288096812832
11.4	0.2313310798252442
11.41	0.23363513373194786
11.42	0.2345647235914439
11.43	0.2251685340185505
11.44	0.2432484419029936
11.45	0.23846562191144563
11.46	0.24069810631689165
11.47	0.2263065658501539
11.48	0.23962140988999156
11.49	0.24692657821390876
11.5	0.22894147635015794
11.51	0.24388958498358776
11.52	0.23711865567209484
11.53	0.2419677939704921
11.54	0.24929699272660805
11.55	0.23244362908731495
11.56	0.2389728668031951
11.57	0.2779075782558571
11.58	0.2369693857698244
11.59	0.23402552640917523
11.6	0.2357157283704833
11.61	0.24416195782626435
11.62	0.24359193263832044
11.63	0.25634120624207746
11.64	0.24223404110855584
11.65	0.23021660593845825
11.66	0.23003893076573942
11.67	0.23853828948566125
11.68	0.23070557167119257
11.69	0.25296696567807386
11.7	0.22592605478395159
11.71	0.251354047801415
11.72	0.2375124921248339
11.73	0.24148217798704405
11.74	0.24236573281541063
11.75	0.24454848301220242
11.76	0.2463470046676038
11.77	0.24489044272864424
11.78	0.24392704210677368
11.79	0.23470930769913367
11.8	0.24315074379861903
11.81	0.23901608043213685
11.82	0.22052276039789434
11.83	0.26239541159112567
11.84	0.23788344741797654
11.85	0.24109834856270565
11.86	0.24653855844622866
11.87	0.2278319115336288
11.88	0.23590271539120772
11.89	0.23194038855614665
11.9	0.24900482203359844
11.91	0.235627160970605
11.92	0.2551794230717295
11.93	0.2515175543590843
11.94	0.23512209427142372
11.95	0.24057331715902178
11.96	0.24222155260207484
11.97	0.26491303209483
11.98	0.2513561779134848
11.99	0.2372791471195433
12.0	0.2565062541993526
12.01	0.24566865367789964
12.02	0.23364447144582348
12.03	0.23314425176522613
12.04	0.23171210281573212
12.05	0.2410245872102286
12.06	0.25770219307521613
12.07	0.2334517644631184
12.08	0.2579535291862991
12.09	0.24117406995919818
12.1	0.22633676663248642
12.11	0.22885832792038635
12.12	0.25821004955438415
12.13	0.23435479245304067
12.14	0.23038352282424415
12.15	0.2289245983751857
12.16	0.24265857000038546
12.17	0.23424361298800392
12.18	0.248597577919278
12.19	0.23944944002090104
12.2	0.2611920755822628
12.21	0.24520314158762715
12.22	0.2386567916362754
12.23	0.2561521716851837
12.24	0.2521561771654587
12.25	0.24099700013996464
12.26	0.24279351148763936
12.27	0.2475181966475847
12.28	0.22467376612882672
12.29	0.24383766950271205
12.3	0.2509804462869359
12.31	0.23243900292240097
12.32	0.24301089349563018
12.33	0.25088948040119446
12.34	0.23062745051853253
12.35	0.23012532087301876
12.36	0.24127839647888538
12.37	0.2670788693007956
12.38	0.24137645859206508
12.39	0.24151244866474106
12.4	0.23983832219713705
12.41	0.2684244203295095
12.42	0.24116868307719339
12.43	0.2390766800562464
12.44	0.25905691031763517
12.45	0.23787287890152312
12.46	0.23017697775654639
12.47	0.23346111213594914
12.48	0.23089891433298923
12.49	0.25273365857624713
12.5	0.2343975376597515
12.51	0.22222877696476265
12.52	0.23039457454583773
12.53	0.24047859589193266
12.54	0.2538402060835005
12.55	0.23224013879770378
12.56	0.2542849793335762
12.57	0.2396459920119956
12.58	0.2279562349059611
12.59	0.24371866420969895
12.6	0.23846364324122085
12.61	0.24234325238508447
12.62	0.24308595764373883
12.63	0.24092399991307875
12.64	0.24340108479868713
12.65	0.23244184482351266
12.66	0.23298794406824902
12.67	0.240308900884457
12.68	0.24470849051743457
12.69	0.25744278276249927
12.7	0.23905472555826995
12.71	0.2625267060773169
12.72	0.23453216424995316
12.73	0.257037439381601
12.74	0.24459223136260563
12.75	0.2636511013673357
12.76	0.2588151173461887
12.77	0.2457522370779153
12.78	0.24409887281981116
12.79	0.2379006468094393
12.8	0.2627935424603435
12.81	0.24157812273071638
12.82	0.23526606098358016
12.83	0.24083258322945356
12.84	0.2630233368468973
12.85	0.23542792394635603
12.86	0.23249466357047013
12.87	0.23581406972756755
12.88	0.24404724650062715
12.89	0.24608254864478613
12.9	0.24218161078036193
12.91	0.2562573106176555
12.92	0.23402995597735585
12.93	0.24850448772375994
12.94	0.245508282892701
12.95	0.24218553436307502
12.96	0.23378054191834588
12.97	0.23459933749503253
12.98	0.23273261944824786
12.99	0.24910712183643854
13.0	0.2413552203588692
13.01	0.2538314908906011
13.02	0.23577519975939884
13.03	0.24691131342348033
13.04	0.23503381619871347
13.05	0.24427534030923703
13.06	0.25130096477502534
13.07	0.23686816687160012
13.08	0.23471288518424988
13.09	0.240128380498173
13.1	0.2507465199277283
13.11	0.24560470251515182
13.12	0.23804408135819125
13.13	0.26136021525349595
13.14	0.23982699020489023
13.15	0.23331098708820106
13.16	0.2502444387931324
13.17	0.2551536305757403
13.18	0.24264910290076078
13.19	0.24707612426124334
13.2	0.24814698107110184
13.21	0.2285230749360284
13.22	0.24009510461629494
13.23	0.24910852713201934
13.24	0.23525378349248316
13.25	0.24196887298671269
13.26	0.2454831173658465
13.27	0.24800920747698155
13.28	0.22285461540042806
13.29	0.23899605207673294
13.3	0.24373461496755147
13.31	0.23308270413818738
13.32	0.2660222398334146
13.33	0.22436801424504063
13.34	0.25049845924171055
13.35	0.24687674369663898
13.36	0.24654056425403106
13.37	0.22760111152416537
13.38	0.2328028928940479
13.39	0.2365274031134642
13.4	0.2420588149854253
13.41	0.24007342071551754
13.42	0.25565379576463865
13.43	0.2406949015115127
13.44	0.2568589398082509
13.45	0.23119887151707189
13.46	0.24055482229946626
13.47	0.2524829078452896
13.48	0.2301667910850922
13.49	0.2589158493215495
13.5	0.248953116816706
13.51	0.24314429373774343
13.52	0.24060370857150884
13.53	0.2479402943601654
13.54	0.22819780648265503
13.55	0.22337360148034482
13.56	0.24488767008165216
13.57	0.23519219099495137
13.58	0.23477830494755123
13.59	0.24449124965967242
13.6	0.23590240461772585
13.61	0.24010602782433274
13.62	0.2336113094095662
13.63	0.23484068090483248
13.64	0.23268814162556126
13.65	0.2558973694297928
13.66	0.23956447259888525
13.67	0.2423182962828813
13.68	0.24166548095324653
13.69	0.24801430814700273
13.7	0.24528944572670902
13.71	0.24380326672424724
13.72	0.2275939350927425
13.73	0.24798399361589915
13.74	0.24966357151330232
13.75	0.24512359733487582
13.76	0.23752093166825805
13.77	0.2622322345767111
13.78	0.23718696221767188
13.79	0.2300017153178909
13.8	0.24141996189664444
13.81	0.22952996961136238
13.82	0.24864026790982108
13.83	0.2567203987189366
13.84	0.24026370154098467
13.85	0.23382064333130564
13.86	0.24968482863500577
13.87	0.23537887776005134
13.88	0.24491914842403914
13.89	0.2232082862897485
13.9	0.23219884452140543
13.91	0.24531833807174128
13.92	0.24137655690874238
13.93	0.26031635147360105
13.94	0.25542706552314914
13.95	0.2301881427274072
13.96	0.2223738242424364
13.97	0.2445466905400102
13.98	0.2455756726685053
13.99	0.2346159743821016
14.0	0.24659796945170773
14.01	0.22997964500839946
14.02	0.2482103947001446
14.03	0.22855051961076922
14.04	0.24409818155075155
14.05	0.22850341030296037
14.06	0.23987243051443682
14.07	0.26623369248045015
14.08	0.2312053810352685
14.09	0.25190106745347385
14.1	0.24869366696943362
14.11	0.250071086040197
14.12	0.22789917303308677
14.13	0.25915615932591685
14.14	0.23018475724719104
14.15	0.25507740599716805
14.16	0.24311988085271513
14.17	0.23440940616614359
14.18	0.24034412504375532
14.19	0.2477512078158054
14.2	0.23460385071914605
14.21	0.23091936856795423
14.22	0.2496195679391683
14.23	0.25811296192695077
14.24	0.22791748163207146
14.25	0.23582386545065442
14.26	0.22515477680606694
14.27	0.2248276080232675
14.28	0.2431603213603207
14.29	0.22439919183309884
14.3	0.24757208011104823
14.31	0.23751425843422175
14.32	0.2373843516034836
14.33	0.24976704760059137
14.34	0.2488841862001041
14.35	0.2359739125212106
14.36	0.2352216642656044
14.37	0.22899235601245663
14.38	0.24255896149741843
14.39	0.2180202255560419
14.4	0.24895170637308725
14.41	0.23644891544510493
14.42	0.24443068348820884
14.43	0.24519175852325525
14.44	0.2523314521902318
14.45	0.2369630170538629
14.46	0.23059970909793834
14.47	0.24288769824725506
14.48	0.23531079007123526
14.49	0.23418018949212288
14.5	0.24476977887656393
14.51	0.24252638392427928
14.52	0.24504402921857915
14.53	0.23578535421113306
14.54	0.237158774935415
14.55	0.2392758543088718
14.56	0.23565557439322468
14.57	0.2310288455377273
14.58	0.2428325914568584
14.59	0.22946098620863706
14.6	0.2187322147091404
14.61	0.24999769051108178
14.62	0.2413730086414357
14.63	0.23898656860545264
14.64	0.25029971330744727
14.65	0.24555156083064678
14.66	0.22545420594460008
14.67	0.2325415908469553
14.68	0.24475908571238192
14.69	0.2401339289920481
14.7	0.22032506535336446
14.71	0.24336594318457944
14.72	0.2481039974589583
14.73	0.2539483863066384
14.74	0.2428875633896646
14.75	0.24363711753913286
14.76	0.20979866302977268
14.77	0.24670399437440926
14.78	0.24016895469737057
14.79	0.2462799122299338
14.8	0.2370608693398662
14.81	0.23591114239553107
14.82	0.22960521689896463
14.83	0.2457024376812682
14.84	0.24148160200327262
14.85	0.23482269911446874
14.86	0.24369821559802368
14.87	0.22949765942417286
14.88	0.2399330537956081
14.89	0.2292832689420084
14.9	0.23837969546260052
14.91	0.2320518405122221
14.92	0.252773812189378
14.93	0.24836545847045666
14.94	0.25193213198527376
14.95	0.22929049228770507
14.96	0.23975288684750265
14.97	0.23961713484593988
14.98	0.2290482400894128
14.99	0.23115737059161698
15.0	0.2505051998896112
15.01	0.2449003942003461
15.02	0.2401992513817699
15.03	0.23204793641386656
15.04	0.2428848637048536
15.05	0.24291748824543571
15.06	0.22817284760074646
15.07	0.24475157080045148
15.08	0.2382668100000555
15.09	0.2388844947359992
15.1	0.24432539503593675
15.11	0.2170400223033372
15.12	0.2498538635786169
15.13	0.24032023184464651
15.14	0.24700659354504434
15.15	0.24231115040615228
15.16	0.2484032365087695
15.17	0.23182475805826536
15.18	0.23856580115265466
15.19	0.2452367122789661
15.2	0.24575955853353065
15.21	0.2370580192227297
15.22	0.22256569969669981
15.23	0.24173548985651436
15.24	0.22573703810954193
15.25	0.25082519019999405
15.26	0.24012592158440602
15.27	0.22160276245651572
15.28	0.250975349002242
15.29	0.22923523846953567
15.3	0.22704124443875992
15.31	0.2471811096034493
15.32	0.25404942555947124
15.33	0.2534535897279641
15.34	0.2383391099883794
15.35	0.23844940867357314
15.36	0.2283106229898754
15.37	0.2310642365976857
15.38	0.22452276589499892
15.39	0.24819880873341138
15.4	0.24440313035529215
15.41	0.23498278074576878
15.42	0.23778240204995005
15.43	0.24663653162903312
15.44	0.23808995192773022
15.45	0.24686887539218352
15.46	0.24254098810170943
15.47	0.23517248937647342
15.48	0.2362334592407557
15.49	0.23327120818541486
15.5	0.2460485695088204
15.51	0.23954087820028513
15.52	0.24102582027797134
15.53	0.24611617320495044
15.54	0.23927944093832657
15.55	0.23051277756901137
15.56	0.22871941436190757
15.57	0.24850197482212946
15.58	0.24524117858043978
15.59	0.2358953223991608
15.6	0.22652983394704107
15.61	0.2444955514979456
15.62	0.22738412726073
15.63	0.2333332178016731
15.64	0.24257164628671726
15.65	0.25345014891441947
15.66	0.2527208367525389
15.67	0.23321661911884972
15.68	0.23636487980585044
15.69	0.2417562103900299
15.7	0.22943214844319437
15.71	0.23162807784685344
15.72	0.24410435330204766
15.73	0.21649904476080262
15.74	0.21583021387844512
15.75	0.24805395157525387
15.76	0.2315593033249308
15.77	0.24515000459809144
15.78	0.24237214141450938
15.79	0.25730849075849244
15.8	0.2485884073127791
15.81	0.24232858873066007
15.82	0.24809660470872102
15.83	0.23494068063128767
15.84	0.23840111979421394
15.85	0.250050350825914
15.86	0.24574214758415133
15.87	0.23243196495743765
15.88	0.2408753538657963
15.89	0.245578311615664
15.9	0.2341295996105977
15.91	0.2537814674524228
15.92	0.21146796852771332
15.93	0.24144332636318308
15.94	0.23529451861186568
15.95	0.24235375531922904
15.96	0.229862227285878
15.97	0.23076673439245005
15.98	0.22810612568796526
15.99	0.24215455757238824
16.0	0.24542235015862596
16.01	0.2414372720922207
16.02	0.24194497161442272
16.03	0.23807233676862138
16.04	0.23244523834879965
16.05	0.25484629925651425
16.06	0.24105099026453009
16.07	0.22085160822337446
16.08	0.2438656738198736
16.09	0.24742841999739498
16.1	0.24373089048401408
16.11	0.23843245091318135
16.12	0.23602395792847294
16.13	0.24712097792677812
16.14	0.23977604643862735
16.15	0.236766065988157
16.16	0.2508382742012764
16.17	0.24681561940624583
16.18	0.23254668200134204
16.19	0.22795388990366836
16.2	0.23678806841047575
16.21	0.22827485852869644
16.22	0.22967082523153975
16.23	0.24412148604287198
16.24	0.2523062255997995
16.25	0.21104627030007286
16.26	0.2338836293819979
16.27	0.2538014338207153
16.28	0.23503232177171277
16.29	0.23479587754950976
16.3	0.24645150515060335
16.31	0.23878236191077795
16.32	0.228304248197752
16.33	0.2527817892867831
16.34	0.23408412460506087
16.35	0.23460170831335123
16.36	0.23612105124974644
16.37	0.2530344081345398
16.38	0.2373113719167946
16.39	0.2229192059622978
16.4	0.2415204294391438
16.41	0.23338292688525145
16.42	0.23994038778367396
16.43	0.23780616983152422
16.44	0.2507149465811188
16.45	0.24141182825826032
16.46	0.22476343437482027
16.47	0.2383981398999104
16.48	0.26282050723214284
16.49	0.23249124499918525
16.5	0.22926930743581014
16.51	0.23298193863420907
16.52	0.25301931083562545
16.53	0.24452434288166966
16.54	0.243605520700082
16.55	0.24644998558482004
16.56	0.22672406260510103
16.57	0.2564753936128782
16.58	0.24795595133578652
16.59	0.24281315880196203
16.6	0.2262314778610747
16.61	0.22654442778364905
16.62	0.24734848715730576
16.63	0.24658988902715967
16.64	0.23663483542361938
16.65	0.24081560907965444
16.66	0.23815256771551155
16.67	0.23197267498937488
16.68	0.22643192434693626
16.69	0.22781969167437682
16.7	0.22720645930457578
16.71	0.24884199196381038
16.72	0.23663857395263946
16.73	0.24336352421677382
16.74	0.24854614402883424
16.75	0.23114949616232502
16.76	0.24574710366427052
16.77	0.2296761488170529
16.78	0.23952853250543546
16.79	0.23190637442024545
16.8	0.23169750725666655
16.81	0.23696565715504223
16.82	0.24166333203737644
16.83	0.23491616104224786
16.84	0.25298548264085485
16.85	0.24447635842362
16.86	0.24213872239190407
16.87	0.24169672209559898
16.88	0.23122196753588103
16.89	0.22437844445143934
16.9	0.2409933939959777
16.91	0.239318085789131
16.92	0.24469803306900278
16.93	0.24837766980363465
16.94	0.22455053022856952
16.95	0.24153960033837024
16.96	0.25167242507120857
16.97	0.24884416103841855
16.98	0.2520870851027904
16.99	0.23083692495591282
17.0	0.23393054801139906
17.01	0.23159913563399356
17.02	0.23468645918659548
17.03	0.25846948231770306
17.04	0.24479871205257148
17.05	0.22784005127993426
17.06	0.2497525845211928
17.07	0.2246741253364541
17.08	0.2408959780014278
17.09	0.24364770141155498
17.1	0.24318242455811181
17.11	0.25399609718931493
17.12	0.20734917737011982
17.13	0.23251200595227203
17.14	0.2609904618269843
17.15	0.24040652321834208
17.16	0.23829860501006508
17.17	0.247960996631068
17.18	0.2610416383802775
17.19	0.24118607474247775
17.2	0.2377922062675071
17.21	0.240431381565548
17.22	0.23747522900333162
17.23	0.24845633772973863
17.24	0.23769480001900944
17.25	0.24948877656396387
17.26	0.2450446349997954
17.27	0.24760165394790337
17.28	0.2239428425255261
17.29	0.2734143717742585
17.3	0.23493169341613515
17.31	0.24787113895695514
17.32	0.22434825778839984
17.33	0.2244385079967131
17.34	0.24115558160094042
17.35	0.24225211394366614
17.36	0.23637446297067627
17.37	0.24478301149741197
17.38	0.2470598079045894
17.39	0.2255822728087988
17.4	0.2412888826628969
17.41	0.24470267856817082
17.42	0.21968363149497344
17.43	0.23130819957181975
17.44	0.24645958887394454
17.45	0.22559529337052275
17.46	0.2568860034003719
17.47	0.24731583544086247
17.48	0.24851541295804985
17.49	0.26178452578758116
17.5	0.2403512440376262
17.51	0.25132191456637576
17.52	0.263851848876259
17.53	0.22028845871337133
17.54	0.24504684173205407
17.55	0.24270724547359218
17.56	0.23086371794726748
17.57	0.25097281293207113
17.58	0.2609281702792552
17.59	0.24733620685905167
17.6	0.24024769510705551
17.61	0.23368495868041647
17.62	0.23903348913890585
17.63	0.247363201788727
17.64	0.27109032920131243
17.65	0.2517772059199567
17.66	0.25509238364034814
17.67	0.23346212783934775
17.68	0.23351762139575824
17.69	0.24761538993895404
17.7	0.24699546705592446
17.71	0.23535861993626062
17.72	0.2513386632350647
17.73	0.23626169473922504
17.74	0.25462761219339325
17.75	0.24927610884170462
17.76	0.23749210256901973
17.77	0.24329067197029688
17.78	0.24853558752395383
17.79	0.23912499430218895
17.8	0.23722349155495784
17.81	0.24313351239514483
17.82	0.2618914816699391
17.83	0.23514098058969637
17.84	0.23999273904014937
17.85	0.25370317650271706
17.86	0.245322128123533
17.87	0.2564262354646967
17.88	0.25298584520527495
17.89	0.25346369891478837
17.9	0.24716703724864628
17.91	0.25352021793222174
17.92	0.2383537972762673
17.93	0.2428044544300384
17.94	0.2369915048830045
17.95	0.24669682089989342
17.96	0.2440986755251124
17.97	0.24844653378406645
17.98	0.25137697772335876
17.99	0.2406997160653409
18.0	0.25875878451634793
18.01	0.24513641620892662
18.02	0.25158728328508395
18.03	0.24897975547817328
18.04	0.255306167982649
18.05	0.2426575793602937
18.06	0.2570677168016192
18.07	0.24622726598328898
18.08	0.24596138897339478
18.09	0.23915666676456432
18.1	0.24228962264273568
18.11	0.24773094254940123
18.12	0.2427415046204841
18.13	0.24356924466258045
18.14	0.23863783930564963
18.15	0.24361497373965663
18.16	0.24309242371243145
18.17	0.24022707050882952
18.18	0.267555455269819
18.19	0.24333079550004066
18.2	0.2499801354792548
18.21	0.24077670690984415
18.22	0.24646590544624392
18.23	0.2687490452181193
18.24	0.2506071696202526
18.25	0.2619324793911575
18.26	0.23253708554810965
18.27	0.2664871002284118
18.28	0.2402290024927315
18.29	0.2521217447964043
18.3	0.22177946593150102
18.31	0.25763366893790646
18.32	0.23630383643667657
18.33	0.2520231931258671
18.34	0.24856141779469157
18.35	0.24022674344053888
18.36	0.25775594757079306
18.37	0.251702423764077
18.38	0.2362442192129608
18.39	0.24685251592797097
18.4	0.2580158623523095
18.41	0.2568589356872956
18.42	0.2443029325552165
18.43	0.24161247732699329
18.44	0.23719316716117844
18.45	0.23846160176692643
18.46	0.2394293552776819
18.47	0.24957198309283807
18.48	0.2306963746730561
18.49	0.24380505655122664
18.5	0.25615446156875193
18.51	0.23212217756419876
18.52	0.22185890901417907
18.53	0.24655353519970719
18.54	0.2515459186019386
18.55	0.25354711166507077
18.56	0.23985217908506845
18.57	0.24308290996163492
18.58	0.24618655543966092
18.59	0.2412350377711939
18.6	0.24187653652096708
18.61	0.24444616904369323
18.62	0.2365456677615259
18.63	0.23680244025354955
18.64	0.23194068352094488
18.65	0.23468568691967107
18.66	0.23320648682544706
18.67	0.23503371141134538
18.68	0.2382606846313128
18.69	0.24650663680764626
18.7	0.2500613888534173
18.71	0.24329697600997227
18.72	0.2539172302907486
18.73	0.24648801444227572
18.74	0.24526838276840174
18.75	0.2504335787034386
18.76	0.24652660228931236
18.77	0.24033820956084737
18.78	0.25186403249001715
18.79	0.24394818595117654
18.8	0.23454372397066572
18.81	0.24248050995188872
18.82	0.24732513943472595
18.83	0.2397748313062965
18.84	0.24036386999957562
18.85	0.24352915585060847
18.86	0.2238306018173979
18.87	0.24807053010271501
18.88	0.232615599025009
18.89	0.2446204400889421
18.9	0.22896052572733844
18.91	0.23775896748416564
18.92	0.24103799412783647
18.93	0.24496482445379408
18.94	0.24322544389775413
18.95	0.24507483665773616
18.96	0.24595031934915093
18.97	0.2759994353800044
18.98	0.24101489083437988
18.99	0.22801498933568992
19.0	0.2453595781507731
19.01	0.22658263461107644
19.02	0.25428653127755035
19.03	0.22650970607978616
19.04	0.2468340487679833
19.05	0.24478371693891313
19.06	0.2363951319745435
19.07	0.24849845213877314
19.08	0.24996520847423168
19.09	0.2409868644772935
19.1	0.2624257172987904
19.11	0.25019128718952494
19.12	0.24658684757024224
19.13	0.23714303928794028
19.14	0.24588893305206272
19.15	0.2513388695461828
19.16	0.23421936060236653
19.17	0.23910161554470033
19.18	0.22565082996522126
19.19	0.24032837506090762
19.2	0.2568715672087408
19.21	0.2599735830533514
19.22	0.24211011137333732
19.23	0.24567656616356792
19.24	0.23067266471371978
19.25	0.2573200217968839
19.26	0.23222520231007143
19.27	0.23754209508203117
19.28	0.2521085936410406
19.29	0.24470807953787366
19.3	0.26092842212337714
19.31	0.23232889179778443
19.32	0.2592205899009178
19.33	0.2259734801313174
19.34	0.23409233222343795
19.35	0.2152089001931104
19.36	0.2416040683324104
19.37	0.2476656174954884
19.38	0.23836088890796522
19.39	0.23382504349076522
19.4	0.24477034294321567
19.41	0.23282715846839236
19.42	0.23412390902478722
19.43	0.24690922469658655
19.44	0.243816543538641
19.45	0.2428353418967794
19.46	0.25229740175589527
19.47	0.24723521261543888
19.48	0.24594889453632496
19.49	0.24178564720451765
19.5	0.24677848709909805
19.51	0.23385073928311834
19.52	0.2565709513970387
19.53	0.22936546387927192
19.54	0.2609868375875137
19.55	0.25525860615144735
19.56	0.23676361042604024
19.57	0.2500352187689902
19.58	0.24833196629282936
19.59	0.23727977526906488
19.6	0.24276460374869432
19.61	0.2462983948422597
19.62	0.24139052482550052
19.63	0.22542188661712811
19.64	0.2579163220864047
19.65	0.24175472938009843
19.66	0.23965382656811032
19.67	0.2487327384218923
19.68	0.23465131085448643
19.69	0.24308833355980752
19.7	0.2410652167603584
19.71	0.24840437118127576
19.72	0.23602552630421253
19.73	0.25528935008428866
19.74	0.24809292194470167
19.75	0.2484923498157488
19.76	0.24494652448059426
19.77	0.23109408195122094
19.78	0.23907737744959628
19.79	0.2426746076692064
19.8	0.24676515612714875
19.81	0.24356617825699844
19.82	0.25855420347185504
19.83	0.23940660928592286
19.84	0.24273254094698732
19.85	0.25232251098603
19.86	0.25471430501242126
19.87	0.25243391947007543
19.88	0.24659984134852567
19.89	0.23248967944899465
19.9	0.25130392651527583
19.91	0.2386352858247465
19.92	0.25794281716976813
19.93	0.24260524528132618
19.94	0.2460323732292847
19.95	0.2507207675368281
19.96	0.2427987863632149
19.97	0.2644417994055531
19.98	0.2365996959649499
19.99	0.2530231141809796
20.0	0.2546240357931034
20.01	0.2428894270813826
20.02	0.22584588487247484
20.03	0.2394760732905025
20.04	0.2272837310427403
20.05	0.23145229891930447
20.06	0.23947019208202816
20.07	0.23437721116404783
20.08	0.24023639039932448
20.09	0.2436467942101382
20.1	0.24297687518491246
20.11	0.24303047987722767
20.12	0.2395862206889103
20.13	0.25925319340400965
20.14	0.25129300767182083
20.15	0.2434482261755986
20.16	0.25163305181771417
20.17	0.2389557299855534
20.18	0.23046940495279744
20.19	0.23792805770608744
20.2	0.2519658561428048
20.21	0.24361571739806245
20.22	0.2491228297540243
20.23	0.23210976509172343
20.24	0.2520508788186374
20.25	0.24093861626777582
20.26	0.23541622872888165
20.27	0.24314650401165108
20.28	0.2250688505411133
20.29	0.24677100953734224
20.3	0.2468720544383842
20.31	0.229906790577047
20.32	0.25067967378290174
20.33	0.23061221717951458
20.34	0.239047389509095
20.35	0.25600876160737673
20.36	0.23968831260229292
20.37	0.23152135240163352
20.38	0.2491059007938949
20.39	0.226353044020899
20.4	0.2330932230260879
20.41	0.22665613469332116
20.42	0.24570077425649656
20.43	0.24258505226127525
20.44	0.2215981775245955
20.45	0.22186512982492407
20.46	0.2338801421823431
20.47	0.24360061638681724
20.48	0.23462542807076942
20.49	0.2309779451031026
20.5	0.23904300152272595
20.51	0.24804026870237003
20.52	0.24773461653667672
20.53	0.2247566144046891
20.54	0.22092097671276126
20.55	0.24096276580283318
20.56	0.22825979507847036
20.57	0.2528210374179593
20.58	0.23022039867125776
20.59	0.24563186396570902
20.6	0.2395830800616279
20.61	0.22388057213627696
20.62	0.2319141033588702
20.63	0.24316730659933564
20.64	0.23924506317078972
20.65	0.248450373498458
20.66	0.2568828008022337
20.67	0.22489860687645166
20.68	0.2352304661814871
20.69	0.21392731843396423
20.7	0.2245698430240483
20.71	0.22569462532405007
20.72	0.24239197426141626
20.73	0.235278005886261
20.74	0.24281507131749658
20.75	0.21355028472598447
20.76	0.2292028975266921
20.77	0.2252322716538387
20.78	0.25140122099880124
20.79	0.23528703789117517
20.8	0.23016085631810146
20.81	0.23857031429557224
20.82	0.2559481562676708
20.83	0.23405861197294192
20.84	0.2486703068070144
20.85	0.24196688062206057
20.86	0.255421129709741
20.87	0.24354779259090512
20.88	0.24342592785961523
20.89	0.2514287271567376
20.9	0.23596866656959556
20.91	0.24962884397627705
20.92	0.24713095153990045
20.93	0.23246112079828293
20.94	0.22836408888436244
20.95	0.268027759070528
20.96	0.2404730771444381
20.97	0.23290439258651338
20.98	0.2409952312993171
20.99	0.22172414041920355
21.0	0.24368089482235258
21.01	0.2334730929272416
21.02	0.24732041648418368
21.03	0.24305303513391513
21.04	0.2330790006956747
21.05	0.23672096969790274
21.06	0.2307930063128223
21.07	0.2275792876344835
21.08	0.2396925181160851
21.09	0.24627546782448193
21.1	0.24847061007700955
21.11	0.23526528623780296
21.12	0.23250558603387766
21.13	0.2290239450129014
21.14	0.23386387586832044
21.15	0.2439110100898556
21.16	0.23515538355171714
21.17	0.234701683973347
21.18	0.24815915933361435
21.19	0.24593583133266372
21.2	0.2507638062817555
21.21	0.2525750066842258
21.22	0.22456171195264918
21.23	0.24454406948265145
21.24	0.23889661232444773
21.25	0.22296178167769648
21.26	0.23729751226079424
21.27	0.23967419464004852
21.28	0.24240202965339125
21.29	0.2419847867835288
21.3	0.2434161335377249
21.31	0.23239449996108844
21.32	0.2439022769799302
21.33	0.2616268823157891
21.34	0.23506327747010222
21.35	0.23806646218873992
21.36	0.24622921053144076
21.37	0.24880087628319422
21.38	0.22508798175712483
21.39	0.2331030635471795
21.4	0.22531633409061275
21.41	0.24182491249102173
21.42	0.23772004129401952
21.43	0.2476196336453046
21.44	0.24384720604145174
21.45	0.23411631749527037
21.46	0.22009127581353854
21.47	0.24403532406581843
21.48	0.24425922802687097
21.49	0.2414811550283074
21.5	0.24363810532013003
21.51	0.23514512211077981
21.52	0.2258524633399043
21.53	0.2670229484934525
21.54	0.23074195213022106
21.55	0.23185232133519473
21.56	0.2540938685467405
21.57	0.23747458232505822
21.58	0.2435654728715088
21.59	0.2397060876754789
21.6	0.2384155945429871
21.61	0.25177973676725024
21.62	0.2493679507906272
21.63	0.23993758232530482
21.64	0.2385062334121402
21.65	0.23431069373071056
21.66	0.2395993931722374
21.67	0.23036736620400783
21.68	0.25163196132673893
21.69	0.25679663240960987
21.7	0.23975674556536006
21.71	0.2288476997300998
21.72	0.25020158166588935
21.73	0.23841359731437645
21.74	0.23526023188722633
21.75	0.23562951048876907
21.76	0.23275876982017074
21.77	0.2520146465053053
21.78	0.2341412144016467
21.79	0.24231054552565418
21.8	0.22261475743211903
21.81	0.22751626117287774
21.82	0.23926293705356136
21.83	0.23849183208713545
21.84	0.2407143724393205
21.85	0.24770007504651648
21.86	0.25454578636157266
21.87	0.2384107719504247
21.88	0.23046020143355042
21.89	0.23333891399630682
21.9	0.2371789360874826
21.91	0.2631711966817132
21.92	0.246791374446676
21.93	0.24054627232248854
21.94	0.24308950185407036
21.95	0.2311606235833784
21.96	0.24014205580366116
21.97	0.24830073265338995
21.98	0.2311059404402266
21.99	0.23177607206359302
22.0	0.23833874019089438
