10.0	0.21687067184630615
10.01	0.1881175331531624
10.02	0.2133027206238147
10.03	0.21519641650933968
10.04	0.2076760244968516
10.05	0.20906626143336826
10.06	0.20670735684093314
10.07	0.19539276173583048
10.08	0.21012236652141622
10.09	0.20890098375654262
10.1	0.1895050621719614
10.11	0.20650973007238085
10.12	0.19426090670395116
10.13	0.2120029353443739
10.14	0.20050509435678596
10.15	0.1922847335074746
10.16	0.19116483511642413
10.17	0.19726726824031215
10.18	0.1903804875001991
10.19	0.1987462102979922
10.2	0.21193699102020752
10.21	0.18775829906633432
10.22	0.2074015847882857
10.23	0.1880465998406478
10.24	0.18580343182951528
10.25	0.19771256078987154
10.26	0.1922990017728978
10.27	0.20196233523819265
10.28	0.20614088182620185
10.29	0.1975713724282373
10.3	0.20680583421007284
10.31	0.19826211803021238
10.32	0.19443540835870757
10.33	0.19936216153636693
10.34	0.19705349954367057
10.35	0.1839630996053756
10.36	0.1934199304522316
10.37	0.2019022434646867
10.38	0.19907601174560477
10.39	0.19549003970072654
10.4	0.20359896078253284
10.41	0.18940075899367478
10.42	0.20782223034469607
10.43	0.19148758765390403
10.44	0.21175261041714055
10.45	0.20577260747419457
10.46	0.21103132457644586
10.47	0.1947556571295
10.48	0.19933296260031894
10.49	0.19929118370323953
10.5	0.20404972522352438
10.51	0.21046201501581976
10.52	0.22490236021208276
10.53	0.19161829449990148
10.54	0.21196534556912056
10.55	0.2017261220991795
10.56	0.2219186689615595
10.57	0.20882256990114478
10.58	0.21490262827298987
10.59	0.23965881178122336
10.6	0.21168289378206326
10.61	0.21918660907833687
10.62	0.2350336624602101
10.63	0.21584470287276428
10.64	0.21518186858206048
10.65	0.21883462880340374
10.66	0.20460912474733248
10.67	0.2236438474127979
10.68	0.2251056940622073
10.69	0.21717102716973102
10.7	0.2064416883816298
10.71	0.21002218444344514
10.72	0.22054045244624967
10.73	0.2197879676166752
10.74	0.23555121632862083
10.75	0.20708019897351976
10.76	0.2151066343273158
10.77	0.23923387967294943
10.78	0.22470955613071933
10.79	0.19124278807805853
10.8	0.2048989684521103
10.81	0.21044045364177053
10.82	0.20047089404643673
10.83	0.218011153908997
10.84	0.2218917251342868
10.85	0.226898152046386
10.86	0.20547046903489316
10.87	0.22098295454977349
10.88	0.22003658659674707
10.89	0.19597729637445022
10.9	0.18771878507828715
10.91	0.21769715849134813
10.92	0.20935452896002896
10.93	0.19442957549698076
10.94	0.19897632686378647
10.95	0.17586309816858303
10.96	0.18572222317476259
10.97	0.2144826097299037
10.98	0.18900564048393237
10.99	0.19653525527478238
11.0	0.2064493771419833
11.01	0.19045932095437693
11.02	0.19829064602990418
11.03	0.20992312809722782
11.04	0.19493606187478488
11.05	0.18879950201716728
11.06	0.19629927431697283
11.07	0.2019572610526556
11.08	0.20609163011764442
11.09	0.19374465050467332
11.1	0.19258139521875897
11.11	0.19337292091552935
11.12	0.19246915694411307
11.13	0.18540878886667744
11.14	0.20277999371795138
11.15	0.1948316388084069
11.16	0.19152487296641935
11.17	0.20252558221998396
11.18	0.20183356958959806
11.19	0.2028027258620789
11.2	0.202157237017165
11.21	0.20821728679022844
11.22	0.20527705395710907
11.23	0.19254359211315103
11.24	0.19991637497243986
11.25	0.21612562079139636
11.26	0.19833732686570182
11.27	0.1944892437627752
11.28	0.21613132417825065
11.29	0.21171597293462516
11.3	0.21286289639439787
11.31	0.20127900998173592
11.32	0.20562471355399325
11.33	0.20140531998849848
11.34	0.1971492188833048
11.35	0.20055519938145874
11.36	0.2203510696366522
11.37	0.21463940173576956
11.38	0.1872867245987435
11.39	0.2195833528337483
11.4	0.21405962871513587
11.41	0.23203487860318875
11.42	0.1958032528172618
11.43	0.21194100555467935
11.44	0.22050655208839998
11.45	0.21887979342068345
11.46	0.2032501860624477
11.47	0.2128073854169124
11.48	0.23085272492883196
11.49	0.21850719672982089
11.5	0.21037974790144776
11.51	0.20286189329526338
11.52	0.20823697830933333
11.53	0.21752193415317347
11.54	0.22641856369069588
11.55	0.20507041572979628
11.56	0.1995253292247538
11.57	0.20611027150458044
11.58	0.23329939103269143
11.59	0.2032824113084909
11.6	0.21757198959800786
11.61	0.2071977411018569
11.62	0.2071184338064266
11.63	0.22467711601582113
11.64	0.21322268291736882
11.65	0.21868329281146887
11.66	0.2019480148550333
11.67	0.186589396369447
11.68	0.19276755435568088
11.69	0.19598283623840423
11.7	0.17924126586772163
11.71	0.19132581888123323
11.72	0.19356059496628392
11.73	0.200149180006228
11.74	0.20038408120495743
11.75	0.19990769541305303
11.76	0.19150548075019033
11.77	0.18580348944923597
11.78	0.1938014140270578
11.79	0.20326186354490536
11.8	0.19314180979517462
11.81	0.19761101163999165
11.82	0.1878125358842649
11.83	0.1831904992810878
11.84	0.17979579490279965
11.85	0.19325421453750544
11.86	0.1898024363435115
11.87	0.21151209975447222
11.88	0.19092273179114896
11.89	0.1967005390573241
11.9	0.19249442459509858
11.91	0.20878595103338493
11.92	0.19431988634918868
11.93	0.21190909341047284
11.94	0.2081839265850642
11.95	0.19465347750244846
11.96	0.2081848259037658
11.97	0.18203884811359672
11.98	0.20192264093135656
11.99	0.20572474624978876
12.0	0.20839820007956417
12.01	0.19302316414569148
12.02	0.19495662625779245
12.03	0.21579651967242205
12.04	0.19659598613117918
12.05	0.1911898069754704
12.06	0.2019133672863105
12.07	0.19850556920504386
12.08	0.19401915047699833
12.09	0.20531410697431773
12.1	0.19625521332174167
12.11	0.2138767023297045
12.12	0.21397683334038317
12.13	0.20169672894951565
12.14	0.2089056055420936
12.15	0.21251545192096927
12.16	0.22237769656275064
12.17	0.2115783402501842
12.18	0.2019232348020604
12.19	0.21589141472987544
12.2	0.22094760739379152
12.21	0.2114758926117638
12.22	0.2005861860343634
12.23	0.21308485299157454
12.24	0.20590950798700755
12.25	0.22048460159821914
12.26	0.2116582957505359
12.27	0.21748826835355842
12.28	0.20802873669974617
12.29	0.1906773432675511
12.3	0.20292971472092425
12.31	0.2194434629284276
12.32	0.20940331917101898
12.33	0.19921509689207648
12.34	0.2218281560429669
12.35	0.20243458515117807
12.36	0.20840743725568317
12.37	0.19843598016084843
12.38	0.21137855928329902
12.39	0.21876061289959836
12.4	0.21955041492703145
12.41	0.1931409919162422
12.42	0.2154592416482672
12.43	0.1884157406163721
12.44	0.19661205661064854
12.45	0.1986913471967221
12.46	0.19188737781064147
12.47	0.1683283889599948
12.48	0.17739690677796763
12.49	0.1952743410374384
12.5	0.21954293829123064
12.51	0.19978957124013128
12.52	0.18678373431241796
12.53	0.1942593538386928
12.54	0.20231725755359192
12.55	0.2079058058812971
12.56	0.19678792215719623
12.57	0.19707142713370931
12.58	0.20003952297155808
12.59	0.20895226929682464
12.6	0.17825075791456474
12.61	0.19054524196923212
12.62	0.1882637736356636
12.63	0.1745860380768933
12.64	0.21420123662135057
12.65	0.19377303475037536
12.66	0.18888999517717908
12.67	0.1905735667235993
12.68	0.21056450062183782
12.69	0.1965405097556987
12.7	0.18367447793275607
12.71	0.20635471133610303
12.72	0.1840904481434527
12.73	0.1809063948608796
12.74	0.19969836559015813
12.75	0.2004850977624039
12.76	0.19936385566773424
12.77	0.19498942297033414
12.78	0.21226948012384578
12.79	0.19870920157601543
12.8	0.206127311947138
12.81	0.2007280762738173
12.82	0.19991803564533148
12.83	0.18902275467304108
12.84	0.2127999484486474
12.85	0.21046832053037662
12.86	0.20890973695707005
12.87	0.2122379268727705
12.88	0.21300636299233988
12.89	0.18999289379496262
12.9	0.2059192676492526
12.91	0.20675582231166362
12.92	0.21140497428859198
12.93	0.20725950019618888
12.94	0.21388837054158372
12.95	0.2154760512866114
12.96	0.21474686750476152
12.97	0.22371109575283332
12.98	0.22127114024873562
12.99	0.22357348441195252
13.0	0.20967543296979335
13.01	0.21205484209214565
13.02	0.19587664437378405
13.03	0.21591439952826394
13.04	0.2210515554816743
13.05	0.21762324595704008
13.06	0.21196619847374862
13.07	0.21373986717668636
13.08	0.202202639796851
13.09	0.20357054554358878
13.1	0.21970554425748956
13.11	0.20462203833021791
13.12	0.20911206271002175
13.13	0.20441714045515258
13.14	0.21105303390019756
13.15	0.20993430438108568
13.16	0.20967093464535833
13.17	0.20967668351915547
13.18	0.20670345789445302
13.19	0.21763465603628943
13.2	0.2215445789413211
13.21	0.2053852628876125
13.22	0.21354003747775113
13.23	0.1920644206149794
13.24	0.19999207251262832
13.25	0.20181832519120918
13.26	0.2009364093060662
13.27	0.2070039047897573
13.28	0.20389826275346304
13.29	0.20227888571972602
13.3	0.2107208815836824
13.31	0.20534407407237795
13.32	0.18028276197522142
13.33	0.19333034902218135
13.34	0.20180247498547718
13.35	0.18682604324115432
13.36	0.19061099958855476
13.37	0.20456380825475223
13.38	0.1859600236169415
13.39	0.19592834498721864
13.4	0.1989225814458025
13.41	0.1840754872376269
13.42	0.20131988817483842
13.43	0.19198212786602306
13.44	0.20885737112283978
13.45	0.19213438839315475
13.46	0.1973595666740453
13.47	0.186142503779425
13.48	0.20571358831408842
13.49	0.20029901437729447
13.5	0.1991217472062657
13.51	0.18050603218671105
13.52	0.19040556503274098
13.53	0.19767724931009584
13.54	0.20678941806515946
13.55	0.1929868587735344
13.56	0.20174418233443975
13.57	0.20161302089811628
13.58	0.20209000548928618
13.59	0.1977614725530891
13.6	0.19329600306973965
13.61	0.19914611600338883
13.62	0.20685700331365028
13.63	0.19814794151292278
13.64	0.22183926340088733
13.65	0.2030867565649525
13.66	0.19727871596063132
13.67	0.20224389417003555
13.68	0.21290652430132206
13.69	0.2168125252253438
13.7	0.2016903593294338
13.71	0.20953666437333485
13.72	0.21526062161588894
13.73	0.20681406398841112
13.74	0.20154157854262053
13.75	0.22617374100828574
13.76	0.21608522467458377
13.77	0.211489905535499
13.78	0.19039141798212134
13.79	0.21996319474717466
13.8	0.22168104958894305
13.81	0.20357020418657992
13.82	0.20535768522906048
13.83	0.20597638687746989
13.84	0.21043036292179848
13.85	0.21027125414297215
13.86	0.2061664438448841
13.87	0.20561440478632076
13.88	0.21690136269101334
13.89	0.20352564770034973
13.9	0.21508648897661056
13.91	0.201529309032603
13.92	0.22227514871957582
13.93	0.20898155485862666
13.94	0.20441791663526104
13.95	0.20383503117034998
13.96	0.20109866878435784
13.97	0.21587574446170268
13.98	0.20775731686933804
13.99	0.22219989864319195
14.0	0.19384178391106288
14.01	0.20433799632560737
14.02	0.19523483720385837
14.03	0.20359488679945564
14.04	0.18804289717537614
14.05	0.186658080033048
14.06	0.18542845905987798
14.07	0.18352354479771
14.08	0.19928652926166263
14.09	0.19773939275878927
14.1	0.1754586060468812
14.11	0.1953443967126526
14.12	0.19380396352829993
14.13	0.19484631651090578
14.14	0.19396776418537698
14.15	0.1856842910667099
14.16	0.1987733228044918
14.17	0.21207075562471556
14.18	0.1952478499509776
14.19	0.2015810882534259
14.2	0.17634659669912509
14.21	0.2026721596092035
14.22	0.19080507741363933
14.23	0.17576743693357635
14.24	0.2241782828283552
14.25	0.19346861467402218
14.26	0.19245455332429937
14.27	0.20853059635115287
14.28	0.19440847486801022
14.29	0.1965499238674535
14.3	0.2193139443944755
14.31	0.2171348538556492
14.32	0.19199398934922485
14.33	0.2025226065649097
14.34	0.18848670080723676
14.35	0.2057548027479509
14.36	0.20257536603384604
14.37	0.21232441332740823
14.38	0.2117817012876848
14.39	0.22173191541518672
14.4	0.2031629852479672
14.41	0.21646281719177607
14.42	0.22347315786551142
14.43	0.2143299588216823
14.44	0.21459295062319947
14.45	0.22618235686522292
14.46	0.17889433759528048
14.47	0.2274326404095434
14.48	0.21604327904300116
14.49	0.21338448744993263
14.5	0.20461184113594888
14.51	0.20278207263153938
14.52	0.22053118755312515
14.53	0.19961392155124666
14.54	0.19220046045245773
14.55	0.21718239221857039
14.56	0.19925634688748836
14.57	0.20499461904882757
14.58	0.21891110238732478
14.59	0.21850324826809825
14.6	0.22138962348534247
14.61	0.19857643154161217
14.62	0.20019196701954617
14.63	0.19944803172302192
14.64	0.21077451347516377
14.65	0.2035180151945499
14.66	0.18126694091147488
14.67	0.19393988152977654
14.68	0.2033265599315892
14.69	0.21416037721012307
14.7	0.20558670133826304
14.71	0.20263494207031615
14.72	0.21624789484865958
14.73	0.20775780373936853
14.74	0.21040839657036264
14.75	0.1744037585315314
14.76	0.1942195975414906
14.77	0.19323118905814887
14.78	0.17709883899311735
14.79	0.18494747658360536
14.8	0.18442646843944127
14.81	0.18180404782701193
14.82	0.20621199546357333
14.83	0.20242603621801392
14.84	0.19498557457406052
14.85	0.19362066006049197
14.86	0.20329774550041563
14.87	0.19461895631064766
14.88	0.20350897319094688
14.89	0.19724249000837626
14.9	0.20975320734748876
14.91	0.18028228771824806
14.92	0.2021129284035844
14.93	0.20156482600197614
14.94	0.20652927349024328
14.95	0.20225127303944926
14.96	0.20515246461648906
14.97	0.2024681073876253
14.98	0.2016136229156136
14.99	0.2074546307145936
15.0	0.19819628770538442
15.01	0.18913375298666138
15.02	0.20164212559958322
15.03	0.19926539747132946
15.04	0.21162445690969928
15.05	0.22583949454132443
15.06	0.19783137153016475
15.07	0.21563613136196247
15.08	0.21772914370322416
15.09	0.21282358606367244
15.1	0.2248323525726153
15.11	0.22166470469344832
15.12	0.2159054499308071
15.13	0.1986191114570008
15.14	0.23317345756488073
15.15	0.22692514555065663
15.16	0.21294703610968713
15.17	0.20753703123534417
15.18	0.22837209795443794
15.19	0.20926622574593973
15.2	0.2134107828237926
15.21	0.21157531782618702
15.22	0.19989159293343906
15.23	0.20789772353779631
15.24	0.21787452603503568
15.25	0.22090187584314938
15.26	0.21702360790427086
15.27	0.21273450795877716
15.28	0.22929079141907227
15.29	0.2063611823348872
15.3	0.2124981786806674
15.31	0.2103805540691595
15.32	0.20377896731487133
15.33	0.1999164642494282
15.34	0.2029503847831684
15.35	0.2079773817725879
15.36	0.22201843171326766
15.37	0.21348706132472858
15.38	0.20382090122301372
15.39	0.21064435099527656
15.4	0.2267967521595198
15.41	0.2183813119139651
15.42	0.21065420613502084
15.43	0.2005600927390756
15.44	0.20599387137116845
15.45	0.18939129344798952
15.46	0.2030068419093859
15.47	0.1881046249616482
15.48	0.20359819440625304
15.49	0.2074825250109909
15.5	0.21565980345086605
15.51	0.2132689541655096
15.52	0.20188085188540233
15.53	0.19351353456091774
15.54	0.21856614206837788
15.55	0.21352657193007038
15.56	0.20212633239396474
15.57	0.18593516469312563
15.58	0.18032317182206528
15.59	0.19171000577590752
15.6	0.19671092778606417
15.61	0.20183879546218123
15.62	0.1916046105183364
15.63	0.20266074126887
15.64	0.19201848979474923
15.65	0.18478478852141444
15.66	0.18676350910626927
15.67	0.17547784435691216
15.68	0.18029976888622157
15.69	0.19613896270668457
15.7	0.19740349583965006
15.71	0.1851899349481729
15.72	0.20338131422907527
15.73	0.18767598031970587
15.74	0.19120194208528107
15.75	0.18314325791300562
15.76	0.19577181472366786
15.77	0.2196516619440942
15.78	0.19275034937700788
15.79	0.18877265127470322
15.8	0.1944328976361027
15.81	0.20085392904031335
15.82	0.1834991801561417
15.83	0.17751092842151883
15.84	0.1912194266428293
15.85	0.1862281195334321
15.86	0.22697323681985956
15.87	0.20068105722965135
15.88	0.22395637966959328
15.89	0.19864139935248976
15.9	0.19449589058666425
15.91	0.20086884865292923
15.92	0.20954211030931488
15.93	0.1996262031008386
15.94	0.19542645297945535
15.95	0.1938351843269309
15.96	0.2036282945119766
15.97	0.19814741259768445
15.98	0.21471980650421213
15.99	0.18968839249576283
16.0	0.20606837624684096
16.01	0.20437118122159234
16.02	0.22135910742644746
16.03	0.2192807238563294
16.04	0.19883234392790744
16.05	0.20920658701066241
16.06	0.2134912236340636
16.07	0.20991435538003958
16.08	0.20676275753757706
16.09	0.18787583511140035
16.1	0.19039401088393135
16.11	0.20280207247266827
16.12	0.18963487459960193
16.13	0.21882659582965105
16.14	0.20052844578046866
16.15	0.2043209455490231
16.16	0.2098754624575069
16.17	0.19515302814796326
16.18	0.2093129052243888
16.19	0.19981068750835915
16.2	0.21349035152746762
16.21	0.20112629501098803
16.22	0.19781667061985136
16.23	0.20085194299822756
16.24	0.20509488892753747
16.25	0.20208097205132544
16.26	0.20380205752307018
16.27	0.21542134685254874
16.28	0.20378267473445935
16.29	0.1847238062114912
16.3	0.1981230888326219
16.31	0.19856284960223328
16.32	0.19969921417291261
16.33	0.196234829655559
16.34	0.20926091459613244
16.35	0.21150053186875653
16.36	0.20866606036971463
16.37	0.20531978804357465
16.38	0.1948661874350358
16.39	0.20190733836293864
16.4	0.18332043680284463
16.41	0.21856188845687405
16.42	0.20200790471208105
16.43	0.19439370403647727
16.44	0.19604673583828597
16.45	0.16821931617072483
16.46	0.18812766056935834
16.47	0.18463796383236042
16.48	0.20045372315540522
16.49	0.2037874729785313
16.5	0.1909825751193966
16.51	0.1941395388954096
16.52	0.1927814017563012
16.53	0.177959681718691
16.54	0.1813631972700633
16.55	0.20032535736041238
16.56	0.21603044539283414
16.57	0.19352518522409853
16.58	0.20011564848355864
16.59	0.19772064051854324
16.6	0.21596427536517337
16.61	0.1869378032041699
16.62	0.21203802592205145
16.63	0.21910534714217517
16.64	0.20532328093901753
16.65	0.19677366007799632
16.66	0.19115815999473348
16.67	0.20576500888425148
16.68	0.21856933666987546
16.69	0.212581898845772
16.7	0.17728756197562404
16.71	0.20903264560105103
16.72	0.20778815579495472
16.73	0.22010307668643989
16.74	0.21350787038053082
16.75	0.2129689493173957
16.76	0.2309591624029595
16.77	0.2167311023604397
16.78	0.22173251498227217
16.79	0.20638208156594406
16.8	0.2131836654210361
16.81	0.2119691463791872
16.82	0.20712832293007497
16.83	0.22552283868821607
16.84	0.20540933027156844
16.85	0.20751539485770887
16.86	0.20919473117709347
16.87	0.2164127840773238
16.88	0.23004268212302614
16.89	0.1912820306722206
16.9	0.21452192697500289
16.91	0.2287554407599417
16.92	0.20924949801080114
16.93	0.220119025646858
16.94	0.20929320476841823
16.95	0.2029531912153125
16.96	0.20052372877754884
16.97	0.2273183463040363
16.98	0.2023350792020786
16.99	0.20072139883400764
17.0	0.21164622694522725
17.01	0.18261712225928792
17.02	0.20574147556920305
17.03	0.19239090745178783
17.04	0.19798516755768705
17.05	0.19234453864136417
17.06	0.18663647110376122
17.07	0.20205725598922708
17.08	0.20974625391571355
17.09	0.21824702832077394
17.1	0.1821338091760597
17.11	0.21397895998751412
17.12	0.19442148751071253
17.13	0.20185373415670746
17.14	0.18783517893560414
17.15	0.20544832344563246
17.16	0.19910946096707074
17.17	0.20075460926427163
17.18	0.19155493410550656
17.19	0.1805179663510602
17.2	0.21215447740009416
17.21	0.20200312917286156
17.22	0.19137316082947348
17.23	0.19792902419001546
17.24	0.19817744884493105
17.25	0.20224373166556756
17.26	0.1683913957921057
17.27	0.17699540543357847
17.28	0.20556691246339745
17.29	0.20561297411870913
17.3	0.206781071124436
17.31	0.2051346097914242
17.32	0.20728720886714327
17.33	0.20142822449323355
17.34	0.19896628073077924
17.35	0.21068110296521506
17.36	0.20480591180955632
17.37	0.1967308431822389
17.38	0.1933678411249907
17.39	0.19732399298997197
17.4	0.1929744609257597
17.41	0.20534764490315366
17.42	0.21381911774844248
17.43	0.21859816491575448
17.44	0.20158696436071388
17.45	0.21807196229133732
17.46	0.2065414672219425
17.47	0.22414086319053886
17.48	0.20492807763999624
17.49	0.208949466857775
17.5	0.21633187123034592
17.51	0.21438934091165238
17.52	0.2225043959398197
17.53	0.21782291937372233
17.54	0.20657061290743992
17.55	0.2252678754535597
17.56	0.22044643014882198
17.57	0.20419549473439735
17.58	0.20708115777330965
17.59	0.2200349177332458
17.6	0.22346219740620019
17.61	0.2143818781467873
17.62	0.2099995997265306
17.63	0.2336245218829153
17.64	0.21193086628264696
17.65	0.20738835717328932
17.66	0.2074292476271486
17.67	0.20432168452923272
17.68	0.20648641980026305
17.69	0.21357028109606718
17.7	0.20804190622057195
17.71	0.21988435661272016
17.72	0.20383995634686888
17.73	0.19544933110179297
17.74	0.20921211311680393
17.75	0.1966316648789394
17.76	0.20967159697740786
17.77	0.19076207513573312
17.78	0.20595709028518355
17.79	0.2182913959822191
17.8	0.20930976751278765
17.81	0.21346700704935198
17.82	0.19524526850710336
17.83	0.19018705411826964
17.84	0.20043459339022782
17.85	0.19840470481754166
17.86	0.18813082153631233
17.87	0.20796879958849948
17.88	0.18414615293929298
17.89	0.20031350053054964
17.9	0.18971155098802328
17.91	0.20742216849738132
17.92	0.17378030275109257
17.93	0.18850413853693423
17.94	0.2182699021995757
17.95	0.20273343498261406
17.96	0.2012477478523822
17.97	0.2062846429075636
17.98	0.18829653262761334
17.99	0.18723537251132893
18.0	0.1924830891566965
18.01	0.21291613892620154
18.02	0.19113580486206252
18.03	0.18835844814331149
18.04	0.20118197232738083
18.05	0.20453498860469638
18.06	0.20276636222644398
18.07	0.19028270343342982
18.08	0.2015477033109407
18.09	0.19164391288075933
18.1	0.1861331004136228
18.11	0.19471581958871562
18.12	0.20813229689825563
18.13	0.20124792556344973
18.14	0.20661736110730738
18.15	0.21464756028468737
18.16	0.20412330221550842
18.17	0.19742416271590424
18.18	0.20751253905692113
18.19	0.21859971624074861
18.2	0.21996360278771476
18.21	0.21094281572156062
18.22	0.20450051081576873
18.23	0.20075965584798683
18.24	0.22952822983530677
18.25	0.20702414717749332
18.26	0.22192732549224944
18.27	0.2244313349303655
18.28	0.21213636653607187
18.29	0.2122468035253369
18.3	0.2036686821712947
18.31	0.2018605043583796
18.32	0.2061295925449256
18.33	0.20979971202451078
18.34	0.21812260725873
18.35	0.21206025828878428
18.36	0.23304728791150173
18.37	0.21467740444668434
18.38	0.20282967488103204
18.39	0.21703023123722773
18.4	0.2058646288594218
18.41	0.20744572258221794
18.42	0.1813851807652323
18.43	0.21471398921225635
18.44	0.20126168200891342
18.45	0.20749591811602264
18.46	0.20873281894746226
18.47	0.22106347760324957
18.48	0.20334212178017008
18.49	0.20626460051846252
18.5	0.21397728804393445
18.51	0.20335313625693072
18.52	0.1935605932944115
18.53	0.21377752622010798
18.54	0.1924553164473916
18.55	0.2034831415829786
18.56	0.19605350301579064
18.57	0.1872091128102372
18.58	0.1917732434049107
18.59	0.19227308704980925
18.6	0.19668569639883396
18.61	0.18317613021086532
18.62	0.1910709892512133
18.63	0.19441005764371252
18.64	0.17891956498826053
18.65	0.1804481336341661
18.66	0.19026726341563124
18.67	0.2056189723591617
18.68	0.191503985676695
18.69	0.19453990772327798
18.7	0.20218643326618307
18.71	0.18091019022567073
18.72	0.1861562004051495
18.73	0.1974480350058341
18.74	0.18457407080723048
18.75	0.17431074540225933
18.76	0.19864539488974342
18.77	0.17495822765518712
18.78	0.18722376732244642
18.79	0.200847684573217
18.8	0.19827669404764856
18.81	0.2046996691091827
18.82	0.19903543536931645
18.83	0.2107109529043573
18.84	0.18598783110285425
18.85	0.19494075692485222
18.86	0.1964538768164632
18.87	0.1987180960540834
18.88	0.21981334189500584
18.89	0.2009511145831514
18.9	0.20738715071620684
18.91	0.20568645867330915
18.92	0.21005631732547678
18.93	0.22860963482677166
18.94	0.21894473285022595
18.95	0.21191319562181757
18.96	0.20820756543708352
18.97	0.21792842865869977
18.98	0.19127615717653057
18.99	0.19891035277996097
19.0	0.20812750765458082
19.01	0.21728353459238733
19.02	0.20426980812733375
19.03	0.20452921787257167
19.04	0.2069476986749712
19.05	0.21273130582514968
19.06	0.20160980745239332
19.07	0.2237992240235179
19.08	0.20723679450682408
19.09	0.20810455924548796
19.1	0.20611041509909508
19.11	0.21154144496071658
19.12	0.21571309456544924
19.13	0.20108765692596198
19.14	0.21254146664155318
19.15	0.22642843006592628
19.16	0.2293173637578114
19.17	0.22280221927385843
19.18	0.21996836663154604
19.19	0.2179178415828783
19.2	0.19054299920668055
19.21	0.2014048165802914
19.22	0.22370689240872713
19.23	0.20703240760025707
19.24	0.19000206935880581
19.25	0.181227596525278
19.26	0.1798152855828944
19.27	0.1953433375978357
19.28	0.183992243358896
19.29	0.19368409004088002
19.3	0.1900522475168384
19.31	0.20229534436164578
19.32	0.20725070570805273
19.33	0.1985829848790476
19.34	0.19220752676537395
19.35	0.2086080734710414
19.36	0.20915600978327928
19.37	0.20261257253960266
19.38	0.18632732495838614
19.39	0.18663297684035557
19.4	0.20249567418339592
19.41	0.19818123986112912
19.42	0.18684717720837354
19.43	0.20421751827327247
19.44	0.21112691470286987
19.45	0.19910711955360702
19.46	0.18928332899030786
19.47	0.19404846279961246
19.48	0.20779433186488147
19.49	0.18998943585620062
19.5	0.1804967213718601
19.51	0.2021702566673743
19.52	0.1950231413673237
19.53	0.200110874876294
19.54	0.19646797747780748
19.55	0.20892667813035423
19.56	0.20271151752381952
19.57	0.19691886578427067
19.58	0.20621055233429192
19.59	0.21480199668061672
19.6	0.1951863461284426
19.61	0.21310836333168598
19.62	0.19382514454756591
19.63	0.20120861318452518
19.64	0.2264129026077462
19.65	0.2208408931796576
19.66	0.19840805925070631
19.67	0.19357191358608805
19.68	0.2058361829868816
19.69	0.19947056648008005
19.7	0.2237740007272756
19.71	0.2055500629284486
19.72	0.19812575288156895
19.73	0.23293721105509904
19.74	0.21582997130918563
19.75	0.21075829603599755
19.76	0.22715974666496064
19.77	0.20967896410174186
19.78	0.2320015809123815
19.79	0.22380539269325617
19.8	0.1972405180119952
19.81	0.20619922697131843
19.82	0.21583431254457863
19.83	0.20388291833263386
19.84	0.20355100918216001
19.85	0.225328822407755
19.86	0.2125919233653477
19.87	0.2064383660431574
19.88	0.2186909775847458
19.89	0.2364722750517633
19.9	0.21975635598059287
19.91	0.22660953298463912
19.92	0.223993828552134
19.93	0.20989769100234207
19.94	0.21037244930414994
19.95	0.20177230082663003
19.96	0.2059911725594988
19.97	0.20682613093165228
19.98	0.19812342951642006
19.99	0.18586348074564302
20.0	0.20566981745369942
20.01	0.21921241228654612
20.02	0.1983776524280499
20.03	0.19303491633944575
20.04	0.18738271677966561
20.05	0.22500336958815043
20.06	0.20164624800112216
20.07	0.21070473972965156
20.08	0.21303672262882367
20.09	0.21941168304548017
20.1	0.20031512624575756
20.11	0.2142707239670686
20.12	0.19583846266184643
20.13	0.19897423564900735
20.14	0.2019286591740656
20.15	0.1740919136508483
20.16	0.19316738505047557
20.17	0.1728688591088834
20.18	0.20466421204915405
20.19	0.19974301538285044
20.2	0.17794295486643258
20.21	0.2064110693547599
20.22	0.20487593155687278
20.23	0.21311168947503137
20.24	0.195457735762466
20.25	0.18433021904196709
20.26	0.18473948602852286
20.27	0.19836071545997142
20.28	0.19523147784972164
20.29	0.19176007470132683
20.3	0.19526197544191004
20.31	0.19024920261429942
20.32	0.18685636356233035
20.33	0.2369648930265316
20.34	0.21101626692185996
20.35	0.1892847143069983
20.36	0.18262115687143965
20.37	0.19802046882973467
20.38	0.20435951823585613
20.39	0.22001653760275236
20.4	0.1941424571324314
20.41	0.20657565654237348
20.42	0.2146219589999802
20.43	0.1974397729394158
20.44	0.1899260980000118
20.45	0.21401959633388942
20.46	0.2187490903375871
20.47	0.2114198916883832
20.48	0.2080661603904514
20.49	0.20645148333328509
20.5	0.2219579496456409
20.51	0.21203720270403797
20.52	0.21083574910724046
20.53	0.2135888468598523
20.54	0.21364086027539514
20.55	0.2119875528574543
20.56	0.21823386971343822
20.57	0.20762467049730493
20.58	0.20595968462648237
20.59	0.20409722252071763
20.6	0.2021322023340168
20.61	0.2143692835938729
20.62	0.22194445427912546
20.63	0.2139751051427981
20.64	0.20688509780110503
20.65	0.2253727595629275
20.66	0.20920481554942003
20.67	0.19468356680094245
20.68	0.19971232196307115
20.69	0.2059385789346819
20.7	0.19831110323005713
20.71	0.19955789961667067
20.72	0.19714866400452233
20.73	0.20697274167576887
20.74	0.20850681081235922
20.75	0.20286924499723227
20.76	0.19796177114530678
20.77	0.1981953417629997
20.78	0.2148277269010155
20.79	0.20294439979107334
20.8	0.1848878255016417
20.81	0.1907224829125578
20.82	0.19663346007982802
20.83	0.19108066580979113
20.84	0.2007709507358826
20.85	0.1883591089320646
20.86	0.21698962769169194
20.87	0.2141003060200816
20.88	0.19093886690839484
20.89	0.21254203916812478
20.9	0.1984602869432606
20.91	0.18721772817544338
20.92	0.19363853266523987
20.93	0.21201770055427918
20.94	0.18731519933249546
20.95	0.19433308761758955
20.96	0.193231127676464
20.97	0.19391307513138462
20.98	0.19099924905555343
20.99	0.1835709862713426
21.0	0.20111855073240145
21.01	0.20954833108122775
21.02	0.19288809399498358
21.03	0.18407410792662307
21.04	0.2089837747867669
21.05	0.20969599381235735
21.06	0.19608291937152314
21.07	0.20198905569253456
21.08	0.2090118958905272
21.09	0.20220004171858408
21.1	0.19135421068734987
21.11	0.18013571279429036
21.12	0.20695620493052233
21.13	0.20560823146266777
21.14	0.18748251261154375
21.15	0.2014170909715156
21.16	0.2101926908469093
21.17	0.2044116763015083
21.18	0.20611851112405097
21.19	0.19900792631765887
21.2	0.2085033602025044
21.21	0.20422075090869
21.22	0.20041184223722314
21.23	0.20782163948581153
21.24	0.2081678640887417
21.25	0.20425830927497957
21.26	0.21201338410213372
21.27	0.2207554919450657
21.28	0.20388162023437162
21.29	0.21636586051247392
21.3	0.21586824942839847
21.31	0.20859642002450177
21.32	0.21342136886103552
21.33	0.22026192579532228
21.34	0.20969005593180992
21.35	0.2147201889681215
21.36	0.20385182426178028
21.37	0.21951628279497906
21.38	0.2160188956428847
21.39	0.20209874339839132
21.4	0.23060871783007175
21.41	0.2074206810976863
21.42	0.22123541548113543
21.43	0.20022491944566637
21.44	0.2155929544082375
21.45	0.23264310835997323
21.46	0.199339078685059
21.47	0.20575717235223837
21.48	0.20522642204671346
21.49	0.21190642203667262
21.5	0.21013713917418522
21.51	0.19893852081611482
21.52	0.21214308513408647
21.53	0.21626715744718022
21.54	0.21330648775823505
21.55	0.1821485221084962
21.56	0.18994168527028185
21.57	0.18228645280429495
21.58	0.2036452242510382
21.59	0.1930512801872642
21.6	0.20878392200543383
21.61	0.19784798835576278
21.62	0.20075626583220765
21.63	0.2114719218664024
21.64	0.22287978359278776
21.65	0.18966144315445613
21.66	0.1883208312872799
21.67	0.1925768948918051
21.68	0.21115561861868717
21.69	0.20385520829593853
21.7	0.20217614929022165
21.71	0.19337149191478684
21.72	0.1846954761712078
21.73	0.2131182612999714
21.74	0.1930539605603657
21.75	0.19108460430737342
21.76	0.18342767484618414
21.77	0.21129541525701007
21.78	0.18297332495798563
21.79	0.19146612463486118
21.8	0.20897385841034008
21.81	0.19911101011380689
21.82	0.19981991225814774
21.83	0.19503301277357674
21.84	0.17759943378053877
21.85	0.19737395079959894
21.86	0.1906217637290086
21.87	0.215562359859256
21.88	0.20917804179081056
21.89	0.1893043114807092
21.9	0.20080307987949256
21.91	0.19018328989678948
21.92	0.21220029024347467
21.93	0.21234726518701763
21.94	0.20744692772361845
21.95	0.20035414836420024
21.96	0.20010821287652641
21.97	0.21262568736815984
21.98	0.19612605139722572
21.99	0.19727399392741693
22.0	0.22512118695638847
