10.0	0.18854863826014698
10.01	0.2292840329398848
10.02	0.21360169630676
10.03	0.20398766748176467
10.04	0.20867750698836188
10.05	0.2012000290753147
10.06	0.23329053313842707
10.07	0.21590674398993198
10.08	0.21529774944310406
10.09	0.23017695755366893
10.1	0.2285590993206273
10.11	0.21400477394563913
10.12	0.22995996102861624
10.13	0.2428593823262797
10.14	0.23539683526654648
10.15	0.21880161871411277
10.16	0.24441234670873468
10.17	0.23921554635510156
10.18	0.23581551868382353
10.19	0.22932495676570322
10.2	0.2167553451788241
10.21	0.22273882023454597
10.22	0.23725504608561362
10.23	0.2278133997329939
10.24	0.2371043705891451
10.25	0.24130103226625654
10.26	0.24286069665045734
10.27	0.23615759917692936
10.28	0.24833829290568696
10.29	0.24585447083305528
10.3	0.23551747429825823
10.31	0.24541070764659645
10.32	0.2330789094241534
10.33	0.2545759120424906
10.34	0.24124679896196907
10.35	0.2525546819940061
10.36	0.2740013716128588
10.37	0.22384126577747404
10.38	0.2272193808176915
10.39	0.25383979879016666
10.4	0.2529171439872793
10.41	0.24324586846099439
10.42	0.24770185620000384
10.43	0.2533821239574442
10.44	0.23689476456739875
10.45	0.25303109915317024
10.46	0.24018568578610155
10.47	0.25691163754596275
10.48	0.23351076599050968
10.49	0.2280633550802618
10.5	0.24478329604014148
10.51	0.2573016431061188
10.52	0.23023449169419175
10.53	0.25213661355772443
10.54	0.24631605100139473
10.55	0.2285759772369455
10.56	0.23017694893330748
10.57	0.2418474305480274
10.58	0.24191469366280044
10.59	0.2442663491226178
10.6	0.23331294455736495
10.61	0.23353187446289142
10.62	0.255981098645625
10.63	0.23100359798301626
10.64	0.2367421354045277
10.65	0.24246171685016538
10.66	0.24644095169525557
10.67	0.24254620445453823
10.68	0.23913911832765922
10.69	0.22717174776592022
10.7	0.24203421421995325
10.71	0.21540514445461692
10.72	0.2186885618372251
10.73	0.22762901094054924
10.74	0.2156816503218563
10.75	0.23314194938452723
10.76	0.22493574985248804
10.77	0.22208564024467736
10.78	0.2219646141537158
10.79	0.23123410081201357
10.8	0.24026656084081524
10.81	0.2322119630267906
10.82	0.21642683828744078
10.83	0.20991839589904143
10.84	0.21573442052678674
10.85	0.21521236670260746
10.86	0.1987358687092248
10.87	0.2245218921150441
10.88	0.20823533017729717
10.89	0.21170375644015738
10.9	0.21444441599902012
10.91	0.232358186993883
10.92	0.19797173034173207
10.93	0.2401074655521917
10.94	0.21035469763884315
10.95	0.19009389039682767
10.96	0.20743258961000097
10.97	0.20357445553132186
10.98	0.20845810672493986
10.99	0.23166074347791898
11.0	0.20802218168461808
11.01	0.18954462825620544
11.02	0.21537376885898274
11.03	0.19972983686355297
11.04	0.2086218624726623
11.05	0.21967445292705273
11.06	0.20719569030884338
11.07	0.22192009559979387
11.08	0.19836018198210492
11.09	0.18815027752803085
11.1	0.2242187309196633
11.11	0.2045305143675559
11.12	0.2036958011912955
11.13	0.21224716315661138
11.14	0.20629472784195177
11.15	0.20294146141445452
11.16	0.1963251106591033
11.17	0.2067760478339181
11.18	0.21403982537024452
11.19	0.2152779944108053
11.2	0.2172545100748822
11.21	0.21508987383448516
11.22	0.20928183438757247
11.23	0.21498718864296343
11.24	0.2063066378071344
11.25	0.22044113942060853
11.26	0.2293068429204896
11.27	0.22632676645733815
11.28	0.23608190618845468
11.29	0.23008680679667123
11.3	0.2280014321158981
11.31	0.22836920804728145
11.32	0.22951156200925502
11.33	0.21843650198904496
11.34	0.22993303946107513
11.35	0.22048143204121023
11.36	0.2455448845858108
11.37	0.2277164786384252
11.38	0.22840670455620843
11.39	0.24227786267429008
11.4	0.22128354524669225
11.41	0.23453402317137792
11.42	0.23672676893082917
11.43	0.2595721530085845
11.44	0.22854715268719938
11.45	0.24402715838895922
11.46	0.23794988476807064
11.47	0.24506423194031943
11.48	0.24716215408023273
11.49	0.26030724291666757
11.5	0.238568229986467
11.51	0.24377932012544534
11.52	0.2586401037865461
11.53	0.2491278591823541
11.54	0.2467006363974698
11.55	0.24976037982912752
11.56	0.24206084383015242
11.57	0.2342534965246701
11.58	0.2510984040711216
11.59	0.25947701164152476
11.6	0.2564201909022872
11.61	0.24345377606270385
11.62	0.2599055338479105
11.63	0.25186604457431316
11.64	0.24696095653889916
11.65	0.2482528601027031
11.66	0.23484973434911863
11.67	0.25346697930180345
11.68	0.2540064767747371
11.69	0.23440979655560626
11.7	0.2470982501036182
11.71	0.2363547538522251
11.72	0.22687066654459156
11.73	0.23152274157495845
11.74	0.23301504091892503
11.75	0.23700685028581167
11.76	0.23647849491378237
11.77	0.23212807531113122
11.78	0.24071978569954847
11.79	0.22714032292577357
11.8	0.23717376146263858
11.81	0.24232400966214762
11.82	0.23826245835911242
11.83	0.22005612618864895
11.84	0.23860921452535974
11.85	0.22405276735203725
11.86	0.2290110041664252
11.87	0.21537269841634912
11.88	0.2239225869493295
11.89	0.2292320021367475
11.9	0.23736674820732837
11.91	0.20688538454076702
11.92	0.20819313051636093
11.93	0.2212626862872442
11.94	0.20492310220422721
11.95	0.21071847978983288
11.96	0.20597498744405707
11.97	0.2269760541354989
11.98	0.2125372059514778
11.99	0.2229155883918608
12.0	0.23231664522799816
12.01	0.20708399970172384
12.02	0.20614804094138645
12.03	0.2046300084112121
12.04	0.20393594674862334
12.05	0.21096550895037713
12.06	0.2077622980443294
12.07	0.2193701818535613
12.08	0.2128523783654801
12.09	0.22451801941258562
12.1	0.21002255202608586
12.11	0.21146677377497386
12.12	0.213072871374267
12.13	0.18584886189944896
12.14	0.19992736451602966
12.15	0.22240048471475785
12.16	0.200815049970101
12.17	0.20638928082968266
12.18	0.2073006214781678
12.19	0.2089823163131846
12.2	0.22702426879112242
12.21	0.2073828104398182
12.22	0.19839146199094843
12.23	0.22224204795026653
12.24	0.2171768062800542
12.25	0.22028833745640805
12.26	0.21808621037318957
12.27	0.19979410020044558
12.28	0.21167157452086324
12.29	0.21049264497110182
12.3	0.20587780066671
12.31	0.21631556999461524
12.32	0.21610975320871775
12.33	0.2193771946680961
12.34	0.23555091140901802
12.35	0.20337325787221477
12.36	0.21628324416054187
12.37	0.2320700469682565
12.38	0.22293790432119023
12.39	0.22412533427764925
12.4	0.23015424103156887
12.41	0.20415380017865617
12.42	0.23963023734799968
12.43	0.23467602708112914
12.44	0.24157286923416887
12.45	0.2179314735481243
12.46	0.23056508399201578
12.47	0.24879854281074432
12.48	0.24293182735839625
12.49	0.22566565270762926
12.5	0.23357773215667177
12.51	0.22523572120873175
12.52	0.23986967595326408
12.53	0.22823253460880258
12.54	0.23235680198795342
12.55	0.23076245495707282
12.56	0.24855164335533655
12.57	0.22799823309065442
12.58	0.2562387892917546
12.59	0.23745809811089236
12.6	0.23166510546582594
12.61	0.24669273226226296
12.62	0.22838670116835746
12.63	0.25171154001393714
12.64	0.23171876437855127
12.65	0.24446688375229608
12.66	0.24084663099727302
12.67	0.2425430243311143
12.68	0.25393877968230066
12.69	0.24327163607703206
12.7	0.2571960748962445
12.71	0.2624076499037762
12.72	0.24940648487387068
12.73	0.25417690649078317
12.74	0.2486589451112203
12.75	0.24154914038130174
12.76	0.2611006727524001
12.77	0.2490947402787439
12.78	0.27221277004127603
12.79	0.25923765639692375
12.8	0.22477399955270824
12.81	0.23420325740890313
12.82	0.25463495029625516
12.83	0.25346763354866686
12.84	0.23361955151583835
12.85	0.23612950807836708
12.86	0.2310857410180186
12.87	0.24692076608879607
12.88	0.25543008179491916
12.89	0.24637702429475378
12.9	0.25614340040092787
12.91	0.22209781256023003
12.92	0.22036457048522487
12.93	0.23460919942644526
12.94	0.23362644434661028
12.95	0.25463069557559465
12.96	0.23871371584715936
12.97	0.23844918775768384
12.98	0.2274707475534339
12.99	0.22604920550318
13.0	0.2206447285575918
13.01	0.23891168701814536
13.02	0.2327880007648984
13.03	0.21829075000009596
13.04	0.231193614309342
13.05	0.2273452692063063
13.06	0.23066872295256757
13.07	0.2242894620888872
13.08	0.23842748171775952
13.09	0.20132664550513032
13.1	0.21741927222567362
13.11	0.2286068584907307
13.12	0.23252330664335913
13.13	0.22100972560510704
13.14	0.21371697082623847
13.15	0.22141378373437967
13.16	0.21384681023718458
13.17	0.20206255970403478
13.18	0.21439996585923915
13.19	0.2003529607631733
13.2	0.21640785770599882
13.21	0.2255518993353214
13.22	0.19904060042597835
13.23	0.23306946009530158
13.24	0.20564960653123893
13.25	0.21780401090849497
13.26	0.20850469121474502
13.27	0.2024113613426584
13.28	0.19228178863248968
13.29	0.21927987209305974
13.3	0.20945412342586653
13.31	0.20763098082365308
13.32	0.21594057616618714
13.33	0.2036794873344159
13.34	0.20784069201021635
13.35	0.22085892914329
13.36	0.20289812732125548
13.37	0.22246185906481572
13.38	0.19152846093956216
13.39	0.20326277985695065
13.4	0.22406595732832296
13.41	0.21465184041835872
13.42	0.2034596147470039
13.43	0.2267111447705948
13.44	0.2065795195281481
13.45	0.22083170887700754
13.46	0.2089210122203956
13.47	0.22153857705481808
13.48	0.22114643769449416
13.49	0.20805349474897222
13.5	0.21386752563163497
13.51	0.22561797252816485
13.52	0.21580829655810296
13.53	0.21667160496512342
13.54	0.24043299373318266
13.55	0.22692263310755703
13.56	0.21720592964879107
13.57	0.2159660122166971
13.58	0.2073100005829023
13.59	0.22381569815248772
13.6	0.23332318687158143
13.61	0.22798998991874758
13.62	0.25364971224199917
13.63	0.22885057293873903
13.64	0.24760208521463353
13.65	0.21517374298488984
13.66	0.24349339236067014
13.67	0.23972378125705118
13.68	0.22216706125192362
13.69	0.23105901421320116
13.7	0.23414742674114114
13.71	0.2430241891126306
13.72	0.24704040551459572
13.73	0.22705640193234253
13.74	0.2258858946309977
13.75	0.259034691516854
13.76	0.2325639358541502
13.77	0.23194875236536464
13.78	0.22719044038798805
13.79	0.22917051629827792
13.8	0.2438057357089805
13.81	0.2600003160286858
13.82	0.2275051265773384
13.83	0.2348441558748878
13.84	0.2510986740697977
13.85	0.2276672103755966
13.86	0.2560190522064446
13.87	0.24659178206479898
13.88	0.24496633890141323
13.89	0.24047458553279663
13.9	0.23526470040378344
13.91	0.25045165514048084
13.92	0.2424031483955626
13.93	0.23316508336013847
13.94	0.23916610415952147
13.95	0.2422566981328218
13.96	0.2331946371948393
13.97	0.23481844312187503
13.98	0.24210698783927054
13.99	0.24691218922434988
14.0	0.2359456154894542
14.01	0.24181781316841397
14.02	0.22126421714919486
14.03	0.23335968420506126
14.04	0.24623573327986872
14.05	0.22437830541702047
14.06	0.22778030628799525
14.07	0.23251053698662716
14.08	0.2266461906494644
14.09	0.2383397731751349
14.1	0.23760271446931955
14.11	0.23036637090128062
14.12	0.2136965823744465
14.13	0.224925205922339
14.14	0.23516948470830726
14.15	0.22151556800685082
14.16	0.22441776019561582
14.17	0.21691139849103336
14.18	0.21130453049533438
14.19	0.2322323518267955
14.2	0.21797181665367307
14.21	0.20969300870673555
14.22	0.21212334208626968
14.23	0.2238787222027771
14.24	0.20608068574164384
14.25	0.20041567365292814
14.26	0.20165564282178633
14.27	0.20513769577386365
14.28	0.22087193910057845
14.29	0.19941463162321774
14.3	0.2133940852935478
14.31	0.2134579536972974
14.32	0.20854433779472292
14.33	0.20638628089315073
14.34	0.19540141431847505
14.35	0.22143184361088597
14.36	0.20391464691225678
14.37	0.21564245482814953
14.38	0.21583798172180216
14.39	0.20626711194884903
14.4	0.2175780856097727
14.41	0.20412239892176445
14.42	0.20599695612253202
14.43	0.2015712580150053
14.44	0.18726426980723873
14.45	0.2089902148009417
14.46	0.21217949564039473
14.47	0.20985544441760287
14.48	0.2230998238126407
14.49	0.21399284996027199
14.5	0.21295046763668798
14.51	0.20797264491206963
14.52	0.2162514494002965
14.53	0.2115716476738435
14.54	0.19667251349235768
14.55	0.20615628189672094
14.56	0.21706666242404501
14.57	0.19721622128609964
14.58	0.19902729152016077
14.59	0.20143172590243727
14.6	0.1964276799343771
14.61	0.21527835196829764
14.62	0.19765201630644932
14.63	0.21370535459214843
14.64	0.20519621337273222
14.65	0.190741585697317
14.66	0.2108465392752067
14.67	0.2161133246421348
14.68	0.2220794205150181
14.69	0.2272204215226064
14.7	0.22495495310029842
14.71	0.20291989212181832
14.72	0.22500077038512317
14.73	0.21046431437009178
14.74	0.19271545210185018
14.75	0.21719226754894516
14.76	0.19731866901247674
14.77	0.21867099457075861
14.78	0.21731956050735304
14.79	0.23883337724885736
14.8	0.23764689944504166
14.81	0.2131472648749573
14.82	0.23403688370227557
14.83	0.23334820820692048
14.84	0.21593980674924518
14.85	0.22316495343331408
14.86	0.2199655248660597
14.87	0.1939937439948471
14.88	0.21344135262438182
14.89	0.21966360447343722
14.9	0.22251359592325945
14.91	0.21892479847784224
14.92	0.23101815717920762
14.93	0.22727264071302813
14.94	0.24873513552020882
14.95	0.22081818740867576
14.96	0.2206462200262641
14.97	0.2301631874253652
14.98	0.2419334629978551
14.99	0.23694598694896732
15.0	0.2381927582988176
15.01	0.2486704150273202
15.02	0.239373702934119
15.03	0.24948390034491474
15.04	0.2426484434537984
15.05	0.2376026669407693
15.06	0.2177495434532256
15.07	0.2441232771771151
15.08	0.22928845791133792
15.09	0.2131413765502694
15.1	0.23722803617036675
15.11	0.23835465096784492
15.12	0.24351763954642403
15.13	0.23064564303672191
15.14	0.23607728805374822
15.15	0.24041595623879233
15.16	0.23612968237744114
15.17	0.24223591419881504
15.18	0.24370420806267587
15.19	0.24725822026452252
15.2	0.22977835940193264
15.21	0.24907332411435226
15.22	0.2300976017556209
15.23	0.2191722987921106
15.24	0.23732878382616482
15.25	0.26392004492833926
15.26	0.233839835004466
15.27	0.23244421934564777
15.28	0.24448135189715542
15.29	0.24141809826238736
15.3	0.23247765631463269
15.31	0.22716793051816914
15.32	0.22479622920814155
15.33	0.22502584429456854
15.34	0.24224353646720595
15.35	0.23140581341280464
15.36	0.2140061766529244
15.37	0.2312148809849019
15.38	0.24562927118887382
15.39	0.247888306691437
15.4	0.23715802957239213
15.41	0.23288207409517134
15.42	0.21869119524405944
15.43	0.22429720992727
15.44	0.23549597313608164
15.45	0.22563211237120825
15.46	0.2359002809056291
15.47	0.22666777029221244
15.48	0.24176316643808715
15.49	0.24632307349713284
15.5	0.22182738811461902
15.51	0.2273167752191424
15.52	0.2248401496725068
15.53	0.22504934368103463
15.54	0.23459272509270096
15.55	0.20725515272117326
15.56	0.21311109474353865
15.57	0.21016963324272456
15.58	0.21623594954056785
15.59	0.2052624207011662
15.6	0.2174303766987285
15.61	0.21812785519782152
15.62	0.21309110148355426
15.63	0.19757930315815703
15.64	0.21816574762128949
15.65	0.2037179688645428
15.66	0.20426778335466816
15.67	0.20882400927763634
15.68	0.2087182255306362
15.69	0.1944605636135928
15.7	0.2151800595028498
15.71	0.20632281315641232
15.72	0.2105292637512361
15.73	0.21072474111660888
15.74	0.21063716577090824
15.75	0.2162095824912956
15.76	0.19152897329384416
15.77	0.21339891212046158
15.78	0.20671523601379238
15.79	0.21767613529254862
15.8	0.1966963161435733
15.81	0.1975701973713465
15.82	0.2275585382418277
15.83	0.1870485457737446
15.84	0.19821498461900114
15.85	0.20017278743936975
15.86	0.20119637308269328
15.87	0.20111065250571197
15.88	0.20168689613770113
15.89	0.20353376594800682
15.9	0.1881029705900945
15.91	0.18977226722731477
15.92	0.21086655310167934
15.93	0.20226319824276276
15.94	0.22011292847271086
15.95	0.2102117507569835
15.96	0.20060596057861768
15.97	0.23327043246916376
15.98	0.20582644686082086
15.99	0.2082393246788859
16.0	0.21712040767566643
16.01	0.20180129612341888
16.02	0.20544536817308054
16.03	0.21353298686993163
16.04	0.23371107661457002
16.05	0.20533862427697042
16.06	0.22444954888895677
16.07	0.20945573508056176
16.08	0.20134571313387198
16.09	0.2325268060484617
16.1	0.2139064247309958
16.11	0.20495033811471036
16.12	0.22227929236752592
16.13	0.2371208565224836
16.14	0.21976366853187682
16.15	0.23963690083889697
16.16	0.21689991325335642
16.17	0.23773212160977808
16.18	0.19927251073773056
16.19	0.22445397228721994
16.2	0.24621220350122194
16.21	0.24138200990573808
16.22	0.22553176241250422
16.23	0.2247674147729851
16.24	0.23791329748144036
16.25	0.23299140472123128
16.26	0.25081282292869606
16.27	0.23859679629507397
16.28	0.23631522130158722
16.29	0.24608602416170786
16.3	0.22593556159709385
16.31	0.2370679411933623
16.32	0.2452903404154042
16.33	0.23429212988647147
16.34	0.2234084530640985
16.35	0.23744354397615378
16.36	0.22613930277137326
16.37	0.24682915931804744
16.38	0.22822214296160934
16.39	0.26403009219682433
16.4	0.24854561533129033
16.41	0.23113653296892347
16.42	0.23697894345633713
16.43	0.21797779102134554
16.44	0.23379586983863038
16.45	0.22652052379442994
16.46	0.24296029665074448
16.47	0.24153555761203427
16.48	0.22302794617628985
16.49	0.2299733868590803
16.5	0.21907771547172364
16.51	0.23469969358648352
16.52	0.21285470679379878
16.53	0.2166168226512305
16.54	0.244399778464396
16.55	0.2487079373282705
16.56	0.24598866019694626
16.57	0.23989822492204105
16.58	0.22318370327013906
16.59	0.2230736869611665
16.6	0.22065194244009378
16.61	0.20614111379310907
16.62	0.23340239410879338
16.63	0.2255324739259225
16.64	0.22709764498311505
16.65	0.21688953438564826
16.66	0.22794017564522567
16.67	0.2013432876048204
16.68	0.22166304892738542
16.69	0.22404143069397242
16.7	0.19787625168503262
16.71	0.21654916364113458
16.72	0.21740088241136557
16.73	0.22560896892382776
16.74	0.2169508322313958
16.75	0.20386901933207793
16.76	0.2099568123702073
16.77	0.2170658155107313
16.78	0.1986209313411246
16.79	0.2115756047426496
16.8	0.207490805181922
16.81	0.20563905511580705
16.82	0.1974821996974999
16.83	0.23214873524484939
16.84	0.20774141126760493
16.85	0.21424464278052785
16.86	0.18959318214031862
16.87	0.22833201364575278
16.88	0.21984601624035946
16.89	0.2019172898865149
16.9	0.2019098984548427
16.91	0.20045285834394874
16.92	0.20021846398039175
16.93	0.20463029720020798
16.94	0.21176841132893426
16.95	0.23644885365421708
16.96	0.2052352333462903
16.97	0.21736962256083886
16.98	0.21790574216382402
16.99	0.2255378252984973
17.0	0.20599600440214338
17.01	0.19896946690049508
17.02	0.20481622047402465
17.03	0.21535767529881022
17.04	0.18502871229295623
17.05	0.2199983890878423
17.06	0.22439717726668454
17.07	0.2191717811328384
17.08	0.21420743075365678
17.09	0.19397475364491984
17.1	0.21370202384569675
17.11	0.2130950374069328
17.12	0.20649212277190543
17.13	0.2140176274417542
17.14	0.21736437404181572
17.15	0.23455416944996182
17.16	0.22601869943593011
17.17	0.20280851032025568
17.18	0.21329256371128183
17.19	0.20805182858540774
17.2	0.23485602093656752
17.21	0.22268640887885804
17.22	0.23136661642019413
17.23	0.22937196907065138
17.24	0.23301655271486524
17.25	0.2446814590409942
17.26	0.21841418056461556
17.27	0.23786060859967964
17.28	0.23812355217891285
17.29	0.23177490785241217
17.3	0.2289620737338201
17.31	0.22184186635875713
17.32	0.23568455965033208
17.33	0.2446983888918072
17.34	0.22412077021524504
17.35	0.2299862688514984
17.36	0.22613990609900073
17.37	0.24742064070049166
17.38	0.23477539552528345
17.39	0.23735364873713868
17.4	0.22704044856149944
17.41	0.2405597224136593
17.42	0.24116398730698058
17.43	0.24712306992742322
17.44	0.22810891664666388
17.45	0.23743544752717352
17.46	0.23746869075340318
17.47	0.25746253260033025
17.48	0.2245280040326311
17.49	0.24790718429853045
17.5	0.22096688995764474
17.51	0.25037749196777
17.52	0.24074865894594635
17.53	0.23384941254951477
17.54	0.24536209407887333
17.55	0.2356046519074866
17.56	0.22446684251330928
17.57	0.24420169975920616
17.58	0.24577387577187743
17.59	0.22051361672100772
17.6	0.226212650863129
17.61	0.2420242890312254
17.62	0.24282401768318645
17.63	0.23132462093150646
17.64	0.22744822399222825
17.65	0.234903699454238
17.66	0.23608646267181765
17.67	0.2232625551530746
17.68	0.24708513177979785
17.69	0.23574142882180993
17.7	0.21970442927672723
17.71	0.2178739449642637
17.72	0.20883448658607137
17.73	0.2125396632892066
17.74	0.22838153915650644
17.75	0.22917883654266555
17.76	0.21635531365458868
17.77	0.22068043388229325
17.78	0.2051050076548058
17.79	0.21522202938057694
17.8	0.21841214294345956
17.81	0.20395741082577903
17.82	0.2018689563247534
17.83	0.22416580606453096
17.84	0.20007759958448418
17.85	0.22067367475580607
17.86	0.19374120072236628
17.87	0.21867825912603814
17.88	0.2052554257231972
17.89	0.2084876750213048
17.9	0.21055390714569416
17.91	0.2070136730295959
17.92	0.19474332475443307
17.93	0.2131012063792417
17.94	0.20384665020260292
17.95	0.20954505719323574
17.96	0.20163785094480752
17.97	0.21320259264004607
17.98	0.2001114590213571
17.99	0.22785358276698203
18.0	0.22544180326641297
18.01	0.20046831528100262
18.02	0.21891138363118792
18.03	0.19308570850694792
18.04	0.21141739202169663
18.05	0.2065940239270497
18.06	0.20642706042871173
18.07	0.21650766911848573
18.08	0.21282715618628514
18.09	0.18796390032703444
18.1	0.210928780608929
18.11	0.20526431709554627
18.12	0.20891514754101573
18.13	0.208844017165898
18.14	0.20795673985674923
18.15	0.21818233533590992
18.16	0.20423889189227315
18.17	0.22052165699252319
18.18	0.20180201366710276
18.19	0.22618471627129255
18.2	0.20954137241243628
18.21	0.2165627935422315
18.22	0.22163685652905515
18.23	0.24119090481912564
18.24	0.2132694321918256
18.25	0.23315712632404956
18.26	0.21097059894187842
18.27	0.21576737308368252
18.28	0.22420285081328042
18.29	0.2119950227959574
18.3	0.21620269918343546
18.31	0.2146190659361393
18.32	0.21235160554703592
18.33	0.21324410542540262
18.34	0.2284235789333587
18.35	0.22333563730742692
18.36	0.1936915614673302
18.37	0.23533251623017346
18.38	0.22664799096529703
18.39	0.23667560553354058
18.4	0.2222860982367811
18.41	0.22999707984839038
18.42	0.24708368617066914
18.43	0.22699692787081413
18.44	0.2306477832405465
18.45	0.23829392870037197
18.46	0.23173211750461808
18.47	0.22004367981437242
18.48	0.22551119157601715
18.49	0.2523775156210286
18.5	0.2179779337794988
18.51	0.23964715519693938
18.52	0.22907902016357248
18.53	0.23237554886879505
18.54	0.23412178783854365
18.55	0.2238939029124786
18.56	0.23716687724805308
18.57	0.23880361091861518
18.58	0.2332421859517563
18.59	0.2374771449207363
18.6	0.23711926997388352
18.61	0.23855004387030687
18.62	0.23458746671804512
18.63	0.23815020363832884
18.64	0.24561090227655316
18.65	0.24181837991422256
18.66	0.24179280129070646
18.67	0.23237167998512032
18.68	0.23799462778091932
18.69	0.23006100371541718
18.7	0.23681442071266895
18.71	0.21123335349834016
18.72	0.2185024099916041
18.73	0.22707483993270797
18.74	0.24359153855875357
18.75	0.23448066024320136
18.76	0.22782369747155057
18.77	0.226058274177061
18.78	0.22320487573873327
18.79	0.21298298296243104
18.8	0.22475800847126595
18.81	0.2345286479321097
18.82	0.22386148291422564
18.83	0.2164071757327336
18.84	0.20605225681747202
18.85	0.20768185685805102
18.86	0.2129505400127011
18.87	0.23211308903110833
18.88	0.22382157074927725
18.89	0.24240918195074268
18.9	0.22506640101963787
18.91	0.21164463207548953
18.92	0.23124664394221808
18.93	0.21318312795404587
18.94	0.2012698613594127
18.95	0.22685142862490285
18.96	0.21070644080687193
18.97	0.21153671427163892
18.98	0.21144265409693525
18.99	0.203743742082654
19.0	0.2091132401803073
19.01	0.21336529077458186
19.02	0.21871499342535594
19.03	0.20455090246821941
19.04	0.20844734131785933
19.05	0.24633010358923635
19.06	0.20518520403856505
19.07	0.20233936168912312
19.08	0.22158171887442962
19.09	0.20768347455101344
19.1	0.19314308886066156
19.11	0.20782826155844433
19.12	0.22874090403262398
19.13	0.20575879928107985
19.14	0.19546554792936846
19.15	0.18384510933958337
19.16	0.19478620030135832
19.17	0.19312473022301543
19.18	0.1984906453527595
19.19	0.20034317893221296
19.2	0.18457073265317825
19.21	0.2022560943628117
19.22	0.19424840998642992
19.23	0.2121826309780589
19.24	0.19644749261864744
19.25	0.20581751338021229
19.26	0.2067434154034436
19.27	0.21538556290034164
19.28	0.2173477554855814
19.29	0.2090909087550961
19.3	0.18863798790701072
19.31	0.21086328524654716
19.32	0.23064077259409427
19.33	0.19432078443904835
19.34	0.21611816221441807
19.35	0.21563347036810324
19.36	0.20368424392489148
19.37	0.2103933608345336
19.38	0.2216970151345498
19.39	0.2040927008863637
19.4	0.2203327778229258
19.41	0.20491222743733647
19.42	0.24608745504963617
19.43	0.22728222780013435
19.44	0.22709005088225417
19.45	0.21645943722575112
19.46	0.2190216045028873
19.47	0.22010905097624403
19.48	0.2271183516217617
19.49	0.19675219647440412
19.5	0.21870047042372376
19.51	0.22575981901521053
19.52	0.24933436972110531
19.53	0.2180233504545604
19.54	0.21155644223728032
19.55	0.2530870526287865
19.56	0.22957825369767887
19.57	0.24006177287690744
19.58	0.2443943228736003
19.59	0.21070785781898835
19.6	0.23676168948063336
19.61	0.224551380564905
19.62	0.22613723162899657
19.63	0.23114589509772612
19.64	0.22216507136482577
19.65	0.20863498618019555
19.66	0.24568828503956566
19.67	0.23487472416571475
19.68	0.2475694068011741
19.69	0.24914235321995828
19.7	0.24279103037442484
19.71	0.24936162679576004
19.72	0.2176862487810362
19.73	0.2330895211448055
19.74	0.25286139366889926
19.75	0.23075995758294005
19.76	0.2409846357842284
19.77	0.23661707424652326
19.78	0.23756131369714825
19.79	0.23165813540475588
19.8	0.2358316106473643
19.81	0.24476444916497223
19.82	0.23730064692075573
19.83	0.23858634348247898
19.84	0.23851768144447036
19.85	0.23744878497220645
19.86	0.234286599164021
19.87	0.24659448932313505
19.88	0.2555393657484227
19.89	0.22245789390138507
19.9	0.23466534865692895
19.91	0.24974207534998885
19.92	0.2282049594567709
19.93	0.22790286812595376
19.94	0.2045790918707237
19.95	0.22907627461109287
19.96	0.238785228181099
19.97	0.2342677285346494
19.98	0.21422976968412377
19.99	0.23301249798416457
20.0	0.23321145497258808
20.01	0.2374511103185056
20.02	0.22799423666543045
20.03	0.21043485056615807
20.04	0.21675768679930102
20.05	0.2234671777320145
20.06	0.2209474153255052
20.07	0.2051885311006127
20.08	0.2374979585370575
20.09	0.23562642579405518
20.1	0.22589525465380694
20.11	0.23224574344571
20.12	0.2106842200608629
20.13	0.2189755738493924
20.14	0.2347869202233805
20.15	0.22212839021539582
20.16	0.2374527433913696
20.17	0.21351842207767585
20.18	0.22782997254654402
20.19	0.2000982127988275
20.2	0.22034983107902356
20.21	0.2023140167036918
20.22	0.20983524319445424
20.23	0.19551290292691845
20.24	0.21160579673138685
20.25	0.20572260646327753
20.26	0.20157370776492628
20.27	0.21143884814484237
20.28	0.20029798598928567
20.29	0.21038224111686515
20.3	0.19746264043528458
20.31	0.20709726055756794
20.32	0.2027372179985177
20.33	0.19218582267708317
20.34	0.18036721084908716
20.35	0.20305718553831834
20.36	0.18531249943068506
20.37	0.1945502238857306
20.38	0.208507927216839
20.39	0.204511324105066
20.4	0.206115776775857
20.41	0.20766907335949247
20.42	0.19666829914969416
20.43	0.20544848354759146
20.44	0.19982440879990723
20.45	0.19893021113489218
20.46	0.20273508760476747
20.47	0.20940735955891546
20.48	0.20403935750913565
20.49	0.20424095692430355
20.5	0.19799059671621608
20.51	0.20434608768054435
20.52	0.21286536527243718
20.53	0.2172059701890608
20.54	0.20791023140749482
20.55	0.22051609474996173
20.56	0.2069947570559842
20.57	0.20699385775436363
20.58	0.21174553080120634
20.59	0.21461123409223204
20.6	0.22195979720327658
20.61	0.21858476631508508
20.62	0.22397241832899759
20.63	0.20876380279809834
20.64	0.20539713275896238
20.65	0.22974732185727334
20.66	0.21692640049816997
20.67	0.2211138245566168
20.68	0.21754437421741438
20.69	0.2428570590400155
20.7	0.22038658569367325
20.71	0.2278709443299125
20.72	0.21750630600007168
20.73	0.21495609708953956
20.74	0.22582059469838978
20.75	0.23139175330959677
20.76	0.21162913035256462
20.77	0.23954104456387498
20.78	0.23577230917954367
20.79	0.22855007363222163
20.8	0.22801461088604255
20.81	0.23452371725013915
20.82	0.23642850248542815
20.83	0.23304818453819134
20.84	0.2189440240874755
20.85	0.2553952042042384
20.86	0.22409786174994972
20.87	0.2312632191240479
20.88	0.2425916215043577
20.89	0.21557340323216467
20.9	0.2384080484285471
20.91	0.22747424025117274
20.92	0.25016955598810847
20.93	0.2215649936966866
20.94	0.2442131208531636
20.95	0.21960386134360854
20.96	0.22452785026812114
20.97	0.23102101306540213
20.98	0.23254020900233777
20.99	0.22679567797867467
21.0	0.23798788834223011
21.01	0.23256207051091693
21.02	0.24208726967605448
21.03	0.2258965609769465
21.04	0.23595042522256315
21.05	0.23336589831950477
21.06	0.21748838426709413
21.07	0.2369108728099732
21.08	0.22534639829683845
21.09	0.23842797359529627
21.1	0.23236796010525693
21.11	0.23445045624083466
21.12	0.22106203958913942
21.13	0.23484629384185662
21.14	0.23112392873501572
21.15	0.20415364754070364
21.16	0.22372797718942591
21.17	0.22295786884591018
21.18	0.2211166101365503
21.19	0.2215923996121522
21.2	0.2263062442914957
21.21	0.20473722661017554
21.22	0.21652267484177043
21.23	0.21376500630242992
21.24	0.234172481997668
21.25	0.21896241969631522
21.26	0.22101237694373368
21.27	0.23049419001296717
21.28	0.20386960554672576
21.29	0.204918259523031
21.3	0.20592142860280302
21.31	0.21032305317601466
21.32	0.20470126864431687
21.33	0.22716863814182897
21.34	0.1944576062220037
21.35	0.20942234893439235
21.36	0.18016135659416915
21.37	0.21323621279771116
21.38	0.21061945738256527
21.39	0.1950762792266973
21.4	0.20259351573646767
21.41	0.20887445560503268
21.42	0.20184920544782384
21.43	0.20379408867918886
21.44	0.20597490284009945
21.45	0.2156103282326055
21.46	0.21700322134895128
21.47	0.20420988592624587
21.48	0.22301169710864577
21.49	0.18144104172693515
21.5	0.21327490796287804
21.51	0.1990751547150963
21.52	0.20737895725790387
21.53	0.18933847552230623
21.54	0.21049084021713219
21.55	0.18957357698509844
21.56	0.18730668250203997
21.57	0.21982161488717858
21.58	0.20105525710106648
21.59	0.19980266438586292
21.6	0.19248122077060825
21.61	0.20105194102360865
21.62	0.20653819170444934
21.63	0.19542151233167443
21.64	0.214797366385325
21.65	0.20713649589070401
21.66	0.2180672033090997
21.67	0.21139620920787133
21.68	0.21635433839751098
21.69	0.2228774507770407
21.7	0.22692996073478558
21.71	0.22992805329948937
21.72	0.20370326851781073
21.73	0.22635346540267035
21.74	0.2040390235403137
21.75	0.20778967774552046
21.76	0.21932493984024273
21.77	0.22289227710461074
21.78	0.2200220102647516
21.79	0.2358764626033747
21.8	0.221534071881977
21.81	0.2133684332692655
21.82	0.2191366118351924
21.83	0.22840839292959397
21.84	0.23373837655840982
21.85	0.22253161648970476
21.86	0.22040008367912925
21.87	0.23194685794297737
21.88	0.23095648851124
21.89	0.23369062767534673
21.9	0.2304138576599818
21.91	0.2453295383570601
21.92	0.24654649750699761
21.93	0.2440285556548819
21.94	0.2423958597858274
21.95	0.23909218137237218
21.96	0.24529083820632763
21.97	0.24189338407359257
21.98	0.2459913308937745
21.99	0.25117305802161827
22.0	0.2352068643134981
