10.0	0.20311948919461548
10.01	0.2354561646584248
10.02	0.23360433916154383
10.03	0.21790043694957018
10.04	0.23710747656759984
10.05	0.20480782976692388
10.06	0.21570595377796892
10.07	0.21133853100300226
10.08	0.22178833051003283
10.09	0.23747079494571557
10.1	0.20212104120782343
10.11	0.21412276841496575
10.12	0.22215999932478359
10.13	0.20495649111160077
10.14	0.20008786436490747
10.15	0.21438175405248808
10.16	0.19841169809023493
10.17	0.18254733052462457
10.18	0.21989814409197353
10.19	0.20625998708530918
10.2	0.20601184395182065
10.21	0.2159710617342926
10.22	0.19299205345531872
10.23	0.2033037285252869
10.24	0.21782527993867357
10.25	0.2083656724494933
10.26	0.21229723820378588
10.27	0.19297973669547394
10.28	0.1974228605378699
10.29	0.19099584911490894
10.3	0.1889639103311773
10.31	0.18074571095681335
10.32	0.18819207462730553
10.33	0.19134608611958864
10.34	0.17581444507812416
10.35	0.16469650207048125
10.36	0.19761346475604452
10.37	0.19048182775211966
10.38	0.17959445131049295
10.39	0.19824934186628593
10.4	0.167985218550314
10.41	0.19018550896471428
10.42	0.18610346883524886
10.43	0.18630333737003654
10.44	0.1937051583371424
10.45	0.18356802490804236
10.46	0.19574209645056467
10.47	0.18762219069802027
10.48	0.17963280611891588
10.49	0.19010767574353132
10.5	0.18950168490433694
10.51	0.1743647163438882
10.52	0.17923516351244664
10.53	0.17638780188625325
10.54	0.16758446489243123
10.55	0.17294843616666458
10.56	0.18297434401634424
10.57	0.18160848015204512
10.58	0.20177335251350298
10.59	0.18576812402387308
10.6	0.18987569032992377
10.61	0.19261176859267798
10.62	0.18713479071236466
10.63	0.17020787123652384
10.64	0.1899311072441891
10.65	0.17929508001014477
10.66	0.18196222223596412
10.67	0.1971935302429514
10.68	0.20764240650166593
10.69	0.19064094188166422
10.7	0.18781697643009823
10.71	0.18732716427865373
10.72	0.1934977127598264
10.73	0.20674622482697214
10.74	0.1919518522882699
10.75	0.2081227407382867
10.76	0.20295121033164076
10.77	0.21082778880208658
10.78	0.20161336191161258
10.79	0.21363708498459666
10.8	0.19620004000999727
10.81	0.2116503446252093
10.82	0.19485238584730766
10.83	0.2020535150889066
10.84	0.20007159195844257
10.85	0.20754613402558028
10.86	0.22515340337228426
10.87	0.213335317177409
10.88	0.2177005914261989
10.89	0.21633406109635414
10.9	0.2122757456086141
10.91	0.22260680090716042
10.92	0.22856006168819495
10.93	0.23570440973849566
10.94	0.20449470678469706
10.95	0.2262763753714167
10.96	0.22441724902790156
10.97	0.21038797180121432
10.98	0.20464055424465277
10.99	0.22752300223639993
11.0	0.23687261521161235
11.01	0.22951482035141613
11.02	0.2130228362958205
11.03	0.22513011824247475
11.04	0.22661584165531676
11.05	0.2314152133441575
11.06	0.22939888336658978
11.07	0.23558888279050366
11.08	0.22723439129860282
11.09	0.24994940685804373
11.1	0.23338173613610905
11.11	0.22235790761597737
11.12	0.23560390034931622
11.13	0.2217803452541615
11.14	0.23871986233702464
11.15	0.22571933728959226
11.16	0.20536169834438867
11.17	0.23461743151036643
11.18	0.23031146008109504
11.19	0.23039830084289098
11.2	0.22354974961905766
11.21	0.21831614804813737
11.22	0.230874542924013
11.23	0.2132343772601123
11.24	0.2391985401058132
11.25	0.23166672517073936
11.26	0.22548902789858158
11.27	0.22895540204237044
11.28	0.2175494052794259
11.29	0.21581072900202042
11.3	0.22657410352978555
11.31	0.2115902192344429
11.32	0.20040492013350772
11.33	0.20979660090143168
11.34	0.1945970650417196
11.35	0.21311043157589785
11.36	0.22218363881172726
11.37	0.219062092153755
11.38	0.23041185218509502
11.39	0.19099093326304653
11.4	0.2165704893807569
11.41	0.20864940607498383
11.42	0.21844502483631545
11.43	0.19039074670156225
11.44	0.21160962886382445
11.45	0.1822340029305883
11.46	0.1905851359845588
11.47	0.1930824432528443
11.48	0.20018655308675426
11.49	0.21939253384264437
11.5	0.18141512182329486
11.51	0.19507776477016842
11.52	0.18988514486312008
11.53	0.2013319060113903
11.54	0.20211101371502088
11.55	0.1836936166196807
11.56	0.18130619331346173
11.57	0.17132075594734308
11.58	0.16818518489629009
11.59	0.20539988507258167
11.6	0.18769126651567586
11.61	0.19805196170616393
11.62	0.16469098272365917
11.63	0.18023046518951122
11.64	0.18936498445307778
11.65	0.1768032654031795
11.66	0.18626618299912792
11.67	0.20003417924926667
11.68	0.1729837165837618
11.69	0.18394266775114068
11.7	0.17531619962366873
11.71	0.17479971575899567
11.72	0.2048829825222363
11.73	0.18351527731665052
11.74	0.1680696820160948
11.75	0.17174230201178653
11.76	0.166895895235696
11.77	0.1786989162068657
11.78	0.1539706428794716
11.79	0.19338738369736788
11.8	0.16034153368040602
11.81	0.16353386675171688
11.82	0.18721714218415603
11.83	0.17787749728001429
11.84	0.1872410086773066
11.85	0.1750518474760888
11.86	0.16373694527058544
11.87	0.17691649327757825
11.88	0.16462280481694577
11.89	0.18856413720111218
11.9	0.1783477790403751
11.91	0.18259596131478062
11.92	0.18451120534692247
11.93	0.17762149454548667
11.94	0.1919808538408809
11.95	0.17890795364432865
11.96	0.1811651410047217
11.97	0.18672610029815268
11.98	0.19148881370376175
11.99	0.19425492674649536
12.0	0.19761805215449899
12.01	0.18808923422943188
12.02	0.17319381839663295
12.03	0.19342011351225244
12.04	0.19794086784215165
12.05	0.18248683718664127
12.06	0.18036306413956155
12.07	0.18568002331287797
12.08	0.20992750364403265
12.09	0.19217571227216584
12.1	0.21218120733238505
12.11	0.1967456386384859
12.12	0.19258327194430835
12.13	0.20636192669453812
12.14	0.19888356447882985
12.15	0.2039640810319662
12.16	0.20421983985457892
12.17	0.20872951489859298
12.18	0.21186471751121747
12.19	0.21673554070049886
12.2	0.1966813574882175
12.21	0.21848752373474303
12.22	0.21182922938754611
12.23	0.20124710385482278
12.24	0.20945499297883807
12.25	0.21043024454699344
12.26	0.2073558382929315
12.27	0.22134393050901235
12.28	0.22676754191988202
12.29	0.20176025328076116
12.3	0.20744311410001348
12.31	0.23065727361815463
12.32	0.20331004839946265
12.33	0.23570317600548532
12.34	0.21481494486715616
12.35	0.21345505734088052
12.36	0.21806807476140294
12.37	0.22626379280922176
12.38	0.24334669166599476
12.39	0.23488544720783489
12.4	0.24744236251251436
12.41	0.2326508665366427
12.42	0.2228575291738312
12.43	0.21473729482174983
12.44	0.22874225627819608
12.45	0.21819696563928062
12.46	0.23374294518230654
12.47	0.23106712783343492
12.48	0.24007719963551433
12.49	0.2319549513024494
12.5	0.21865127446043592
12.51	0.23810523532054162
12.52	0.2320937971411773
12.53	0.23495674635712835
12.54	0.236605401131756
12.55	0.21369008244337556
12.56	0.23427776380002402
12.57	0.2282011809793907
12.58	0.24382008344950473
12.59	0.2200799581053994
12.6	0.22491010112723375
12.61	0.20451962626912304
12.62	0.23629290381590506
12.63	0.22886166626947171
12.64	0.21899833418090103
12.65	0.22125907689140728
12.66	0.2404032854749117
12.67	0.22043660539754892
12.68	0.23048041660005808
12.69	0.22664451572060562
12.7	0.22394096032406438
12.71	0.22115085749357294
12.72	0.20859297664726864
12.73	0.22307807928186593
12.74	0.23125010766097082
12.75	0.23265396666830016
12.76	0.20630126155313475
12.77	0.2090188747142702
12.78	0.2032359573316027
12.79	0.23874675014015365
12.8	0.2078896995445677
12.81	0.21266918192798223
12.82	0.21249710563240912
12.83	0.19884672725939023
12.84	0.21723102160982447
12.85	0.18691349156370923
12.86	0.20657050444313005
12.87	0.19793447366173061
12.88	0.2102300519713881
12.89	0.2362416478133513
12.9	0.21628798549346076
12.91	0.21529729239490009
12.92	0.231852944633725
12.93	0.21087063534378286
12.94	0.20393296495336874
12.95	0.17856237322882335
12.96	0.20799989542858655
12.97	0.20731839805107635
12.98	0.20214462124900068
12.99	0.1970711233079683
13.0	0.19506827914839947
13.01	0.19784053286571607
13.02	0.19908103622404416
13.03	0.17642225161157293
13.04	0.18504549110556154
13.05	0.180448708990437
13.06	0.18138038760715716
13.07	0.20366328669858746
13.08	0.20063493148814826
13.09	0.20407132082260365
13.1	0.20758666381468568
13.11	0.19010309148581725
13.12	0.18746336695155824
13.13	0.18192757603275111
13.14	0.18716218036149557
13.15	0.18727272885281876
13.16	0.20966012930937736
13.17	0.18353348020003366
13.18	0.1844886326659131
13.19	0.19117393828662194
13.2	0.19682718987276038
13.21	0.19388565262028137
13.22	0.1752689355071643
13.23	0.16571037898644847
13.24	0.17342981140586464
13.25	0.1718141053534753
13.26	0.1807850929740647
13.27	0.19278527636274087
13.28	0.18017633020720555
13.29	0.17798335234181414
13.3	0.19141224548689073
13.31	0.17554296989953394
13.32	0.16559956812151844
13.33	0.1783531819330245
13.34	0.1698367870421907
13.35	0.19527940280812514
13.36	0.16115409514106932
13.37	0.19500799714225364
13.38	0.17866825484931786
13.39	0.19641197529991297
13.4	0.17734530451534852
13.41	0.16685094329788613
13.42	0.1806393966597456
13.43	0.18493097520548862
13.44	0.1778595050953719
13.45	0.18177620297872912
13.46	0.1842503271873898
13.47	0.1910630628913229
13.48	0.18378280125698765
13.49	0.20201288379676796
13.5	0.19720889550635273
13.51	0.19362768549268247
13.52	0.18412088544560395
13.53	0.16859237215341194
13.54	0.18452254514726427
13.55	0.1729218234639432
13.56	0.20804721856309716
13.57	0.20359598128568446
13.58	0.2007731127471324
13.59	0.19769020472174814
13.6	0.21100985875995104
13.61	0.20124713510046432
13.62	0.19619367266932689
13.63	0.19930816775208043
13.64	0.2122751413933893
13.65	0.19865381739166493
13.66	0.1996298921026265
13.67	0.19270849320049246
13.68	0.21589539022338816
13.69	0.21414410692846955
13.7	0.22423402176747653
13.71	0.21934413344129913
13.72	0.22278699310682712
13.73	0.2177535602873169
13.74	0.20807163061164352
13.75	0.22697699952102707
13.76	0.22748156903854344
13.77	0.21581262772046722
13.78	0.2193636425166185
13.79	0.21672844521901377
13.8	0.21727908608973207
13.81	0.2308439790987291
13.82	0.22446233226178722
13.83	0.2059929458263998
13.84	0.22404002261318667
13.85	0.20023002450317173
13.86	0.22384412795944048
13.87	0.24195912835358568
13.88	0.24771751273463935
13.89	0.24789627480873588
13.9	0.22510992652375622
13.91	0.20971287975943675
13.92	0.22495119676110467
13.93	0.2194715159034794
13.94	0.21974610551699442
13.95	0.22308209663939696
13.96	0.21501312639072945
13.97	0.22228418330018854
13.98	0.2030914470709765
13.99	0.2265261734195141
14.0	0.21677899020028163
14.01	0.21507642013256928
14.02	0.20576083023152877
14.03	0.22240527362742055
14.04	0.22508985666564724
14.05	0.1957537982156114
14.06	0.21708937551814989
14.07	0.22719582547492279
14.08	0.2062234800494723
14.09	0.22971626462899555
14.1	0.22358192698784732
14.11	0.20891664864016907
14.12	0.2273655676430066
14.13	0.2184548800680573
14.14	0.22047758757234373
14.15	0.20597196384935793
14.16	0.22653622986901598
14.17	0.20728333879194344
14.18	0.23455166949684464
14.19	0.19118656124753655
14.2	0.21487061890450432
14.21	0.22676386629244222
14.22	0.2388620455931841
14.23	0.20656195453511444
14.24	0.21523912612706397
14.25	0.2328063997062705
14.26	0.2257877288077048
14.27	0.20880771957220765
14.28	0.20204382010321215
14.29	0.2074695679545851
14.3	0.18664707998566207
14.31	0.19957914642802527
14.32	0.21493417292305986
14.33	0.1991750520134979
14.34	0.18814293389877404
14.35	0.19964009146660885
14.36	0.18322781566888088
14.37	0.1951188439624758
14.38	0.20612998268480415
14.39	0.18899674844057007
14.4	0.17955112584491165
14.41	0.18811827681448517
14.42	0.20116381105446934
14.43	0.1946432375340811
14.44	0.1840264051929926
14.45	0.1926776412853961
14.46	0.19544104705553256
14.47	0.19819450897566193
14.48	0.18363999182711035
14.49	0.17631815302886356
14.5	0.1814979831576123
14.51	0.15492288075455724
14.52	0.19342780536445808
14.53	0.19119321358543934
14.54	0.17984643943036066
14.55	0.16533859302699416
14.56	0.1849627823174217
14.57	0.1751425270951216
14.58	0.17183902512899069
14.59	0.17924653698540333
14.6	0.18083715956690505
14.61	0.18247560796647058
14.62	0.18635044140045973
14.63	0.18251772808311606
14.64	0.1797384715264617
14.65	0.1806955560546832
14.66	0.186406415296005
14.67	0.17863881671617307
14.68	0.16621146473160753
14.69	0.1755165368315499
14.7	0.1769337970948716
14.71	0.19029755111412394
14.72	0.17148280679385963
14.73	0.15770982518715299
14.74	0.18119410932997898
14.75	0.18752239672806692
14.76	0.15683016112396542
14.77	0.17651247690399904
14.78	0.18893219646092202
14.79	0.19232775627516963
14.8	0.1718331524561601
14.81	0.18639693640951807
14.82	0.18031878983816593
14.83	0.17521815885475878
14.84	0.19322169997348765
14.85	0.17323431981498577
14.86	0.17689766140387717
14.87	0.20309422617902786
14.88	0.20644652544593894
14.89	0.18881454043060597
14.9	0.20168128121593695
14.91	0.173522995125749
14.92	0.2053246905758397
14.93	0.1983092445840944
14.94	0.20195719665616993
14.95	0.1894359920081369
14.96	0.20332778349651748
14.97	0.20507420429159054
14.98	0.19886671978455037
14.99	0.20619354369084
15.0	0.18076366758126355
15.01	0.20647422929154652
15.02	0.21432897256733252
15.03	0.19104874083795292
15.04	0.2332433591239464
15.05	0.20953905320268804
15.06	0.2054294676912243
15.07	0.21266595262665258
15.08	0.21577221874360208
15.09	0.21118285574680357
15.1	0.23137216051515125
15.11	0.2136548556281917
15.12	0.20832302806864095
15.13	0.22236777587186107
15.14	0.20813823028061848
15.15	0.22217930940571604
15.16	0.2255495986246969
15.17	0.22389555965380234
15.18	0.23090798387862768
15.19	0.21197163546354744
15.2	0.21548091197951624
15.21	0.2190958377016815
15.22	0.23288600180112803
15.23	0.22196095470563448
15.24	0.22799925101995208
15.25	0.23411038720385452
15.26	0.23458415849811273
15.27	0.23214230903036448
15.28	0.21006547458597347
15.29	0.21393734151924884
15.3	0.21981518126803093
15.31	0.23715957175079547
15.32	0.24436773864413808
15.33	0.22785922565008782
15.34	0.2227641602824526
15.35	0.22020208768290464
15.36	0.24144114393080773
15.37	0.22816934701798428
15.38	0.2229830308298806
15.39	0.21334067781070012
15.4	0.2288570503077469
15.41	0.22636133096300023
15.42	0.2101113586060366
15.43	0.21564009175608478
15.44	0.23654542886761923
15.45	0.20582500071229531
15.46	0.20873440140975486
15.47	0.20284196334117097
15.48	0.21685647091167115
15.49	0.22706266329594998
15.5	0.23128645263342365
15.51	0.20665761229323001
15.52	0.21432504731432844
15.53	0.20806043292955062
15.54	0.20962925329787585
15.55	0.21809590115978036
15.56	0.2074524380214908
15.57	0.21507858556865725
15.58	0.19605797713871218
15.59	0.22085684282200224
15.6	0.20072305262998275
15.61	0.2034871761485651
15.62	0.21612104670514404
15.63	0.19513633810014533
15.64	0.18599797414613786
15.65	0.20046805802018963
15.66	0.19130711035184528
15.67	0.19766148530886785
15.68	0.18942026087283118
15.69	0.20213772178953754
15.7	0.19638299583420785
15.71	0.19142269655784477
15.72	0.18695012461233412
15.73	0.18984380108985474
15.74	0.18289885835578457
15.75	0.18978765480029589
15.76	0.18681513569050545
15.77	0.194816893311101
15.78	0.19143214921072632
15.79	0.17923442809602433
15.8	0.17489611134315775
15.81	0.18817471835602856
15.82	0.19501740309884064
15.83	0.18426062001308188
15.84	0.17549492363188074
15.85	0.18245591278330667
15.86	0.16063358866721272
15.87	0.16732595042538886
15.88	0.17404193211856533
15.89	0.17191763871442958
15.9	0.16589133112343146
15.91	0.18402051660641566
15.92	0.1967807160783912
15.93	0.18110386789135913
15.94	0.18325998974495186
15.95	0.17869513167995665
15.96	0.18600816476033158
15.97	0.1832408538793073
15.98	0.16826498223500042
15.99	0.1683405202341656
16.0	0.16577173163311493
16.01	0.18426081961421423
16.02	0.17099631859579686
16.03	0.18857389386691595
16.04	0.16147351277610142
16.05	0.17855611179250788
16.06	0.19561073898160272
16.07	0.17279458293986122
16.08	0.19155603314611702
16.09	0.18114342820260035
16.1	0.1944480954270441
16.11	0.18257130397426632
16.12	0.185370097146337
16.13	0.1841192691691607
16.14	0.1768490166471014
16.15	0.18269351335963316
16.16	0.18126794369011728
16.17	0.18294200487996207
16.18	0.20053366569298234
16.19	0.2096861781703271
16.2	0.20181228595205555
16.21	0.18965011506902552
16.22	0.1928144947477895
16.23	0.20150021093605303
16.24	0.19958369962047962
16.25	0.2009664841449942
16.26	0.1994396484145153
16.27	0.21500746485144795
16.28	0.2251239046036701
16.29	0.22064368617963023
16.3	0.2050845425560126
16.31	0.19542646775098413
16.32	0.20858779746467718
16.33	0.23769286791875013
16.34	0.21101894126778772
16.35	0.21982905578582793
16.36	0.20467453874223296
16.37	0.22443617792266377
16.38	0.22434144713017876
16.39	0.2242143300706247
16.4	0.22266503375627406
16.41	0.20620825858955605
16.42	0.22993317189439733
16.43	0.23069379609926505
16.44	0.21983188497696646
16.45	0.2151259732753182
16.46	0.22756621385318104
16.47	0.21906832233784718
16.48	0.23702079555954741
16.49	0.22116748455041857
16.5	0.21030709015951343
16.51	0.24520875318624596
16.52	0.21618338432045017
16.53	0.21875006886550827
16.54	0.21862462081699044
16.55	0.21133901599295143
16.56	0.22222845858681922
16.57	0.2236216036349669
16.58	0.21477173732473603
16.59	0.21730094866179292
16.6	0.2138021036459781
16.61	0.24014721926667906
16.62	0.21196331451013836
16.63	0.22454961171844556
16.64	0.21671448233266377
16.65	0.21966908867316598
16.66	0.23566211552045271
16.67	0.21780849887703632
16.68	0.21231386837937358
16.69	0.22077959189549134
16.7	0.22716677958113207
16.71	0.22229525101693665
16.72	0.22361801370003428
16.73	0.23042539264260625
16.74	0.22396962535841522
16.75	0.2331737038249782
16.76	0.2382185261952687
16.77	0.20632261930682985
16.78	0.22899993837991725
16.79	0.21525328160250431
16.8	0.20637776343027608
16.81	0.21195583883896904
16.82	0.2114662312256901
16.83	0.2169383493727074
16.84	0.23306929807575824
16.85	0.21285036357111098
16.86	0.19487078282997963
16.87	0.19725786047804253
16.88	0.2087944384886166
16.89	0.1965216652251625
16.9	0.20285572712462768
16.91	0.22325928366845427
16.92	0.19054549484035935
16.93	0.20000074814019855
16.94	0.1896373009902661
16.95	0.19221519124329492
16.96	0.18532464592532302
16.97	0.19827803931117283
16.98	0.21535778072191256
16.99	0.19879930702841425
17.0	0.21091032639184615
17.01	0.2039471896129043
17.02	0.20047906198813767
17.03	0.1947711416066032
17.04	0.19384713237373133
17.05	0.191088679369977
17.06	0.19571718256516202
17.07	0.1901808452842771
17.08	0.1902045867032771
17.09	0.18962893646508405
17.1	0.18473588608167069
17.11	0.17233547777567368
17.12	0.17973273393233807
17.13	0.1704568377803579
17.14	0.19359115086331877
17.15	0.1659669692702315
17.16	0.19253252740187937
17.17	0.19988167572067747
17.18	0.17655500950229966
17.19	0.16987450322109635
17.2	0.19140491926495729
17.21	0.17581859511958733
17.22	0.1959695125889147
17.23	0.1829973071558874
17.24	0.18696987343783347
17.25	0.1938255900026751
17.26	0.18011921613111542
17.27	0.1670313020318072
17.28	0.1840364381825544
17.29	0.18927492812844987
17.3	0.1693829899139199
17.31	0.17136680830207962
17.32	0.18956459187421787
17.33	0.18331841666029602
17.34	0.21473959346738733
17.35	0.18992325484866554
17.36	0.19468247845136397
17.37	0.17426598977996638
17.38	0.1876643822067568
17.39	0.1813308516796488
17.4	0.2048489173505951
17.41	0.17708991264414875
17.42	0.17387653878373482
17.43	0.20480096936656983
17.44	0.1783955224839796
17.45	0.1779439839328548
17.46	0.18516593098194717
17.47	0.18590295430000328
17.48	0.19402495339405038
17.49	0.18163087971333272
17.5	0.19386616693945158
17.51	0.1861394295342766
17.52	0.1925151309302954
17.53	0.20502848441748361
17.54	0.2043179610346806
17.55	0.20538342611591287
17.56	0.21089859822512566
17.57	0.1959308213478222
17.58	0.20096595196141953
17.59	0.19712866102035026
17.6	0.1995307639702595
17.61	0.2298462656460903
17.62	0.20535593425999663
17.63	0.24394370898131457
17.64	0.2072044678021599
17.65	0.21085826206515093
17.66	0.21443833924109826
17.67	0.20939007430691509
17.68	0.2229708804650862
17.69	0.2245175332891524
17.7	0.2232752914713982
17.71	0.22476483752188373
17.72	0.2065276824522788
17.73	0.21533133728769638
17.74	0.2179829013428066
17.75	0.19404179882568853
17.76	0.23691956597190938
17.77	0.22609224183521875
17.78	0.22310785108305095
17.79	0.21972007212255903
17.8	0.21805428830712492
17.81	0.22504150895144973
17.82	0.23575751184621094
17.83	0.2236871239158274
17.84	0.21324866466720138
17.85	0.24395141257443886
17.86	0.22165720237836126
17.87	0.220530634055717
17.88	0.2077397469514084
17.89	0.22443377651957275
17.9	0.21974529359401462
17.91	0.24478489776044035
17.92	0.2180954137588003
17.93	0.2332340381543476
17.94	0.21406714601525786
17.95	0.22570111160859305
17.96	0.223679737904751
17.97	0.20906686329264176
17.98	0.21515542785277741
17.99	0.22342279795054762
18.0	0.22698050639124787
18.01	0.22097248186409063
18.02	0.20720608042399782
18.03	0.22701005923199508
18.04	0.21920721520251396
18.05	0.22004099022176551
18.06	0.2107881486710213
18.07	0.21072700474281855
18.08	0.20991610404671215
18.09	0.2074087242129216
18.1	0.20477848454173764
18.11	0.20123115883924284
18.12	0.19097566900249405
18.13	0.20780405767611684
18.14	0.19485909901106305
18.15	0.20080128711094514
18.16	0.2007845557644871
18.17	0.21251780623269412
18.18	0.21139211078467993
18.19	0.17423110341498718
18.2	0.19720573556804924
18.21	0.20390237346416373
18.22	0.1904080873987045
18.23	0.20600184016437334
18.24	0.19190392335658374
18.25	0.19941414138928668
18.26	0.2004037554901902
18.27	0.17474258009309962
18.28	0.18592025017762956
18.29	0.2057752422544042
18.3	0.18118199502156
18.31	0.19869167809284363
18.32	0.19273046798035104
18.33	0.18682996226867427
18.34	0.16857803296074858
18.35	0.18681310874854545
18.36	0.17865554203631173
18.37	0.19439258963123415
18.38	0.1865899052478779
18.39	0.19153307010492776
18.4	0.18013230723496243
18.41	0.1701938438150886
18.42	0.17532013070528163
18.43	0.18712024916606643
18.44	0.18225229493610012
18.45	0.18070919440384858
18.46	0.18763757642116974
18.47	0.18108190464345666
18.48	0.20513181891221802
18.49	0.18210379327446927
18.5	0.18967447897287237
18.51	0.18148523382171117
18.52	0.18407875856201494
18.53	0.19148397274794388
18.54	0.17760110347955005
18.55	0.18873544792287028
18.56	0.1936618786678325
18.57	0.1961306590112009
18.58	0.19846776097032737
18.59	0.18617742527901923
18.6	0.19332106929731283
18.61	0.1816199046244023
18.62	0.18605461350943303
18.63	0.19615641774041945
18.64	0.19076663720069462
18.65	0.19198289340827862
18.66	0.2059531064703199
18.67	0.19158309143504268
18.68	0.21515250988995588
18.69	0.2016687599088331
18.7	0.2173348557351741
18.71	0.20284029821052918
18.72	0.17396390225870478
18.73	0.20085635519908193
18.74	0.2062387973104595
18.75	0.19762659440040367
18.76	0.22374291518533138
18.77	0.2022873057692954
18.78	0.20061337368655058
18.79	0.2240909026329611
18.8	0.21782360307292545
18.81	0.21478450079945105
18.82	0.2033116372571485
18.83	0.22882413842616572
18.84	0.22294058862250335
18.85	0.20516516765781856
18.86	0.22237119030989758
18.87	0.23369415959131992
18.88	0.2332963213020002
18.89	0.2198608281349809
18.9	0.226428098544211
18.91	0.22157526351559845
18.92	0.21819482225881104
18.93	0.23363587117786191
18.94	0.22792451300207642
18.95	0.2288765159645983
18.96	0.22135955590060122
18.97	0.22118289442610375
18.98	0.22827169244314585
18.99	0.22177309644987586
19.0	0.21710523689003372
19.01	0.21007576314808835
19.02	0.22993121116859208
19.03	0.23362357067968198
19.04	0.2095304212872722
19.05	0.20502022605921158
19.06	0.21481514107026844
19.07	0.20354679974604825
19.08	0.21528968838825263
19.09	0.20624242527710243
19.1	0.21519505583192372
19.11	0.215488820099445
19.12	0.20922436328444322
19.13	0.21037383987801078
19.14	0.21744310948557952
19.15	0.22633093449811434
19.16	0.23335056373333055
19.17	0.20961646750688784
19.18	0.20848876212276027
19.19	0.22430302448941716
19.2	0.21572971561234214
19.21	0.2091308632693569
19.22	0.21250485773991232
19.23	0.22112350012842658
19.24	0.2149698911741588
19.25	0.21255212292856115
19.26	0.21161993305234808
19.27	0.21589544184696716
19.28	0.2317880270902411
19.29	0.1933619318267365
19.3	0.22729504526933958
19.31	0.18791326852959359
19.32	0.20498971211489372
19.33	0.2010710098041141
19.34	0.19148643573990634
19.35	0.18689998921173165
19.36	0.20516920141036704
19.37	0.19067032674504378
19.38	0.1781343591924114
19.39	0.19623945385269345
19.4	0.19164861269464184
19.41	0.1870334078532606
19.42	0.19495250714929488
19.43	0.18153918917257106
19.44	0.18761022837722144
19.45	0.16178838909957924
19.46	0.18967568718565503
19.47	0.1795315684578524
19.48	0.17221370695289867
19.49	0.18376871739025788
19.5	0.1733168301574044
19.51	0.17701457998947956
19.52	0.16996535464668241
19.53	0.17849996875301702
19.54	0.18117166270466603
19.55	0.16237338791988307
19.56	0.16929520263163833
19.57	0.18587058061673992
19.58	0.16390988004197418
19.59	0.1826869446067532
19.6	0.19208687984873835
19.61	0.1692914265938013
19.62	0.1699832232013639
19.63	0.19016455540264174
19.64	0.1734826008704401
19.65	0.1715964454081908
19.66	0.17443888729837392
19.67	0.16565439572082374
19.68	0.182790148531192
19.69	0.1915994559224462
19.7	0.1806558397072886
19.71	0.18074963502704297
19.72	0.17363395068402607
19.73	0.15111786379295172
19.74	0.18023535795490242
19.75	0.176476304680645
19.76	0.19040956991872435
19.77	0.17349099139940233
19.78	0.19031323368003267
19.79	0.17868144665274197
19.8	0.18289984325580458
19.81	0.18295886234391234
19.82	0.1776897866492853
19.83	0.18056227045592177
19.84	0.19248812814252309
19.85	0.17136028417519084
19.86	0.1850131005390162
19.87	0.1678223772876272
19.88	0.1909095742147862
19.89	0.19137037478397065
19.9	0.2162097475408571
19.91	0.1905855033579172
19.92	0.18060553797812567
19.93	0.17248841153817607
19.94	0.1886609948753558
19.95	0.2031091018239529
19.96	0.1896950866396185
19.97	0.20111833915121582
19.98	0.1919534501505687
19.99	0.20074434353988177
20.0	0.18496265332031303
20.01	0.18880563494316496
20.02	0.19193600439939845
20.03	0.1818159069977597
20.04	0.2050736350790858
20.05	0.199086176084069
20.06	0.2018049401730863
20.07	0.20983084984674874
20.08	0.20107285310582496
20.09	0.20900254205355373
20.1	0.2191506402005413
20.11	0.19067315102653423
20.12	0.1976477287093031
20.13	0.20208977007755838
20.14	0.2002135601863185
20.15	0.21547354257782458
20.16	0.22115396927972839
20.17	0.21525431672549497
20.18	0.219770879605976
20.19	0.21264587845425137
20.2	0.21218711236787718
20.21	0.21761167895450556
20.22	0.2164226877158092
20.23	0.21127589908426211
20.24	0.21369232288898188
20.25	0.20113554044020437
20.26	0.21919834512227693
20.27	0.21424371124875266
20.28	0.20826921849976876
20.29	0.21221519832379823
20.3	0.20661089076477335
20.31	0.20284194080161105
20.32	0.204228259673855
20.33	0.20436294853894407
20.34	0.21480014705168055
20.35	0.20480255124006472
20.36	0.21021946838699868
20.37	0.21079930898352672
20.38	0.21577557952433465
20.39	0.22854530468716125
20.4	0.20538960889868368
20.41	0.23464865722023773
20.42	0.1870401626938684
20.43	0.23417033904491422
20.44	0.2092588916567348
20.45	0.18451043899425112
20.46	0.19340757417018473
20.47	0.20393606263395267
20.48	0.19598083974193833
20.49	0.19970058233752985
20.5	0.22407189552957119
20.51	0.20263821905748328
20.52	0.20917727973041766
20.53	0.18913961871207607
20.54	0.19454318674324242
20.55	0.19330204491157368
20.56	0.19272717594382566
20.57	0.2071146304828233
20.58	0.2024602628865794
20.59	0.1953690701717239
20.6	0.17811291177325755
20.61	0.19091914164506021
20.62	0.1892282344550577
20.63	0.17963026593059783
20.64	0.21259705219703504
20.65	0.17960015122708683
20.66	0.18886046186926783
20.67	0.17371802837385847
20.68	0.16942051341498007
20.69	0.17489208204669
20.7	0.19580646038014657
20.71	0.18069187330761335
20.72	0.17328793130477035
20.73	0.1971506888814084
20.74	0.1670773720251441
20.75	0.1866350193202439
20.76	0.18057463645028535
20.77	0.18651952714160058
20.78	0.19493997160218718
20.79	0.20096213003515967
20.8	0.1696569840190298
20.81	0.1845280025416488
20.82	0.17750392369542836
20.83	0.1772806622037848
20.84	0.1622009790770044
20.85	0.1638382417707045
20.86	0.17865515061132484
20.87	0.1758397162814286
20.88	0.15922492195036989
20.89	0.1764507546593866
20.9	0.16318577154589126
20.91	0.1630140078269651
20.92	0.1833677210975578
20.93	0.16959527577705746
20.94	0.17349275683628665
20.95	0.16171855109677807
20.96	0.17591754507455343
20.97	0.16297858712535243
20.98	0.17546916512580502
20.99	0.17461610573175337
21.0	0.18964824638347275
21.01	0.17884716253930022
21.02	0.16272592699794583
21.03	0.166126366003412
21.04	0.16971018537989474
21.05	0.18969801180436546
21.06	0.17656592697499437
21.07	0.17779860595592678
21.08	0.1745429907076991
21.09	0.19327854395752084
21.1	0.18831559377927526
21.11	0.18835925795122102
21.12	0.1999227876141133
21.13	0.1789825339243223
21.14	0.17804827623999092
21.15	0.20330292851360182
21.16	0.17397128334654519
21.17	0.19256745184317486
21.18	0.17871121784426122
21.19	0.19414368815145236
21.2	0.1639153137954306
21.21	0.19120055559160534
21.22	0.19173977037330078
21.23	0.20476568932853118
21.24	0.19772369886249302
21.25	0.1825605731488468
21.26	0.21523171759722912
21.27	0.20376347913523274
21.28	0.18645281375843809
21.29	0.19516114193169676
21.3	0.20900918518843498
21.31	0.19818908656406153
21.32	0.21521873200299504
21.33	0.1975032181600685
21.34	0.21596458400486268
21.35	0.2211402521361916
21.36	0.20153685186640838
21.37	0.1988807232051422
21.38	0.21473228910306946
21.39	0.21334320691089126
21.4	0.20460444130736796
21.41	0.22243779221036133
21.42	0.19291938625486943
21.43	0.18972379271323211
21.44	0.21095742221275918
21.45	0.22654697608895194
21.46	0.2248751642095165
21.47	0.22834289543430172
21.48	0.2034231848867437
21.49	0.22008017056692566
21.5	0.21599245794541633
21.51	0.19874851294600154
21.52	0.20462416250371745
21.53	0.22058160673548774
21.54	0.2043435604973488
21.55	0.21967921695804032
21.56	0.21948575686596403
21.57	0.2105916825701985
21.58	0.218305727063914
21.59	0.2153388251580527
21.6	0.2286376738594377
21.61	0.2140128048974241
21.62	0.22125050005994187
21.63	0.2275067672823045
21.64	0.21202297676227888
21.65	0.23306649995879322
21.66	0.2079180540121613
21.67	0.21157224538819677
21.68	0.20554371677668598
21.69	0.19413186785993258
21.7	0.2068524580365339
21.71	0.18064920059500728
21.72	0.20005463878806026
21.73	0.20245930411768312
21.74	0.18639845268852795
21.75	0.20121759939155556
21.76	0.18962517341760562
21.77	0.20036321720681224
21.78	0.19379930996464093
21.79	0.211761005126294
21.8	0.18007129227195734
21.81	0.1791123915331001
21.82	0.16841566707616343
21.83	0.19060148455942913
21.84	0.17827537187287487
21.85	0.1839689507432464
21.86	0.19565237951287934
21.87	0.17862718548420486
21.88	0.16105957425938666
21.89	0.18109959099919198
21.9	0.17699120095912396
21.91	0.1634233307774603
21.92	0.18024729879911805
21.93	0.17071761165719393
21.94	0.1784491463221112
21.95	0.17615914875688474
21.96	0.1754214152629434
21.97	0.16663720294477463
21.98	0.17197519853500493
21.99	0.15634548050837763
22.0	0.16785324761960801
