10.01	0.7586038405203462
10.02	0.4864935152349634
10.03	0.7381421442466451
10.04	0.6152305641066153
10.05	0.7366154427361385
10.06	0.732827470455493
10.07	0.5196085867314537
10.08	0.6219336478011913
10.09	0.5059036361551013
10.1	0.4813657525153867
10.11	0.4821926221986052
10.12	0.4969752979962148
10.13	0.5198270683486919
10.14	0.5174036362269294
10.15	0.5042228366996132
10.16	0.7491822825909745
10.17	0.46421603096230196
10.18	0.3837543590242643
10.19	0.7607841458966901
10.2	0.47088776466201177
10.21	0.4974375022249029
10.22	0.7443327639015243
10.23	0.09611506085258696
10.24	0.6172545634932157
10.25	0.7592901989386523
10.26	0.7549042025013858
10.27	0.7560520798711091
10.28	0.7632999662413962
10.29	0.7361957861685308
10.3	0.48355163878777585
10.31	0.48806291763791476
10.32	0.5007255300255578
10.33	0.7594583577617298
10.34	0.4954175958013395
10.35	0.3683486766107117
10.36	0.7687516207123753
10.37	0.6300874513571247
10.38	0.630534751869545
10.39	0.6345504850135275
10.4	0.13593643562245597
10.41	0.7622997639827822
10.42	0.5014126258804354
10.43	0.7519547632942805
10.44	0.7440961523938603
10.45	0.6157376092234645
10.46	0.7571793358998569
10.47	0.7391291931901328
10.48	0.4887093264170714
10.49	0.6112709729380507
10.5	0.13251399560125088
10.51	0.4891606403478192
10.52	0.617353035616545
10.53	0.6167390713210208
10.54	0.50115380906176
10.55	0.4904149596202072
10.56	0.49249155808881423
10.57	0.7463861591346356
10.58	0.49260401877875304
10.59	0.5106999895395941
10.6	0.7556884905161079
10.61	0.499956784578603
10.62	0.37020569805528464
10.63	0.7573028015919511
10.64	0.4979395986375548
10.65	0.7674527026121181
10.66	0.5025849612833881
10.67	0.7524760004552733
10.68	0.5081878201461917
10.69	0.6157839097532704
10.7	0.3683077011335877
10.71	0.5111208790627322
10.72	0.6090564163361719
10.73	0.5010988274407477
10.74	0.5029366682000379
10.75	0.4904843546483243
10.76	0.13519082290788167
10.77	0.5097645452579322
10.78	0.5049098071941582
10.79	0.7502693028665726
10.8	0.49736784436327863
10.81	0.49442835562048953
10.82	0.7514079258093964
10.83	0.5068874746590146
10.84	0.5117994515810896
10.85	0.500033102263094
10.86	0.37664784786653216
10.87	0.3799447284180664
10.88	0.7605250844628592
10.89	0.7507725461197255
10.9	0.4946502805998947
10.91	0.3673832479095273
10.92	0.4988299150260514
10.93	0.4867414472225262
10.94	0.4906246732805934
10.95	0.7541711353779592
10.96	0.1090910868780514
10.97	0.4971905332628717
10.98	0.7594707547218567
10.99	0.6312250486983283
11.0	0.5039531568013866
11.01	0.7434458761237338
11.02	0.7502705138099337
11.03	0.5077817489323384
11.04	0.5170365066270879
11.05	0.14640563600483067
11.06	0.14828261462858905
11.07	0.13354402697852175
11.08	0.5056804358038347
11.09	0.6279296419151857
11.1	0.16066926886237987
11.11	0.5084541469318404
11.12	0.517596693220659
11.13	0.6204500756585907
11.14	0.5221139180280598
11.15	0.5165389459665992
11.16	0.5072537875612176
11.17	0.3953475387612816
11.18	0.6154011643784276
11.19	0.4938429289216065
11.2	0.4945962736481905
11.21	0.7519089475801723
11.22	0.5010510060897727
11.23	0.6150929115199321
11.24	0.4940604674595614
11.25	0.1327474613170114
11.26	0.7349736296956755
11.27	0.5061635932595905
11.28	0.7531058864031288
11.29	0.38557793646387967
11.3	0.3694165477234761
11.31	0.5033685933964099
11.32	0.4868047941000282
11.33	0.7595933549226409
11.34	0.625946177633082
11.35	0.5068033009129803
11.36	0.24807449336453102
11.37	0.39082502885322457
11.38	0.4837706671211827
11.39	0.37128567969306014
11.4	0.37152253293771065
11.41	0.11051388360710745
11.42	0.12328112006614698
11.43	0.486623294624961
11.44	0.49556455673781696
11.45	0.7509547737966956
11.46	0.7506287304818158
11.47	0.11311715991981067
11.48	0.7541407132909392
11.49	0.4955520024381107
11.5	0.508215732041423
11.51	0.1250037531224313
11.52	0.1345244449021434
11.53	0.13023276109849052
11.54	0.1210030744517982
11.55	0.49930787897659706
11.56	0.12585154820188235
11.57	0.5140446486436089
11.58	0.39216599074387876
11.59	0.5023843679389445
11.6	0.11161079447220516
11.61	0.4622657849894398
11.62	0.4849812708242495
11.63	0.49892604228892495
11.64	0.1266663879379803
11.65	0.739159579932763
11.66	0.11194651721984253
11.67	0.376929212295256
11.68	0.4988884541538593
11.69	0.5316398249115009
11.7	0.1343603178621694
11.71	0.7428610283623277
11.72	0.7503159421128516
11.73	0.49751080171230755
11.74	0.12902345304682766
11.75	0.5013844075072659
11.76	0.11681018684057046
11.77	0.47981131088613876
11.78	0.14087322844811834
11.79	0.11645619059807094
11.8	0.1297022032105559
11.81	0.37082141242185723
11.82	0.5127129516225051
11.83	0.3860823348554946
11.84	0.37550032210817996
11.85	0.5005631740410884
11.86	0.3500741397235383
11.87	0.11248896039454469
11.88	0.12470688086684648
11.89	0.496775726274009
11.9	0.11911759729699095
11.91	0.10605372122147207
11.92	0.3742261634403121
11.93	0.1214897332049502
11.94	0.37282833119877196
11.95	0.37781862379702036
11.96	0.5072836066441828
11.97	0.5145961357420942
11.98	0.3951145515216464
11.99	0.37265216533725665
12.0	0.48910950354140426
12.01	0.3829723961126676
12.02	0.13496353593036572
12.03	0.6136176800240336
12.04	0.367305253702748
12.05	0.12087522868065644
12.06	0.1251951067515599
12.07	0.12632910579112053
12.08	0.12364338274503915
12.09	0.10762256184274153
12.1	0.11592794232318408
12.11	0.4865024670185609
12.12	0.13166396060755808
12.13	0.12881998525903615
12.14	0.3807740412576583
12.15	0.09816517825798803
12.16	0.473927069899189
12.17	0.1138813874308763
12.18	0.38760192363876417
12.19	0.11136198803055988
12.2	0.3653543377181363
12.21	0.38127995284318306
12.22	0.11865119716706925
12.23	0.12648828903468268
12.24	0.12266435317880135
12.25	0.11769295055843308
12.26	0.12143465031445848
12.27	0.11885514835090633
12.28	0.12979802083565078
12.29	0.1268119830491643
12.3	0.13329954487015075
12.31	0.125334187403949
12.32	0.12380460109551393
12.33	0.11966591098151044
12.34	0.38645151791142374
12.35	0.13220604007091266
12.36	0.12663541988386254
12.37	0.5016293138360184
12.38	0.359425949749673
12.39	0.12270689808236288
12.4	0.12287807742260573
12.41	0.11540273297507025
12.42	0.1334327085376978
12.43	0.11225995887191968
12.44	0.5074002533050921
12.45	0.11469503869040903
12.46	0.12378337249202925
12.47	0.15498916647758268
12.48	0.12789512352704135
12.49	0.1193045777894329
12.5	0.1411785143599268
12.51	0.12039183093310515
12.52	0.12306130102213855
12.53	0.11057050671406646
12.54	0.11935317325469398
12.55	0.1448704226980203
12.56	0.1283141468281278
12.57	0.12095531609081735
12.58	0.13648138351819988
12.59	0.36323963171927587
12.6	0.37750407260967256
12.61	0.1298169671359555
12.62	0.13294838464979553
12.63	0.37027931546386633
12.64	0.12621902138298696
12.65	0.10862921875774396
12.66	0.3718913648873582
12.67	0.38561109188922027
12.68	0.23298136418318213
12.69	0.14022507775716406
12.7	0.13332152820048507
12.71	0.12372627361809538
12.72	0.11422576764006458
12.73	0.5053471788806373
12.74	0.12621216700974783
12.75	0.12856677039438702
12.76	0.12841301602396327
12.77	0.12563319729676997
12.78	0.5047373729225832
12.79	0.1024839863390327
12.8	0.12577912427923493
12.81	0.12624072143756304
12.82	0.15193121239789495
12.83	0.11387084017328912
12.84	0.1434921718060903
12.85	0.12595656035129404
12.86	0.1297013478149431
12.87	0.12676285431042433
12.88	0.11517280124719802
12.89	0.12362391458126781
12.9	0.12026613262941946
12.91	0.11177205512487752
12.92	0.3789309535105911
12.93	0.12298000017314402
12.94	0.12576262350459844
12.95	0.13814502889582553
12.96	0.1326009784191426
12.97	0.11724967431242449
12.98	0.11125388996477557
12.99	0.1428998800539366
13.0	0.12902872764880535
13.01	0.3835043240203016
13.02	0.2489725929165917
13.03	0.12076357575455798
13.04	0.13117552949005015
13.05	0.12829590318529677
13.06	0.13290656319237357
13.07	0.1286116828823299
13.08	0.1303197133424872
13.09	0.1274784845331171
13.1	0.1373300791992584
13.11	0.1194290421493244
13.12	0.1381283877137055
13.13	0.12398613178989931
13.14	0.12965607860330366
13.15	0.379521591275448
13.16	0.13527727671865775
13.17	0.12140336699185048
13.18	0.10790883097015053
13.19	0.13081221493389447
13.2	0.13131171800585364
13.21	0.127340179366832
13.22	0.14175519311496496
13.23	0.13200724560026697
13.24	0.3691421080535656
13.25	0.14211862248986085
13.26	0.1214744217084379
13.27	0.1303445324518923
13.28	0.11792823718064693
13.29	0.1454098763548814
13.3	0.14410152918538746
13.31	0.10316135928716777
13.32	0.1316512136430993
13.33	0.1222939894378698
13.34	0.1267912677634059
13.35	0.113454653628414
13.36	0.12620014191006057
13.37	0.11014673273598642
13.38	0.14156551641816656
13.39	0.12524302696031053
13.4	0.12078808044956438
13.41	0.12917100235010262
13.42	0.1306041814245243
13.43	0.12310715843907785
13.44	0.1253109375140304
13.45	0.1189590831047953
13.46	0.11973445222085785
13.47	0.12926669537350632
13.48	0.12139916610075427
13.49	0.12298409574560325
13.5	0.13430107292908283
13.51	0.13146138346479036
13.52	0.12039021633525623
13.53	0.1220124394975461
13.54	0.5082141621763445
13.55	0.4975807103883091
13.56	0.11824388944930975
13.57	0.12111789889751687
13.58	0.12319614381103589
13.59	0.1158962646718278
13.6	0.1372700032242225
13.61	0.1311900722375081
13.62	0.13206571712984716
13.63	0.13607681570601168
13.64	0.13451241482180804
13.65	0.12541833748628978
13.66	0.12551796075211427
13.67	0.1459083965744411
13.68	0.1178337817413183
13.69	-0.0009117984481321694
13.7	0.12300344597252849
13.71	0.12244369676048907
13.72	0.13171961725752382
13.73	0.1524624331268956
13.74	0.1315176498045335
13.75	0.11583827248626882
13.76	0.12162258259002777
13.77	0.3858566983219731
13.78	0.1441401603598987
13.79	0.1288248249704483
13.8	0.12220336985874045
13.81	0.1227724601410725
13.82	0.12124845630689936
13.83	0.12286578449226596
13.84	0.377773802436066
13.85	0.13023710989930729
13.86	0.12376796527682862
13.87	0.12379289474698428
13.88	0.37578123768523947
13.89	0.25359601051719927
13.9	0.11711204089971607
13.91	0.1269968823257397
13.92	0.13377089221003505
13.93	0.12957952184965255
13.94	0.10573014192853875
13.95	0.13693184718930762
13.96	0.13496795732012296
13.97	0.10852900708560166
13.98	0.1085559337341217
13.99	0.12452213325205767
14.0	0.12124499240776046
14.01	0.1283896372854529
14.02	0.1259748748683962
14.03	0.121849681318817
14.04	0.12656166163645785
14.05	0.12166489330591512
14.06	0.14270494134721406
14.07	0.12191887441297253
14.08	0.386341022778782
14.09	0.12809902689357178
14.1	0.14759938857918536
14.11	0.11882945447562047
14.12	0.12663200346385797
14.13	0.13031403848681014
14.14	0.12365161802263827
14.15	0.1274948052335068
14.16	0.1307954448936728
14.17	0.11383346041824081
14.18	0.12341031326763738
14.19	0.11727005680007777
14.2	0.1363801050699778
14.21	0.1260912256636623
14.22	0.1255242330869609
14.23	0.11025916247544254
14.24	0.1198280270795357
14.25	0.13903604176138257
14.26	0.12082840678053208
14.27	0.13815435861780476
14.28	0.13496116410394363
14.29	0.5157457082628802
14.3	0.12991241976697207
14.31	-0.006435767248897376
14.32	0.1281924366935482
14.33	0.2634048584843977
14.34	0.12380242480226253
14.35	0.14822159533044604
14.36	0.25962054248145766
14.37	0.12984942508475042
14.38	0.12699326296807562
14.39	-0.004610962339385517
14.4	0.1252289732278778
14.41	0.12066130129420466
14.42	0.11379903633197008
14.43	0.13066857606893295
14.44	0.11525939707789377
14.45	0.14161705505180738
14.46	0.12262168757644366
14.47	0.13875491453432737
14.48	0.12991950712708775
14.49	0.13721711230665085
14.5	0.1444782888302498
14.51	0.13231652380259867
14.52	0.116172352096998
14.53	0.12417626505980747
14.54	0.12727256393939115
14.55	0.1122378829122399
14.56	0.11144775618333808
14.57	0.12587265893901395
14.58	0.12189895462914575
14.59	0.12820173004078347
14.6	0.12677574450431608
14.61	0.11273158459270723
14.62	0.1259734616672392
14.63	0.13984034153388028
14.64	0.1317775583354894
14.65	0.1212682260080273
14.66	0.1408184526637183
14.67	0.1310713893590266
14.68	0.12369668248397156
14.69	0.12048612292630652
14.7	0.2549488299058172
14.71	0.11696207641626594
14.72	0.10873315398914973
14.73	0.12452272211821422
14.74	0.1133803511020087
14.75	0.4856385663306373
14.76	0.11881801520319317
14.77	0.13290875112784115
14.78	0.12246216185542962
14.79	0.1359814520075389
14.8	0.13350186223086372
14.81	0.13749564526713387
14.82	0.12225986670458752
14.83	0.13675449328741057
14.84	0.11608015545408693
14.85	0.12399890118553011
14.86	0.003322071149519198
14.87	0.1217927490455942
14.88	0.008961978502365818
14.89	0.11604343998081007
14.9	0.09673188227860272
14.91	0.11053651209466668
14.92	0.12805550986522798
14.93	0.22971122816879272
14.94	0.11967277986597227
14.95	0.1246929192510096
14.96	0.12372932136535125
14.97	0.14792769210039725
14.98	0.11629918848622048
14.99	0.4885249981209284
15.0	0.0991491351862431
15.01	0.12209113530252656
15.02	0.12514464319134327
15.03	0.12218651204328752
15.04	0.12573962475427458
15.05	0.10855354370988207
15.06	0.1362070965361992
15.07	0.11208565015860089
15.08	0.12071248866980039
15.09	0.12644282535822718
15.1	0.10830876553180868
15.11	0.15473697727125507
15.12	0.13024659618837914
15.13	0.11866285132080194
15.14	0.1242597837513868
15.15	0.11421986342767218
15.16	0.12868752388187737
15.17	0.123952683115199
15.18	0.10519301519672489
15.19	0.12840524670000264
15.2	0.13893744972049976
15.21	0.1235304235386936
15.22	0.13003463525983014
15.23	0.14166656863956262
15.24	0.13380924225066004
15.25	0.13000969704184973
15.26	0.1442430381636848
15.27	0.1364024669198137
15.28	0.11396107806264227
15.29	0.11647424027832572
15.3	0.11396215544937709
15.31	0.1223854599376845
15.32	0.12613205799031438
15.33	0.10811510128492963
15.34	0.12519718590031445
15.35	0.11189868547825006
15.36	0.2630068734683274
15.37	0.1407174680725607
15.38	0.12293180787570678
15.39	0.12823581689361657
15.4	0.13618227128403498
15.41	0.11453599449644056
15.42	0.1191960189379755
15.43	0.1243922846922342
15.44	0.12178451384062418
15.45	0.2560602951503112
15.46	0.500909327293262
15.47	0.12133999536176347
15.48	0.11618490394422319
15.49	0.1339133085250786
15.5	0.12581587551526913
15.51	0.12437846147510748
15.52	0.388777559416173
15.53	0.13020701364780343
15.54	0.13182345960347885
15.55	0.13103825961178392
15.56	0.13158645443823924
15.57	0.11752671248455376
15.58	0.13038543922174398
15.59	0.14172118688999266
15.6	0.2479075539115505
15.61	0.25234639264194564
15.62	0.12610439314367605
15.63	0.11703507515129183
15.64	0.13665646142428822
15.65	0.13876591890588064
15.66	0.11756600825213305
15.67	0.11779462051844333
15.68	0.4969549540725886
15.69	0.12962821733680707
15.7	0.1098980842394681
15.71	0.3766312191146156
15.72	0.12673084312188518
15.73	0.13049511661842267
15.74	0.13448492132444997
15.75	0.23876817593039534
15.76	0.24927714790030103
15.77	0.12644144884475816
15.78	0.49022797971060655
15.79	0.13029129792791028
15.8	0.1144956548005917
15.81	0.1261333761206446
15.82	0.13290470803141935
15.83	0.12171198339306685
15.84	0.12466077738095312
15.85	0.1262557244870474
15.86	0.1305482740285355
15.87	0.12361013646101374
15.88	0.13888994567128243
15.89	0.13392744990286187
15.9	0.13470849776079222
15.91	0.1254785672616831
15.92	0.1384290427747749
15.93	0.12456139865285405
15.94	0.11512271969518541
15.95	0.11949739881349976
15.96	0.11749085322332467
15.97	0.48952923472741544
15.98	0.12610167743287712
15.99	-0.002997697534300296
16.0	-0.0033231904541044287
16.01	0.12414750746781009
16.02	0.003990698745824797
16.03	0.13317239667846795
16.04	0.1305427548658778
16.05	0.01315685340729364
16.06	0.11380567707741696
16.07	-0.013942379147732829
16.08	-0.0006288363157359129
16.09	-0.0016651419648583098
16.1	0.12622184023990568
16.11	-0.005711719927856224
16.12	0.1362954489248243
16.13	0.14275918646964159
16.14	0.11893298374522313
16.15	0.0034921871320347936
16.16	0.1320140105442519
16.17	0.13049739769499574
16.18	-0.028266839956315327
16.19	0.13867752694571017
16.2	0.010827135762191362
16.21	0.12091958043797046
16.22	0.1336468280229773
16.23	-0.021807739074147375
16.24	0.12149511531895477
16.25	0.00816203317347025
16.26	0.007610143387131471
16.27	0.11837324054990411
16.28	0.12370463003718614
16.29	0.008308050233155782
16.3	-0.00850621501527205
16.31	0.14217616867555372
16.32	0.12899923879106232
16.33	0.12110795923835935
16.34	0.13264959999495446
16.35	0.007199412876227405
16.36	0.12712040409055975
16.37	-0.009428020206106976
16.38	-0.004769952139790797
16.39	0.12255313829962616
16.4	-0.006295755235683626
16.41	0.1307676529732429
16.42	0.0021623429269044697
16.43	0.005702424579942448
16.44	-0.004565692370042097
16.45	0.009150637689614079
16.46	-0.002084712110135075
16.47	0.007761621368215081
16.48	0.009428401859072491
16.49	0.12445062688561724
16.5	0.009133105210545046
16.51	-0.019197625693554862
16.52	-0.004735614894266148
16.53	-0.0020780534748844745
16.54	0.1238301686448731
16.55	-0.004494933553618691
16.56	0.12632625456154198
16.57	0.003934724401247432
16.58	0.14384499478768945
16.59	-0.010712314706161661
16.6	-0.0017416429730358696
16.61	0.006652186290074059
16.62	0.0018204813056021116
16.63	-0.0010258516086471161
16.64	0.11138353731378857
16.65	-0.011423978088838438
16.66	0.10829678776378827
16.67	0.017543383746769888
16.68	0.01923883560896347
16.69	-0.002406185363458034
16.7	0.12515486350590585
16.71	0.1282064636846346
16.72	0.020779888212221445
16.73	0.003487300926579459
16.74	-0.0026768169146540273
16.75	0.009399767043631099
16.76	-0.001407458354015809
16.77	0.14334646292959674
16.78	0.13273960599739684
16.79	0.012512425460336204
16.8	-0.001709538836373711
16.81	0.008047773424045038
16.82	0.12155913446267536
16.83	0.022832097587206907
16.84	0.11764982223275726
16.85	0.010143879579666152
16.86	0.015895799370027316
16.87	0.014290876228365557
16.88	0.007918369882977812
16.89	-0.010226724469950125
16.9	-0.002181348835968465
16.91	0.13867487613315824
16.92	0.11747434990023727
16.93	-0.012664649811806386
16.94	-0.00770929261687043
16.95	0.002934102787929003
16.96	0.14699500432729545
16.97	-0.006669297039945693
16.98	-0.009569618352496341
16.99	-0.003782715841452076
17.0	-0.005053406412313476
17.01	-0.017151744546421252
17.02	0.12713694638760764
17.03	-0.002552555184155966
17.04	0.13841975592764152
17.05	0.0033225450863122686
17.06	-0.005663768176889247
17.07	-0.008207844045465073
17.08	0.12472065579158795
17.09	-0.0005388557718470155
17.1	0.10711032458630497
17.11	0.0048366944036285315
17.12	0.12153283576026583
17.13	0.13429028807786497
17.14	0.002461549623764999
17.15	0.12502465282426836
17.16	0.12330342865036219
17.17	0.0049720526009498865
17.18	0.13346683703370404
17.19	0.1163396716097388
17.2	0.11908869553034651
17.21	0.10993950608629585
17.22	0.12143921736335872
17.23	-0.00045063104269882663
17.24	0.12907676471286217
17.25	0.02587888977579552
17.26	0.0023783341991229397
17.27	0.009445532005856827
17.28	0.11750723598465453
17.29	0.13030818405165237
17.3	0.007430179545340816
17.31	0.13719594526225687
17.32	0.13505848603986353
17.33	0.123712773500546
17.34	0.11984278990164546
17.35	0.1395006283509378
17.36	0.13671777050967104
17.37	0.1127291770594442
17.38	0.006522318310471794
17.39	-0.007327429005492581
17.4	0.13616131398402503
17.41	0.11040856655499136
17.42	0.0030515204641792778
17.43	0.001240558793808636
17.44	-0.00485869003631114
17.45	0.11518372041241182
17.46	0.13173501619991465
17.47	0.12143557627810803
17.48	-0.0004098747427401036
17.49	0.0013095942085146633
17.5	-0.017017689442698342
17.51	-0.009168563503650716
17.52	0.12932401137086078
17.53	0.12511929888842685
17.54	-0.013359019798025756
17.55	-0.006286027453099677
17.56	0.1251635344444306
17.57	0.020783933971896422
17.58	0.13212543163894855
17.59	-0.017259136875540565
17.6	0.1099678534843444
17.61	0.11456658831635604
17.62	-0.00881865013818009
17.63	0.12136607551499644
17.64	0.10569872675889558
17.65	-0.007073940843671881
17.66	-0.009002945577766106
17.67	0.11279969897344944
17.68	0.12755510149213437
17.69	0.1139033422671576
17.7	-0.005022924262707926
17.71	0.11458178197742007
17.72	0.11866968276642754
17.73	0.10593004709512216
17.74	0.1170059511708592
17.75	0.14087187771539345
17.76	0.13985004041646362
17.77	0.13318607276562253
17.78	0.3601312724031365
17.79	0.5034565523893746
17.8	0.1294121875920871
17.81	0.12440442001564876
17.82	0.3668482858271053
17.83	0.1500266772411357
17.84	0.3690363346253545
17.85	0.4952036096223895
17.86	0.2502442522863197
17.87	0.48212995954834287
17.88	0.11461406131510474
17.89	0.5046783362541511
17.9	0.11957611233672852
17.91	0.11873054992074139
17.92	0.5017631797902177
17.93	0.38162203899768604
17.94	0.12908572476139635
17.95	0.503277380869088
17.96	0.26041113395384413
17.97	0.11394870102814789
17.98	0.5074237154518038
17.99	0.11301996746268786
18.0	0.4809129692717608
18.01	0.1250039659088098
18.02	0.38501567153523547
18.03	0.49635167058596313
18.04	0.507044909543151
18.05	0.5046803700283607
18.06	0.4671164709240786
18.07	0.48635250557566023
18.08	0.4987800096703792
18.09	0.4952354440572576
18.1	0.48723368307250836
18.11	0.5074336842572059
18.12	0.5025559712461664
18.13	0.1234771404684851
18.14	0.486650837538127
18.15	0.49860501435521204
18.16	0.4977416509182631
18.17	0.49701740373520387
18.18	0.1235850349178969
18.19	0.5132411294986561
18.2	0.4983034325272968
18.21	0.5081941802911843
18.22	0.5053983664148871
18.23	0.49320260028231677
18.24	0.5231272470062027
18.25	0.49285030171644456
18.26	0.4883419605919431
18.27	0.5153377738202354
18.28	0.5059457271166728
18.29	0.5084013165813395
18.3	0.4939271808827212
18.31	0.4893652446779965
18.32	0.5011555347118788
18.33	0.49499392706025713
18.34	0.4981428168855863
18.35	0.09600346525878273
18.36	0.4799927274395862
18.37	0.5048908360574956
18.38	0.5012641933362469
18.39	0.5081864883485185
18.4	0.4966332728247759
18.41	0.49891870291313306
18.42	0.49332558147976996
18.43	0.4975196440260606
18.44	0.6249351572642714
18.45	0.2455468555881934
18.46	0.5122520326042121
18.47	0.5084121766409752
18.48	0.5019788353245005
18.49	0.5175210275696631
18.5	0.507187551787692
18.51	0.5024032593109278
18.52	0.5032891131665597
18.53	0.5223817257425168
18.54	0.5035796301396889
18.55	0.5033022439287563
18.56	0.5074511268290708
18.57	0.5102578372870862
18.58	0.5116948304709918
18.59	0.48982097361790394
18.6	0.5033433544372375
18.61	0.49027136046744757
18.62	0.48923717473674894
18.63	0.5203675825282972
18.64	0.5022477240292909
18.65	0.48934886439926495
18.66	0.4992538243543462
18.67	0.5012785372127937
18.68	0.5021131360891804
18.69	0.3766345002093584
18.7	0.5024263593468931
18.71	0.49518245991572185
18.72	0.49419045887023966
18.73	0.4904286874383897
18.74	0.5019860552523561
18.75	0.5055317495709304
18.76	0.5104131249017071
18.77	0.38560339600997146
18.78	0.5089344251653801
18.79	0.5053708440510983
18.8	0.4877431319394273
18.81	0.4936076928844335
18.82	0.5019693141958982
18.83	0.5043675695506996
18.84	0.5071221565496548
18.85	0.49757717647901434
18.86	0.492947492339493
18.87	0.4928261159529946
18.88	0.49617354001224556
18.89	0.5007121344063783
18.9	0.49414988399415466
18.91	0.5024829910195148
18.92	0.49070408303746066
18.93	0.511414062076659
18.94	0.6349686900185
18.95	0.5092011129957753
18.96	0.5046891460806789
18.97	0.5147717850116635
18.98	0.4866421304406099
18.99	0.733006594124942
19.0	0.6451090841831748
19.01	0.4981778456021697
19.02	0.4818549035567383
19.03	0.5144231895101485
19.04	0.5008180825414424
19.05	0.49937730058548785
19.06	0.4836653025013376
19.07	0.49980612941542263
19.08	0.4919759614072247
19.09	0.50504673086421
19.1	0.747511198482944
19.11	0.501320230413415
19.12	0.5022002454871862
19.13	0.48901378557248226
19.14	0.5053506144192477
19.15	0.49884254605534345
19.16	0.5041137055120951
19.17	0.5202560469014688
19.18	0.4883092642818403
19.19	0.6096561655803197
19.2	0.4892080935230485
19.21	0.49518786502068707
19.22	0.49756993020578105
19.23	0.6160165614664703
19.24	0.5134686458209822
19.25	0.7504686520732076
19.26	0.4994028779371933
19.27	0.49597591369864213
19.28	0.5067080507699605
19.29	0.6270750428601988
19.3	0.6264151153447404
19.31	0.5175970662699892
19.32	0.519377040810317
19.33	0.4978849943501586
19.34	0.4873256374509475
19.35	0.5085058805314671
19.36	0.7461176613585812
19.37	0.4958782631473471
19.38	0.4920613370217843
19.39	0.49264110465833905
19.4	0.7490946325406427
19.41	0.6239906481372511
19.42	0.49971199069467526
19.43	0.5106854052675632
19.44	0.6218481298326691
19.45	0.48668279988685775
19.46	0.5010096743220365
19.47	0.6312470628707064
19.48	0.4911584539690556
19.49	0.7371624941281922
19.5	0.48759102165465973
19.51	0.49096063151460334
19.52	0.5061979511455207
19.53	0.4833227202155184
19.54	0.4903080764807462
19.55	0.5106218868364327
19.56	0.5078523916381918
19.57	0.505536652568121
19.58	0.506836176339556
19.59	0.7594496160895358
19.6	0.48049553360189967
19.61	0.6178253923763154
19.62	0.5081069619120415
19.63	0.48883591256513487
19.64	0.5271760854513271
19.65	0.5158626683512533
19.66	0.7534200013115117
19.67	0.7516220122476029
19.68	0.6148118117486769
19.69	0.49453073692364785
19.7	0.7538849111302597
19.71	0.5110743906312382
19.72	0.5113142820659934
19.73	0.6315835720714948
19.74	0.48002798468963653
19.75	0.5190475275538637
19.76	0.4993125831526077
19.77	0.7461338411357675
19.78	0.49236510694612895
19.79	0.49695002374674824
19.8	0.5039835727156533
19.81	0.508145056949001
19.82	0.4960768169755031
19.83	0.6207152042686498
19.84	0.6365982079195601
19.85	0.74759174580177
19.86	0.5156778994936104
19.87	0.6328942538072072
19.88	0.5005054166892842
19.89	0.49714922551566454
19.9	0.763533636599
19.91	0.6377095801798063
19.92	0.5042351941371447
19.93	0.517505682639367
19.94	0.13508972048125933
19.95	0.5038364857941596
19.96	0.49968563280352934
19.97	0.49573017908554806
19.98	0.48352933109055407
19.99	0.5140310801705397
20.0	0.49969101979744107
