10.0	0.26475840887400864
10.01	0.24557237306465723
10.02	0.23672634091161127
10.03	0.2515984376084391
10.04	0.24617434443209862
10.05	0.24226610856148498
10.06	0.2493143313913629
10.07	0.2457265985446617
10.08	0.24736152652414675
10.09	0.22885168331369476
10.1	0.25024844474549324
10.11	0.23910346324160314
10.12	0.228542448431019
10.13	0.23064280546056845
10.14	0.24627861847420662
10.15	0.23871299452607808
10.16	0.2438755877135396
10.17	0.2391560083396304
10.18	0.23303171662799976
10.19	0.23350547906096245
10.2	0.2470066714345588
10.21	0.2360309312664738
10.22	0.23358775441916435
10.23	0.23064754832000803
10.24	0.22809907440768756
10.25	0.24058652057726712
10.26	0.25615633280638683
10.27	0.22885509358875894
10.28	0.21861973667396822
10.29	0.24448031762116823
10.3	0.23257864168370684
10.31	0.2352415065894071
10.32	0.23039038473660078
10.33	0.24622251333103876
10.34	0.24942212489457843
10.35	0.24514934841955396
10.36	0.24416928043217997
10.37	0.2316292272514677
10.38	0.24058596703337468
10.39	0.22854049971977627
10.4	0.22108993939625252
10.41	0.2446441529370524
10.42	0.2263905137328371
10.43	0.23235033049159454
10.44	0.24992793726537257
10.45	0.23430299151803285
10.46	0.2430048977026619
10.47	0.23840728060907512
10.48	0.24124496276618274
10.49	0.2266523727126428
10.5	0.23643626572174184
10.51	0.24059725488112477
10.52	0.22823901682822592
10.53	0.23430734158091562
10.54	0.2391130885284082
10.55	0.22826839357014778
10.56	0.23415185058418758
10.57	0.22386494248529262
10.58	0.23320256251197574
10.59	0.23677377183145337
10.6	0.23191719240536776
10.61	0.22063242749888934
10.62	0.24075051148203244
10.63	0.23456073662938132
10.64	0.24745717593051014
10.65	0.23045879797182833
10.66	0.23563754874522796
10.67	0.2392485315483041
10.68	0.24362291801353148
10.69	0.23865204973160795
10.7	0.22066418072836813
10.71	0.23697616754028836
10.72	0.238450322652885
10.73	0.22870067630958868
10.74	0.2571160242961273
10.75	0.22709466039592083
10.76	0.24043671380376033
10.77	0.23278269892817863
10.78	0.23286788071979075
10.79	0.23120064071924212
10.8	0.23467560719991165
10.81	0.24976338211012872
10.82	0.23620692661311474
10.83	0.2220679217265197
10.84	0.24326852807805885
10.85	0.2399127285364557
10.86	0.22688845824618356
10.87	0.23374028282893433
10.88	0.24294140220030846
10.89	0.2342814435118437
10.9	0.24025401515402925
10.91	0.24523644520022858
10.92	0.2346619062885625
10.93	0.23178903219323427
10.94	0.24540831772338498
10.95	0.23471242003965867
10.96	0.23610280149681434
10.97	0.23041893429168991
10.98	0.2329779779546777
10.99	0.24011068581562228
11.0	0.23993541328552956
11.01	0.2404147066953433
11.02	0.22697894720220121
11.03	0.23784086518376094
11.04	0.256646263769767
11.05	0.24197736926302674
11.06	0.24746008593141605
11.07	0.24662589051702047
11.08	0.2427941956932828
11.09	0.25246140246225013
11.1	0.23362539242675512
11.11	0.23531371884153895
11.12	0.23923894028522338
11.13	0.2268342711791939
11.14	0.224563305195419
11.15	0.24094345578202903
11.16	0.2524680817823442
11.17	0.25374827032995756
11.18	0.22096651715622986
11.19	0.2461244053263645
11.2	0.2388190549873604
11.21	0.23906994888093364
11.22	0.22765151325333668
11.23	0.2319401050509842
11.24	0.218059089991728
11.25	0.23979011703636788
11.26	0.24931812142020013
11.27	0.2415292476237422
11.28	0.2407964597428068
11.29	0.2380259514036863
11.3	0.21613735128533998
11.31	0.24203905441841062
11.32	0.24479235741442135
11.33	0.23784637290111793
11.34	0.23756081231660078
11.35	0.24001120105163778
11.36	0.22951574328203134
11.37	0.25199737121694976
11.38	0.22736706213535257
11.39	0.23551850180822806
11.4	0.23199110516487056
11.41	0.23763060966757796
11.42	0.2316448797427476
11.43	0.2508770799902284
11.44	0.24802476051768324
11.45	0.25698568062829247
11.46	0.23395947722396396
11.47	0.23190981167660676
11.48	0.24834330270911809
11.49	0.2237500673473839
11.5	0.24948750529869937
11.51	0.23332165764884655
11.52	0.24038819485399046
11.53	0.23987763157290806
11.54	0.25078219990974127
11.55	0.2516586827456823
11.56	0.2509859180962815
11.57	0.24155745714010413
11.58	0.2512393360915628
11.59	0.23953902804375052
11.6	0.2361083784471166
11.61	0.21716349155772385
11.62	0.24053414168874365
11.63	0.23972305571330013
11.64	0.25387396384069616
11.65	0.2316629294608175
11.66	0.23415169815961334
11.67	0.24258210054094873
11.68	0.24066957696885094
11.69	0.24080368132962987
11.7	0.2678412652597688
11.71	0.26013209357299993
11.72	0.22484019756245147
11.73	0.24851075149058152
11.74	0.24795468835566878
11.75	0.2381967482370389
11.76	0.2576706069357919
11.77	0.24160038780832765
11.78	0.23590232624919952
11.79	0.24831346828961612
11.8	0.23448483711575507
11.81	0.2301717618004174
11.82	0.24479008537443217
11.83	0.23984841322821115
11.84	0.2324092935172952
11.85	0.25767921662197235
11.86	0.24715824213924706
11.87	0.2465310668618329
11.88	0.24315528448615642
11.89	0.2424692364192172
11.9	0.24465078164341214
11.91	0.2471235395150396
11.92	0.24056929481935482
11.93	0.232548488833194
11.94	0.2473360766531924
11.95	0.2509257570403491
11.96	0.22972552335249252
11.97	0.24088235687651768
11.98	0.24083030071416894
11.99	0.245782652100333
12.0	0.25974499452439903
12.01	0.23193720336319426
12.02	0.24159235561527137
12.03	0.24072035534158231
12.04	0.23772953214476097
12.05	0.22127322078008108
12.06	0.2371658361045844
12.07	0.23453849790224324
12.08	0.2326632986687544
12.09	0.23402768438977617
12.1	0.24561961399705953
12.11	0.24282103891894732
12.12	0.23087955567085092
12.13	0.23206331354817972
12.14	0.23591310934636336
12.15	0.21875894379122468
12.16	0.24518429931036737
12.17	0.252131881406867
12.18	0.2272514857147633
12.19	0.2370402202926702
12.2	0.21325451379240654
12.21	0.23235212392702828
12.22	0.23257110044316284
12.23	0.2351671938234835
12.24	0.24047862390991873
12.25	0.24231199885588398
12.26	0.2510112670200896
12.27	0.25301283898272586
12.28	0.24319283515315165
12.29	0.24965570681534904
12.3	0.23391051767471063
12.31	0.254997277997908
12.32	0.23300323282060295
12.33	0.22827311839012812
12.34	0.24105172431170482
12.35	0.21871402896105796
12.36	0.25864922958056014
12.37	0.24470510055682518
12.38	0.24753422621098436
12.39	0.2573345907448639
12.4	0.2383475460401488
12.41	0.24264018133002932
12.42	0.22976695401111646
12.43	0.25617547334408797
12.44	0.24106909805141452
12.45	0.2524477600433064
12.46	0.2371207189301652
12.47	0.23705925461641864
12.48	0.22215688562890748
12.49	0.22953008189648774
12.5	0.24001326444312146
12.51	0.22191990373850842
12.52	0.2519878128782567
12.53	0.2330241629007604
12.54	0.2398871423181661
12.55	0.24568287008574946
12.56	0.25138270847700445
12.57	0.2506882447111207
12.58	0.2530277734635527
12.59	0.22830331503239681
12.6	0.24410646952437676
12.61	0.24826685164849874
12.62	0.2474040988053082
12.63	0.2427231728303344
12.64	0.24490227037114923
12.65	0.2529443732506543
12.66	0.2456249278947679
12.67	0.23857601840760526
12.68	0.2536403027854739
12.69	0.2503531937841226
12.7	0.23609798980872795
12.71	0.24618828033013204
12.72	0.25313821278450016
12.73	0.24873333006082357
12.74	0.24356035193652306
12.75	0.2504478240034412
12.76	0.2322103889499048
12.77	0.24103193364029862
12.78	0.24786524102863433
12.79	0.24651672303819214
12.8	0.23704479043849921
12.81	0.2286776667587422
12.82	0.26615282627506315
12.83	0.24836802422798715
12.84	0.22888119377324515
12.85	0.24266202282384697
12.86	0.2480964725292635
12.87	0.2539078256915936
12.88	0.2514735731454163
12.89	0.27126830307994043
12.9	0.22186860496235652
12.91	0.24663256488023197
12.92	0.24243946076582285
12.93	0.24424773542999598
12.94	0.24765786324085562
12.95	0.23373821178889487
12.96	0.2546383768660112
12.97	0.25191212922714684
12.98	0.2641030040154999
12.99	0.2535843773947729
13.0	0.24544707566098634
13.01	0.24512486142371973
13.02	0.2488514663830411
13.03	0.25072674306357706
13.04	0.23680415460428136
13.05	0.24224109001521446
13.06	0.22261452783722127
13.07	0.24505188131164327
13.08	0.23847221850215566
13.09	0.23310546832077356
13.1	0.23006955461724068
13.11	0.26281623306703916
13.12	0.2366812375399894
13.13	0.24135877567014397
13.14	0.2450987460962285
13.15	0.24361269244794811
13.16	0.24214538886023962
13.17	0.24648713159305316
13.18	0.24522423304109725
13.19	0.25103364423770586
13.2	0.2443482895548589
13.21	0.23711940907977352
13.22	0.23287021838469327
13.23	0.2398591359810194
13.24	0.254503281403181
13.25	0.24518954577405744
13.26	0.24520968694884113
13.27	0.25741027278084017
13.28	0.24815395695390496
13.29	0.2575283083266466
13.3	0.23958687538271356
13.31	0.23326662007311452
13.32	0.23378392669816025
13.33	0.253244662626504
13.34	0.23757432037261655
13.35	0.2342100561040743
13.36	0.2584404712066375
13.37	0.2349838631543653
13.38	0.22648770385518724
13.39	0.24269153695075532
13.4	0.2473506481752046
13.41	0.2502680087493923
13.42	0.23140487690096107
13.43	0.24629862881237713
13.44	0.2415364654918714
13.45	0.24893370948527188
13.46	0.23107332333281355
13.47	0.24947304258056355
13.48	0.24866347433081037
13.49	0.24827786466571383
13.5	0.2512796589135853
13.51	0.25268628161838197
13.52	0.2341670703032258
13.53	0.23896667917461734
13.54	0.22262959875201604
13.55	0.23812088047682767
13.56	0.24516860035688498
13.57	0.24633567780780855
13.58	0.24489480838090905
13.59	0.2393667278244718
13.6	0.21560556121222596
13.61	0.2563570508334927
13.62	0.2597361630972441
13.63	0.2327917376461239
13.64	0.2535892672488812
13.65	0.24011976632141194
13.66	0.22139422716584112
13.67	0.25378472390524626
13.68	0.24220855275809527
13.69	0.25113278668443245
13.7	0.2473008915820997
13.71	0.23856184476916062
13.72	0.23470068492497675
13.73	0.23646808918565237
13.74	0.2420500956250573
13.75	0.25015751187618473
13.76	0.2376108992144591
13.77	0.2217387988689986
13.78	0.23653504069507664
13.79	0.2570812688996423
13.8	0.2307049806923636
13.81	0.23867772591961486
13.82	0.24019878253854596
13.83	0.2445156182802414
13.84	0.2598581048733761
13.85	0.24759409883106082
13.86	0.25113167081812166
13.87	0.23287949615909623
13.88	0.23964248248265366
13.89	0.24205602378459057
13.9	0.236233415556067
13.91	0.25947812834063644
13.92	0.25587626513209055
13.93	0.24458564513943332
13.94	0.24703981086368204
13.95	0.2450107868718269
13.96	0.24631266179303743
13.97	0.2488001147746363
13.98	0.24337663305959956
13.99	0.2614001611254123
14.0	0.22761436611689578
14.01	0.21653327553568857
14.02	0.22604110594237048
14.03	0.22950438033812703
14.04	0.2387421175460748
14.05	0.23344862550241438
14.06	0.24164028795387538
14.07	0.21914822073041415
14.08	0.24539616255768376
14.09	0.23598905268709777
14.1	0.25996096820559056
14.11	0.22422478196493847
14.12	0.2345912875051013
14.13	0.24325596649706255
14.14	0.23535295891419347
14.15	0.24484170782387324
14.16	0.24433526537641634
14.17	0.24097545151052222
14.18	0.236059504283891
14.19	0.24570518476815484
14.2	0.25154509285667287
14.21	0.2501438423656761
14.22	0.23048226237135888
14.23	0.2414545591157422
14.24	0.22541916991974376
14.25	0.23987257238750245
14.26	0.2530488768215576
14.27	0.2574178097214735
14.28	0.22545425720263054
14.29	0.2350424165270717
14.3	0.23552539388989124
14.31	0.23475887669805018
14.32	0.24034396381213752
14.33	0.25041796111475434
14.34	0.24631658024455147
14.35	0.23718195311040344
14.36	0.23412085789775874
14.37	0.22238109193159117
14.38	0.2284660270355594
14.39	0.24827552185094337
14.4	0.24679626189254725
14.41	0.23817352349953333
14.42	0.2212278446962457
14.43	0.255718427393979
14.44	0.24284139407955369
14.45	0.24156414518678357
14.46	0.24916944606295138
14.47	0.2547322781373147
14.48	0.22723949624728326
14.49	0.21680777278532684
14.5	0.23829550808698025
14.51	0.2423323354891258
14.52	0.2263209635803145
14.53	0.23711690265843133
14.54	0.23301089936645228
14.55	0.2259816201283977
14.56	0.2522960960511485
14.57	0.24335496895466058
14.58	0.24098082783835145
14.59	0.23590275830612267
14.6	0.22076553511342561
14.61	0.2531827321948929
14.62	0.22765750227567397
14.63	0.2405373412202667
14.64	0.24065411149617183
14.65	0.2491075389535965
14.66	0.2074176084417655
14.67	0.22608706268380796
14.68	0.23922432543739702
14.69	0.23910700876043967
14.7	0.24264916964443392
14.71	0.2520834764718713
14.72	0.24389848094841104
14.73	0.2443060915102414
14.74	0.24053167464824612
14.75	0.24221829851636142
14.76	0.24827939281058015
14.77	0.24487221992289304
14.78	0.2544865630287201
14.79	0.24215685411286705
14.8	0.2441128570763453
14.81	0.2456123722768572
14.82	0.2435737123519938
14.83	0.2506229036103967
14.84	0.23792112829897813
14.85	0.2517818973288997
14.86	0.2492090042768878
14.87	0.24663313740886056
14.88	0.2744887927954309
14.89	0.2361200156402872
14.9	0.24434364201147243
14.91	0.24273442084226513
14.92	0.22576679273101424
14.93	0.24890980153013942
14.94	0.2386990653257097
14.95	0.23604201381290102
14.96	0.24637388461104043
14.97	0.2342860185074446
14.98	0.2556039932780704
14.99	0.24432406279269905
15.0	0.25072578860537653
15.01	0.24985641950425072
15.02	0.22009218055024712
15.03	0.2302505339670829
15.04	0.2670388184154771
15.05	0.22589621098493587
15.06	0.24392502654685302
15.07	0.2350596720465315
15.08	0.24629233405692086
15.09	0.22668777752736588
15.1	0.23732992722101307
15.11	0.24296568409371544
15.12	0.2358731867620491
15.13	0.22325401348227214
15.14	0.2370705468893911
15.15	0.2431020831386585
15.16	0.25037356874812994
15.17	0.24089539443444383
15.18	0.2394069512353763
15.19	0.24124702138828866
15.2	0.2318810836106358
15.21	0.25126687827998356
15.22	0.23027862278281575
15.23	0.22155535893236122
15.24	0.2316265799780951
15.25	0.25161779474705626
15.26	0.24135494922654843
15.27	0.22904285207560715
15.28	0.23484689908625558
15.29	0.2225606202835818
15.3	0.22994731326760895
15.31	0.24000401093053672
15.32	0.2366151719804653
15.33	0.23723560523288628
15.34	0.23646213150234893
15.35	0.25720328857792885
15.36	0.23039059603720666
15.37	0.24526588819735048
15.38	0.2235415876993801
15.39	0.24944920416319408
15.4	0.2480892977285644
15.41	0.23161608054727362
15.42	0.24857125407857006
15.43	0.2308279466974753
15.44	0.2220988643832073
15.45	0.23782714335258753
15.46	0.23032858800776557
15.47	0.23877912924244396
15.48	0.23029512678926695
15.49	0.23151894895911232
15.5	0.2169805343459455
15.51	0.24722465894296652
15.52	0.22956411952551709
15.53	0.2330957696024961
15.54	0.24068280600958689
15.55	0.24761886254618948
15.56	0.2283146130459182
15.57	0.2483637404654247
15.58	0.24080299060879023
15.59	0.23912735361973997
15.6	0.2512269892691354
15.61	0.2552331560685562
15.62	0.2364781020049362
15.63	0.2381220712671931
15.64	0.222862270238026
15.65	0.2360895035100033
15.66	0.23738523282807975
15.67	0.2468063900531286
15.68	0.25120763787994105
15.69	0.2431464213242407
15.7	0.23717992553764056
15.71	0.21586028092138015
15.72	0.25688781227394225
15.73	0.237350644435339
15.74	0.23376044599208973
15.75	0.2270633492506414
15.76	0.24216172562691896
15.77	0.2515293126452982
15.78	0.2516516074876262
15.79	0.22170990254300388
15.8	0.24231350872628682
15.81	0.2285135815331391
15.82	0.21989909048101783
15.83	0.24528589870947307
15.84	0.24346277310427178
15.85	0.2481338755813722
15.86	0.23047423887712992
15.87	0.2531782700450737
15.88	0.23820804367719164
15.89	0.23078599790249038
15.9	0.23318010202727515
15.91	0.2533311808015674
15.92	0.23872967894563327
15.93	0.23378454493864165
15.94	0.24210297080252463
15.95	0.24362182068033245
15.96	0.25893284940723627
15.97	0.23664979895549682
15.98	0.23462616060337974
15.99	0.2550032215694675
16.0	0.23587871730305607
16.01	0.244095621774305
16.02	0.2464229203481025
16.03	0.2520387529237257
16.04	0.25268554974242685
16.05	0.24229068580114263
16.06	0.2423340657610025
16.07	0.24106744808676023
16.08	0.24235678701020766
16.09	0.2387666452302043
16.1	0.24040200087752578
16.11	0.23628187686879654
16.12	0.24439002695840184
16.13	0.23304985223449862
16.14	0.23881511803092775
16.15	0.22721683976359225
16.16	0.24217547575522644
16.17	0.2490191462513478
16.18	0.23379385727989327
16.19	0.22780671859094245
16.2	0.2596191787603963
16.21	0.21216042716723138
16.22	0.22350759716595178
16.23	0.2399962673360878
16.24	0.2247459618309568
16.25	0.23566881080178997
16.26	0.23273302952216843
16.27	0.23792891487844184
16.28	0.23610795532806025
16.29	0.2353898896918173
16.3	0.24863333573865576
16.31	0.24191022105698073
16.32	0.23809216536866895
16.33	0.2431510968759961
16.34	0.23278921183961138
16.35	0.2354467849120294
16.36	0.24196369644355598
16.37	0.2523918152138216
16.38	0.22031116282403623
16.39	0.245711964445799
16.4	0.22921903319379938
16.41	0.24919448791156154
16.42	0.24092089106862943
16.43	0.2477761729509423
16.44	0.2559520133120172
16.45	0.2483185201897264
16.46	0.23526864967088446
16.47	0.23629350153870463
16.48	0.2344629729717531
16.49	0.2549992019365827
16.5	0.24471817649557617
16.51	0.22140351095515423
16.52	0.2381523940600989
16.53	0.2416982441042545
16.54	0.242849163370218
16.55	0.24004402683537085
16.56	0.2433114079507505
16.57	0.24053993306541696
16.58	0.24650300202887349
16.59	0.23647367180283455
16.6	0.23141401799531702
16.61	0.24087038308480263
16.62	0.24471180910375057
16.63	0.22989354158224135
16.64	0.23230635263108032
16.65	0.25520992647411905
16.66	0.25101508071427253
16.67	0.24074218326726232
16.68	0.2258896166404905
16.69	0.22755738159628136
16.7	0.23630869505472904
16.71	0.24906071117527342
16.72	0.25587384418311765
16.73	0.24993878736619596
16.74	0.22764187842347658
16.75	0.24346660828783956
16.76	0.22765618940720178
16.77	0.24494211436111374
16.78	0.2209920651514886
16.79	0.22824133169682154
16.8	0.22174102181320174
16.81	0.23135061140709917
16.82	0.2362407068859079
16.83	0.23974586429985204
16.84	0.23600664909368346
16.85	0.2327614315503241
16.86	0.23283532998388157
16.87	0.23420790332694577
16.88	0.25117768674188656
16.89	0.23997347513434242
16.9	0.23101205603440667
16.91	0.21350174293320068
16.92	0.2464741188190001
16.93	0.24179368215851432
16.94	0.24625341313796836
16.95	0.23936500220744727
16.96	0.22664623372166248
16.97	0.2611173081368323
16.98	0.2478961556613127
16.99	0.2411557871309283
17.0	0.23081063225308346
17.01	0.24754675041972554
17.02	0.25267475735297024
17.03	0.250901053239997
17.04	0.2462196562573319
17.05	0.22901896612354528
17.06	0.22495403928634414
17.07	0.22221798263112133
17.08	0.24871284905053745
17.09	0.24570772966466223
17.1	0.2611497263727522
17.11	0.24248390376119902
17.12	0.23401755619193995
17.13	0.24054934890305268
17.14	0.24209245574252078
17.15	0.24865095604412055
17.16	0.2333934504489723
17.17	0.23978762225874461
17.18	0.24888525297110703
17.19	0.254901341385852
17.2	0.23203344172920873
17.21	0.2466588043821429
17.22	0.25124220259027036
17.23	0.2324531942261314
17.24	0.23335914793204057
17.25	0.23723925596322928
17.26	0.2519924571956461
17.27	0.23002408889504075
17.28	0.241750749769393
17.29	0.24998781407840806
17.3	0.26219520071698893
17.31	0.23507195624349114
17.32	0.23014181534166217
17.33	0.24075130169819592
17.34	0.24571909682188822
17.35	0.23571049628416216
17.36	0.22990555371435678
17.37	0.23241766873815128
17.38	0.2506437648085236
17.39	0.24475573565210312
17.4	0.23465345711014046
17.41	0.23471321378262958
17.42	0.24664365881983394
17.43	0.24205738326453108
17.44	0.2310970913547628
17.45	0.2465459153716447
17.46	0.266045319589281
17.47	0.25016140506168816
17.48	0.2407325247786618
17.49	0.24842186554918155
17.5	0.2379530286376492
17.51	0.2516613973030653
17.52	0.24418370476723586
17.53	0.2482884533960558
17.54	0.23412215525071267
17.55	0.2375005943067616
17.56	0.23141258421961478
17.57	0.23086439492159713
17.58	0.22406469650283922
17.59	0.24723411973806575
17.6	0.2247989431403764
17.61	0.26800105808295543
17.62	0.24945409608426033
17.63	0.25065163989591216
17.64	0.25480633056600777
17.65	0.22992776885749713
17.66	0.24737989719429343
17.67	0.26174170925788875
17.68	0.243520793673355
17.69	0.23247838498322265
17.7	0.24150263595832175
17.71	0.23686025092362398
17.72	0.22934068035334576
17.73	0.237619842472133
17.74	0.25310407510682226
17.75	0.25695585112046865
17.76	0.25117597983272516
17.77	0.2399386901853929
17.78	0.25004637190972473
17.79	0.2319719655434035
17.8	0.23122653799601917
17.81	0.23003964284248826
17.82	0.2459595099318876
17.83	0.22678138318206653
17.84	0.2347061078627695
17.85	0.2394354184131722
17.86	0.2529898065038462
17.87	0.2586468393078126
17.88	0.2543529279700304
17.89	0.2506720632283541
17.9	0.2540575412570962
17.91	0.2340709344571944
17.92	0.23392986482775457
17.93	0.24317707404997324
17.94	0.2595008615836416
17.95	0.2354227007013807
17.96	0.24320045327203357
17.97	0.2533450935660709
17.98	0.23702823319153166
17.99	0.2331163938142512
18.0	0.2317849519263963
18.01	0.25372325829076675
18.02	0.24557574533825266
18.03	0.2384167941350023
18.04	0.24591557241817166
18.05	0.2546259528447536
18.06	0.25344972126819887
18.07	0.24735840854155255
18.08	0.23762642073151735
18.09	0.2432468567280229
18.1	0.24751131841144797
18.11	0.2370236350098407
18.12	0.24678566267634158
18.13	0.23401565558495482
18.14	0.24391271709173915
18.15	0.2618087275273488
18.16	0.2490422431399724
18.17	0.26447751854062823
18.18	0.2628635135890038
18.19	0.24881229571904598
18.2	0.24643154137306517
18.21	0.2501654094626757
18.22	0.23371722011205065
18.23	0.25985405575228476
18.24	0.24099930313836004
18.25	0.23928363219581386
18.26	0.26254482915546157
18.27	0.2470399806607373
18.28	0.24880130795992672
18.29	0.2375308929045203
18.3	0.24501722494143494
18.31	0.24106396580938846
18.32	0.24450479760769864
18.33	0.2450349449552636
18.34	0.2544508377470221
18.35	0.23816665299759843
18.36	0.22572186808085395
18.37	0.2374489603429106
18.38	0.2548380992282944
18.39	0.25786221067673515
18.4	0.25517838738078535
18.41	0.2377646839710423
18.42	0.2605921528922918
18.43	0.25077165608596436
18.44	0.2519893991396682
18.45	0.2633272057284675
18.46	0.24430045708160772
18.47	0.2367796082192484
18.48	0.2562762400992341
18.49	0.22319189991868682
18.5	0.24903623158925778
18.51	0.2534549577927969
18.52	0.24024546357200666
18.53	0.2618835643036663
18.54	0.23136720526892782
18.55	0.22627139445863442
18.56	0.23001209001742265
18.57	0.24100169408828948
18.58	0.23447074196046433
18.59	0.2278951782717059
18.6	0.26147704285933576
18.61	0.24927658262164537
18.62	0.24447385291111956
18.63	0.24514762169806592
18.64	0.25965433202727034
18.65	0.24089305547165765
18.66	0.24878460597355223
18.67	0.24580054231329068
18.68	0.25293458334468144
18.69	0.2446453895294281
18.7	0.2406293375124405
18.71	0.22847894430869214
18.72	0.22627329856331788
18.73	0.24129826125966022
18.74	0.24486283733184747
18.75	0.2534658291441041
18.76	0.2403496689140797
18.77	0.24430463136341699
18.78	0.25795713569156514
18.79	0.2349713952895107
18.8	0.23205514028891336
18.81	0.25323452434228244
18.82	0.2339735483034569
18.83	0.2614722996489869
18.84	0.24254671615841328
18.85	0.24882935400983286
18.86	0.22987175513242825
18.87	0.24405306679413807
18.88	0.24909313640571956
18.89	0.23224189467877443
18.9	0.23498957568934922
18.91	0.2417440375873283
18.92	0.22504344203717938
18.93	0.2492749852683684
18.94	0.24727454117803085
18.95	0.22879279624606016
18.96	0.23240045939540527
18.97	0.2408715878440907
18.98	0.2502600539930758
18.99	0.24397981750890804
19.0	0.2305713021397861
19.01	0.2592020707802242
19.02	0.24718826793004997
19.03	0.23158992190607655
19.04	0.22665394213805207
19.05	0.2258004508261466
19.06	0.2406670365530294
19.07	0.23439006831211717
19.08	0.23132395430975997
19.09	0.2514245623085515
19.1	0.25246348867265894
19.11	0.2440063568210067
19.12	0.25435367972913214
19.13	0.24032911959396008
19.14	0.24979747151818976
19.15	0.2520958772663579
19.16	0.23820946315308747
19.17	0.2514488369834828
19.18	0.24802986276199648
19.19	0.23650730396870573
19.2	0.24738264766689624
19.21	0.23639629707288942
19.22	0.23308698490980068
19.23	0.2468574785160401
19.24	0.2306906650183217
19.25	0.2437360684750783
19.26	0.24675814265933146
19.27	0.24016051240011846
19.28	0.2514833738341891
19.29	0.22335976542924657
19.3	0.2381399560479657
19.31	0.2551477698351423
19.32	0.24457451376921555
19.33	0.25472531079896654
19.34	0.24129194408593702
19.35	0.2471072288514903
19.36	0.24490385107385904
19.37	0.23577123753485246
19.38	0.25127771316244635
19.39	0.24298464897052258
19.4	0.2563906139970593
19.41	0.24182306191500325
19.42	0.238957772711659
19.43	0.23393673520123745
19.44	0.23149359147590948
19.45	0.22966646325563472
19.46	0.23367119009554524
19.47	0.24059904345353805
19.48	0.2481066779233243
19.49	0.25070646882724623
19.5	0.24303805673543052
19.51	0.23225509129370142
19.52	0.24178950727937418
19.53	0.2431602471854254
19.54	0.2608849491985459
19.55	0.24446797315085186
19.56	0.25058155492447187
19.57	0.23438722723202818
19.58	0.2388458860588625
19.59	0.24357448235385223
19.6	0.24339552641098122
19.61	0.2493018044544525
19.62	0.22645096983048046
19.63	0.25309772818600385
19.64	0.24190092868149404
19.65	0.22376618461566614
19.66	0.23755933132736268
19.67	0.2587170139790525
19.68	0.2317743680578985
19.69	0.23156766967330578
19.7	0.24770582463319554
19.71	0.24369324958399718
19.72	0.22342288097751573
19.73	0.23813068714386376
19.74	0.22998928012390885
19.75	0.2361125633902438
19.76	0.25610683412124163
19.77	0.2715374562993476
19.78	0.25226345313106685
19.79	0.25078895193021367
19.8	0.24389410420415691
19.81	0.24537032881630855
19.82	0.24208344004708632
19.83	0.22965964753774243
19.84	0.23974625814341483
19.85	0.23717175487607575
19.86	0.2649660815211978
19.87	0.24431946948988756
19.88	0.24364393776678792
19.89	0.26382738677978723
19.9	0.2456833730617323
19.91	0.24879091992766206
19.92	0.23189663490830514
19.93	0.2561803886298337
19.94	0.24220439429049323
19.95	0.21818776806609366
19.96	0.24355353988965323
19.97	0.22562499699686844
19.98	0.24588795917192532
19.99	0.22212774782290656
20.0	0.2470308170212266
20.01	0.24385398981590356
20.02	0.24098391408554026
20.03	0.24490675079815738
20.04	0.2449535825849229
20.05	0.25131032496626526
20.06	0.23984402620678794
20.07	0.23922376084969887
20.08	0.24440118515475773
20.09	0.24538995892139526
20.1	0.25201012901441205
20.11	0.23093961014891506
20.12	0.22779517801659657
20.13	0.24981033395015909
20.14	0.24293997854460747
20.15	0.2458403248962807
20.16	0.23619777503736725
20.17	0.23964536757884822
20.18	0.2340556089964846
20.19	0.255352934392528
20.2	0.23092620719206916
20.21	0.23890839269835937
20.22	0.2482175855512783
20.23	0.22287181479766277
20.24	0.2486714908017102
20.25	0.22824666449671002
20.26	0.2461837638715081
20.27	0.23973145775091179
20.28	0.24714463863050576
20.29	0.23734614829273382
20.3	0.24232301994031036
20.31	0.2362089169692911
20.32	0.24883849002675137
20.33	0.2317019356070932
20.34	0.2394153952793956
20.35	0.24128855981798125
20.36	0.22889105113165656
20.37	0.23818804133371363
20.38	0.23872859838732577
20.39	0.22700554123373948
20.4	0.23267504960632257
20.41	0.231006821486992
20.42	0.23692635735018572
20.43	0.22115794821055715
20.44	0.22773101700143314
20.45	0.21347940762555648
20.46	0.2534300475287007
20.47	0.2351155975371863
20.48	0.23899289391056291
20.49	0.22953048560842462
20.5	0.2420874016672862
20.51	0.2262155394130507
20.52	0.21286870204754715
20.53	0.22738787850345404
20.54	0.2362202244751427
20.55	0.2324966901399663
20.56	0.23362536309979548
20.57	0.25064263614672055
20.58	0.2166566804000777
20.59	0.23367069394538117
20.6	0.23428004102091335
20.61	0.24985824999926493
20.62	0.23167247509570937
20.63	0.24879386290040217
20.64	0.2257202154259382
20.65	0.25444224452523534
20.66	0.23329227353575302
20.67	0.2422267835233141
20.68	0.22943802920868678
20.69	0.24487661620312837
20.7	0.2524582411859391
20.71	0.22689668144983804
20.72	0.2430735140938719
20.73	0.24321541766715196
20.74	0.2551833621344123
20.75	0.20804575353168925
20.76	0.2359209615633001
20.77	0.24859410876949806
20.78	0.23280597746550363
20.79	0.2543990697763788
20.8	0.23576919531091667
20.81	0.23284934948052477
20.82	0.25270567429609775
20.83	0.23130886441035883
20.84	0.23025575860730396
20.85	0.22528974169175486
20.86	0.23098489643568532
20.87	0.2286719002870367
20.88	0.2426253308773671
20.89	0.22949427290032945
20.9	0.22002494802516648
20.91	0.23744502961071123
20.92	0.24102227440565852
20.93	0.25267093026802545
20.94	0.23191668620115002
20.95	0.2352592593909321
20.96	0.2323367824743535
20.97	0.22982862762478598
20.98	0.24968553449226905
20.99	0.23684816495308106
21.0	0.23563957015047096
21.01	0.22636199526200407
21.02	0.2458322367054563
21.03	0.23321116793271388
21.04	0.2383616624243656
21.05	0.23689096532594298
21.06	0.247870896558388
21.07	0.22305485564563587
21.08	0.23173901401391703
21.09	0.23713138303086237
21.1	0.22995414544895945
21.11	0.24012819852822437
21.12	0.24292718229450985
21.13	0.23417568333282757
21.14	0.24342347923566654
21.15	0.25734460112532787
21.16	0.22619669145512042
21.17	0.22921781449084783
21.18	0.21703688826087153
21.19	0.2331321662203942
21.2	0.23177317447492446
21.21	0.23460976960342173
21.22	0.22274065571045149
21.23	0.2421085929480451
21.24	0.23186711232181778
21.25	0.22202226824451987
21.26	0.24399119948719997
21.27	0.23510020969191847
21.28	0.24789880440219716
21.29	0.23307144235456095
21.3	0.24434054225786225
21.31	0.23338899625944493
21.32	0.23812632274534085
21.33	0.24575997676519606
21.34	0.21919032503359892
21.35	0.23153829934603587
21.36	0.2521927799364684
21.37	0.23470705735227254
21.38	0.23592824254679529
21.39	0.22814999310079762
21.4	0.24839120359098724
21.41	0.2535612354492859
21.42	0.24557838876229468
21.43	0.23460855653554752
21.44	0.2260721972009709
21.45	0.24243903441883682
21.46	0.2315881985303365
21.47	0.24025744073619573
21.48	0.2350129594689017
21.49	0.24010263506623108
21.5	0.2454506969794501
21.51	0.24099728971518689
21.52	0.2334872041852343
21.53	0.23239454084842467
21.54	0.23370920649718324
21.55	0.2615467136328666
21.56	0.2482058409532051
21.57	0.23786376900168152
21.58	0.21857772567195133
21.59	0.23035396059675858
21.6	0.23060152537332537
21.61	0.242861492324141
21.62	0.2472754477291588
21.63	0.24443302413545503
21.64	0.2288840387556881
21.65	0.23018227140750552
21.66	0.24670815836440393
21.67	0.23573877835003898
21.68	0.21841997698702753
21.69	0.23870078291864028
21.7	0.23318073501806183
21.71	0.24707585794097808
21.72	0.2359271022195065
21.73	0.22514363745417618
21.74	0.23950592635337278
21.75	0.22906408974357054
21.76	0.24744292402105814
21.77	0.2625952180008066
21.78	0.26074211788100643
21.79	0.2228410514879603
21.8	0.23545481968614465
21.81	0.25590293969445205
21.82	0.24500035927588448
21.83	0.24418507574847598
21.84	0.23639758787303294
21.85	0.2419659492687361
21.86	0.2506506250193692
21.87	0.24734198638662885
21.88	0.2313996764926246
21.89	0.24355180337687518
21.9	0.22955149659253204
21.91	0.2473821832841333
21.92	0.2233040628860078
21.93	0.22478856684405105
21.94	0.23897944287225345
21.95	0.2476190695369629
21.96	0.2435403567208564
21.97	0.2552586241118357
21.98	0.2274329473989175
21.99	0.2525179826115115
22.0	0.23688433802687497
