10.01	5.098715658873349
10.02	5.106474283890059
10.03	4.912036649493109
10.04	4.734334618197992
10.05	3.732273517586004
10.06	3.725213122553947
10.07	3.72832200987577
10.08	3.5281994887872066
10.09	3.1275622341538547
10.1	2.9388057327671318
10.11	2.7440707711374706
10.12	2.3599209074939673
10.13	2.3407214528031868
10.14	2.358150432836684
10.15	2.3489848994026534
10.16	1.9608136424801406
10.17	1.5795559400731465
10.18	1.5910469252327593
10.19	1.374206531753736
10.2	1.1705479771813987
10.21	1.1936990731131407
10.22	0.5937800216463166
10.23	0.9680684409235191
10.24	0.7802811309583735
10.25	0.5762291820491243
10.26	0.5999899533939104
10.27	0.5830967051242222
10.28	0.5902085576426263
10.29	0.5749170760966533
10.3	0.5968973256321433
10.31	0.5964024264183712
10.32	0.5731864957306804
10.33	1.3772342682108085
10.34	0.5975349967699967
10.35	1.5952050045500497
10.36	1.593143466778572
10.37	1.9753613735287638
10.38	1.772375249240769
10.39	2.346884810385685
10.4	2.353713311118468
10.41	2.5674495400981683
10.42	3.1655955845015553
10.43	3.1565554981151105
10.44	3.345303334194095
10.45	3.7133975408726925
10.46	4.324371634025949
10.47	4.328351543012306
10.48	4.915676058070228
10.49	5.10445537773742
10.5	5.697836274189996
10.51	6.275242327487865
10.52	6.485427847083529
10.53	6.671427982073391
10.54	6.875903258592729
10.55	7.855847512491901
10.56	8.048944836199013
10.57	8.64019102362545
10.58	9.026583903229511
10.59	9.440336032269038
10.6	10.034362658683358
10.61	10.606340594263132
10.62	11.18537040141889
10.63	11.579478869063713
10.64	11.794453145671218
10.65	12.558567918190027
10.66	12.765758620419275
10.67	12.960078059836881
10.68	13.17105235831941
10.69	14.140283454509074
10.7	14.729947820811377
10.71	15.12146598309304
10.72	15.320422026542953
10.73	15.731911361361947
10.74	15.903030994815442
10.75	16.3065268124692
10.76	16.303877643968963
10.77	17.273153582523857
10.78	17.479770453369714
10.79	17.874368518798505
10.8	18.06896670204577
10.81	18.85175215971624
10.82	18.66199528397457
10.83	19.060168782364848
10.84	19.062435533758798
10.85	19.450645597413615
10.86	19.455100588841734
10.87	20.035363119385465
10.88	20.046732902405846
10.89	20.24927591649931
10.9	20.219355241500004
10.91	20.615516007474923
10.92	20.612214209918214
10.93	20.821932513519606
10.94	21.217741196815172
10.95	21.225682171852313
10.96	21.409105465642217
10.97	21.2065169483353
10.98	21.02908979703484
10.99	21.19940476983644
11.0	21.229041743665245
11.01	21.214090744235524
11.02	20.82411495412086
11.03	20.824399941939912
11.04	20.64174152068582
11.05	20.44268719822651
11.06	20.422916443751035
11.07	20.03257113759586
11.08	20.445851273324138
11.09	19.849151467188427
11.1	19.43788833416673
11.11	19.438215965786252
11.12	19.25918735682956
11.13	19.24973323916605
11.14	18.86039338830409
11.15	18.66939895244562
11.16	18.087731892603696
11.17	17.876037392028582
11.18	17.67714229292893
11.19	17.300468856250358
11.2	16.684650367262613
11.21	16.30416847115132
11.22	16.317600264036805
11.23	15.710997878338352
11.24	15.32616775314302
11.25	14.932577107607871
11.26	14.14858361010491
11.27	14.335184727914942
11.28	13.144516686743644
11.29	13.160639477741952
11.3	12.759799364169584
11.31	12.565576126367414
11.32	11.589294965269877
11.33	11.396263270799032
11.34	11.202403762335551
11.35	10.600782186032834
11.36	9.998162491059428
11.37	9.825791863601815
11.38	9.437986779952594
11.39	8.850779240540612
11.4	8.248824945554055
11.41	8.257848623387641
11.42	7.865082974172322
11.43	6.870653527110544
11.44	6.866321036510343
11.45	6.669149136810708
11.46	6.295239931863971
11.47	6.283543738700845
11.48	5.522083245704284
11.49	5.2958093148658705
11.5	5.09706407108596
11.51	4.712314920576092
11.52	4.327353374092643
11.53	3.7184873853628684
11.54	3.7182076082390787
11.55	3.732710688879332
11.56	3.340862056130967
11.57	3.335969356456201
11.58	3.139536205091045
11.59	3.1368805898887984
11.6	2.9555320137191643
11.61	2.5621329028505686
11.62	2.372036079442584
11.63	2.347394057754277
11.64	2.173296088650322
11.65	1.9710623986873905
11.66	1.9482570509413362
11.67	1.7762318839852143
11.68	1.9662596544415536
11.69	1.751687300903769
11.7	1.7664456709793765
11.71	1.5822603548853509
11.72	1.5566745640769286
11.73	1.5805034391661927
11.74	1.7718763201503853
11.75	1.5446051590165044
11.76	1.966534768889339
11.77	1.763431114378294
11.78	1.983906708364444
11.79	1.9754107344135503
11.8	2.001693694211786
11.81	2.338298366522022
11.82	2.3707398296271105
11.83	2.353782866221212
11.84	2.7295148253230472
11.85	2.9512561498971652
11.86	3.155500954121356
11.87	3.133232386546875
11.88	3.566655800563018
11.89	3.530122841699287
11.9	3.7253813106485736
11.91	3.727480145970753
11.92	3.7341702269639576
11.93	4.7165683179422295
11.94	5.1053559048764505
11.95	5.083416166552498
11.96	5.49729972650549
11.97	5.690100553566179
11.98	5.902690924362192
11.99	6.288565694581214
12.0	6.488250802592731
12.01	6.871543025840666
12.02	7.284478987872917
12.03	7.852552336676346
12.04	8.055286475346353
12.05	8.441935050302158
12.06	8.637608376571812
12.07	9.421954894169547
12.08	9.432235142397058
12.09	9.825904673918277
12.1	10.023293823419017
12.11	10.017567935374165
12.12	10.617680183649092
12.13	11.005284075625084
12.14	11.196056043445166
12.15	11.788749825235616
12.16	12.172912376051356
12.17	12.581220262808051
12.18	12.783333813249042
12.19	12.774714381681155
12.2	13.178490503537189
12.21	13.746878719452752
12.22	13.17244395743411
12.23	14.145096444110003
12.24	14.335188657784851
12.25	14.54514113058358
12.26	14.95091788374478
12.27	15.132656655236781
12.28	15.121773232113547
12.29	15.728948835153957
12.3	15.72329890311233
12.31	16.090941246089088
12.32	16.304767276641712
12.33	16.32982378273666
12.34	16.310105395526776
12.35	17.074219075734902
12.36	17.27868704676947
12.37	17.285702719465725
12.38	17.268916129194913
12.39	17.484146075414287
12.4	17.47957718434715
12.41	17.67865230248215
12.42	17.673803849388317
12.43	17.689213287351052
12.44	17.497216703275075
12.45	17.680669071535984
12.46	18.080183111967944
12.47	17.477400413998932
12.48	17.87659667413264
12.49	17.500775967933645
12.5	17.48026345801196
12.51	16.905576794235547
12.52	17.086396221534102
12.53	16.711156732515647
12.54	16.31517537271691
12.55	16.297057755428206
12.56	16.294871850265398
12.57	16.113724811638075
12.58	15.719559245720632
12.59	15.726385593125679
12.6	15.128789149271645
12.61	14.915241657221252
12.62	14.535332807881403
12.63	13.75325776071348
12.64	13.141736124187656
12.65	13.158078460356622
12.66	12.782168687823793
12.67	12.787952519898075
12.68	11.783669793487194
12.69	11.59594217784658
12.7	11.392102225242821
12.71	10.823305935915984
12.72	10.426049598053904
12.73	10.024968756109152
12.74	9.82680801538158
12.75	9.415834459085564
12.76	8.637799736340657
12.77	8.649986654385405
12.78	8.030446971745041
12.79	7.461639653449808
12.8	7.281025520709542
12.81	6.866309056829839
12.82	6.280073314934792
12.83	5.89369412005699
12.84	5.704213897344152
12.85	5.485794265063781
12.86	5.098192602504105
12.87	5.108997490894361
12.88	4.723334241604183
12.89	4.315192476122946
12.9	3.7199150249835715
12.91	3.747474310679204
12.92	3.524393252164196
12.93	3.1432106666094866
12.94	2.9657933361490434
12.95	2.557212732609016
12.96	2.3667361602873056
12.97	2.1683458788090846
12.98	1.9693096485319106
12.99	1.7661172983724103
13.0	1.583811156345908
13.01	1.7548258839984385
13.02	1.573571228200632
13.03	1.3721208108342544
13.04	1.174769080649428
13.05	0.5769716551998499
13.06	0.7821403458172254
13.07	1.1823394097227446
13.08	1.1682781699590794
13.09	0.6003066607094227
13.1	1.1847034304016393
13.11	1.1880589413576972
13.12	1.1883735771161694
13.13	1.182373878815331
13.14	1.1831229650858177
13.15	1.360187638069189
13.16	1.1843952525501
13.17	1.1703664542290533
13.18	1.573803103625426
13.19	1.3712411514836476
13.2	1.9714850273272033
13.21	1.9635414978741286
13.22	2.365728478288165
13.23	2.3509255038300547
13.24	2.353865265476252
13.25	2.739759657073876
13.26	2.758331384012466
13.27	2.7665993708876804
13.28	3.545827025666506
13.29	3.546475097985668
13.3	3.5555161304154326
13.31	3.5422638525933126
13.32	4.317677952605488
13.33	4.696478221125588
13.34	5.113497606063056
13.35	5.110444104252848
13.36	5.492974898616773
13.37	5.894678191364015
13.38	5.892775204055971
13.39	6.486380186376329
13.4	6.893325404811008
13.41	7.446075859512885
13.42	7.868560381575793
13.43	8.26062108693921
13.44	8.630695222345496
13.45	9.01841785701537
13.46	9.43891442222425
13.47	10.020977901987035
13.48	10.613012523808642
13.49	11.003235152321047
13.5	11.407996166193017
13.51	12.161408474128901
13.52	12.3838566647801
13.53	12.969098796192498
13.54	13.167199770570098
13.55	13.748656967287287
13.56	14.543805094400772
13.57	14.540778191016416
13.58	15.331227313506407
13.59	15.920631551220138
13.6	16.296188153438486
13.61	16.29079613579306
13.62	17.296434575651467
13.63	17.6795890869252
13.64	18.463965850783687
13.65	18.65325703874885
13.66	19.252794357543145
13.67	19.450128087626197
13.68	20.046653464811243
13.69	20.053131951390913
13.7	20.238205089091398
13.71	20.82006296988129
13.72	20.81809804324327
13.73	21.233439693291455
13.74	21.19483094076078
13.75	21.599834371813436
13.76	21.42260705218339
13.77	21.62174581467457
13.78	21.608047998065405
13.79	22.01165303840213
13.8	21.600867330246693
13.81	21.610468635883745
13.82	21.60348625279942
13.83	21.583937774261756
13.84	21.434671360439133
13.85	21.227507130559655
13.86	20.814440270602866
13.87	20.81858624261124
13.88	20.23954854781601
13.89	20.048316650054197
13.9	19.450382274792254
13.91	19.25487915701109
13.92	19.254756741793077
13.93	18.488413263968372
13.94	18.062968076111666
13.95	17.678915961863638
13.96	17.49800430855945
13.97	16.706567322821627
13.98	16.301892041321477
13.99	16.106982458037745
14.0	15.318924424175659
14.01	15.126485034438709
14.02	14.144072113188724
14.03	13.756701218172381
14.04	13.158345276324841
14.05	12.765209330060344
14.06	12.173560311816919
14.07	11.399470293404413
14.08	11.015670424905768
14.09	10.60608189365639
14.1	9.805638812496873
14.11	9.826080358071112
14.12	9.038074476023032
14.13	8.242714013709088
14.14	7.862363618072903
14.15	7.455930488915118
14.16	6.856667672630293
14.17	6.671099761635921
14.18	6.289369601388325
14.19	5.502562931623666
14.2	5.506977347681379
14.21	4.720440173731088
14.22	4.5159526634269715
14.23	3.717007544371649
14.24	3.7104548580505674
14.25	3.532873864987961
14.26	3.135389041462856
14.27	2.743619775695444
14.28	2.356867092980479
14.29	2.3721868529464727
14.3	1.9643016018787034
14.31	1.9442264469544843
14.32	1.5686730863145655
14.33	1.5893313542362402
14.34	1.1795270979117358
14.35	1.163225494875871
14.36	0.7686925461956916
14.37	0.5650123380645695
14.38	1.1914878528703683
14.39	0.577078348646378
14.4	0.979266670622326
14.41	0.5922185707206141
14.42	1.1649240397508838
14.43	1.186407805988051
14.44	1.1795600233351264
14.45	1.2014005554497442
14.46	1.1671136122734096
14.47	1.5751519340529028
14.48	1.1773372391546064
14.49	1.5799668943548542
14.5	1.5451839559432916
14.51	1.951040737748661
14.52	1.9563745985965066
14.53	1.9595304560168816
14.54	2.3584775101187576
14.55	2.5700354887625325
14.56	2.7442640747580844
14.57	2.7550860945463866
14.58	3.133384462458834
14.59	3.5319818589069714
14.6	3.5429124818203706
14.61	3.7153990146988862
14.62	4.329016292878467
14.63	4.334089217276763
14.64	4.719476172939402
14.65	5.131183818284226
14.66	5.496410031315761
14.67	5.503673740934806
14.68	6.281187914372659
14.69	5.898586906670329
14.7	6.284477297347701
14.71	6.4659144478550035
14.72	6.867394343382112
14.73	7.473957491543781
14.74	7.862576868053443
14.75	7.847532683544566
14.76	8.657570603897403
14.77	8.649604624795314
14.78	9.04934536510513
14.79	9.815695591415285
14.8	9.821737228028745
14.81	10.015795686975872
14.82	10.616731786290543
14.83	11.007756544612914
14.84	11.000610507790878
14.85	11.59880589792784
14.86	12.180342479503459
14.87	12.19129545156962
14.88	12.576672850320572
14.89	12.949186496577957
14.9	13.152751674740836
14.91	13.763063641471106
14.92	14.13907190745475
14.93	14.750175754406396
14.94	14.918598914468518
14.95	15.33156058264495
14.96	15.710359602912527
14.97	16.101753374399937
14.98	16.132804270567842
14.99	16.89426390190211
15.0	17.26518658730154
15.01	17.285377073223888
15.02	18.075569359663582
15.03	18.06987473341168
15.04	18.090580440392717
15.05	18.48150423940269
15.06	18.848170597478404
15.07	19.25122842918243
15.08	18.85326153667318
15.09	19.263375320369654
15.1	19.25711414267742
15.11	19.260192517842366
15.12	19.252762505777785
15.13	19.462240234281616
15.14	19.43116117461308
15.15	19.249872511551867
15.16	19.247142633683612
15.17	19.253737215922474
15.18	19.047357323788635
15.19	19.249454451262473
15.2	18.661859876759074
15.21	18.485609396624085
15.22	18.070200730048292
15.23	18.081803621380473
15.24	17.28703145505744
15.25	17.283261155812156
15.26	17.281288227490915
15.27	16.30435208783874
15.28	16.114895005768325
15.29	16.10147570950246
15.3	15.714454246870577
15.31	15.120662892217313
15.32	14.543531535360833
15.33	14.124444359220668
15.34	13.750741908349276
15.35	13.15968186556731
15.36	12.753903394114237
15.37	12.190007665292907
15.38	12.178865750954145
15.39	11.193098387844351
15.4	11.01082553449716
15.41	10.037166151408194
15.42	10.0058047402905
15.43	9.608794814806128
15.44	9.033604304097455
15.45	8.62781759996881
15.46	7.855437156080925
15.47	7.472564009560484
15.48	6.869582634891425
15.49	6.676786915494222
15.5	6.296018161941005
15.51	6.299079834261201
15.52	5.111559964772319
15.53	5.112750262014633
15.54	4.500459738764089
15.55	4.327291247371912
15.56	3.5268085831952933
15.57	3.538357311852412
15.58	3.5534447840081547
15.59	2.9532351986522634
15.6	2.7438755771167176
15.61	2.147175658962161
15.62	1.9746102509140875
15.63	1.9692693946322362
15.64	1.5603595973377278
15.65	1.3787438711747468
15.66	1.1820643580488284
15.67	1.1978803785321421
15.68	0.6089826703541201
15.69	0.4019509251689157
15.7	0.5791025085098861
15.71	0.2004005614406851
15.72	0.3740575869909954
15.73	0.0049178820979368055
15.74	0.3899074125808939
15.75	0.3943324316871999
15.76	0.22134652314023462
15.77	0.0002610738935999865
15.78	0.18132500358994477
15.79	0.3945123431489829
15.8	-0.0015234210469303457
15.81	0.5814474529124458
15.82	0.5802669509224454
15.83	0.3935217404704285
15.84	0.6008774505744718
15.85	0.5943096328022484
15.86	0.611844446142465
15.87	0.5871782245445362
15.88	1.1754664045107337
15.89	1.5660315234922224
15.9	1.3509092596961991
15.91	1.97560000065497
15.92	1.9703002097617612
15.93	2.3349958415269563
15.94	2.7269567241123394
15.95	2.7473278314514125
15.96	3.1263929520913782
15.97	3.533103207388455
15.98	3.5440064952466432
15.99	3.535483971019171
16.0	3.723474153135329
16.01	4.511754903915534
16.02	4.727203298307459
16.03	5.097490035246517
16.04	5.107355819848617
16.05	5.502118332196497
16.06	5.904788234214761
16.07	6.693860975443726
16.08	6.870165341300638
16.09	6.870672815400541
16.1	7.8461923960106486
16.11	8.267086613639028
16.12	8.627153242658183
16.13	9.030169852634039
16.14	9.018187864998279
16.15	9.845643700357975
16.16	9.992806488278624
16.17	10.789828136998262
16.18	10.99884686301945
16.19	11.39772093144215
16.2	11.780476382833582
16.21	12.192531778119612
16.22	12.581192151912708
16.23	12.968786703071833
16.24	13.165533513266563
16.25	13.748535948456974
16.26	14.166443839369629
16.27	14.556410767523374
16.28	14.924246939784597
16.29	15.311245880701472
16.3	15.700121305428066
16.31	15.70991842665013
16.32	16.11763349350553
16.33	16.32037614107217
16.34	16.30234728242622
16.35	16.306008235508504
16.36	17.279273297287457
16.37	17.292605826503404
16.38	17.302393848182053
16.39	17.280363962047584
16.4	17.501123834981023
16.41	17.675770064443768
16.42	18.066821927650473
16.43	17.65959490695924
16.44	18.075952009579794
16.45	18.076566965171022
16.46	18.06977398688637
16.47	18.068522799675456
16.48	18.084380228036146
16.49	18.064754959244397
16.5	18.08660891550324
16.51	18.058000494250006
16.52	18.097145762992785
16.53	18.096962491349647
16.54	18.27548527791609
16.55	18.064629158201335
16.56	17.87730042018467
16.57	17.488843806862057
16.58	17.479636661531753
16.59	17.28696359838912
16.6	16.88874931762844
16.61	16.884713031280885
16.62	16.28532236484199
16.63	16.31576433573798
16.64	16.31127830232834
16.65	15.90754058288822
16.66	15.9021745092997
16.67	15.124206450663564
16.68	15.513458673748412
16.69	15.140428362155049
16.7	14.930472089586464
16.71	14.159598453720765
16.72	13.161524252766643
16.73	13.175392114593723
16.74	12.771731807907864
16.75	12.579681872673573
16.76	11.96838219753436
16.77	11.79072808844383
16.78	11.18738491879367
16.79	10.02023185319369
16.8	10.029591558285661
16.81	9.611050088029126
16.82	9.431361723659805
16.83	8.840209176732879
16.84	8.437578562873837
16.85	7.8524122654930775
16.86	7.857580797860715
16.87	6.8767769213689816
16.88	6.484706800703841
16.89	6.293555821955546
16.9	5.704121465187586
16.91	5.501540318307591
16.92	4.908457641669568
16.93	4.7105570521537725
16.94	3.7232396530120857
16.95	3.5455449685840557
16.96	3.537757832796725
16.97	3.3477686708753143
16.98	3.1548402502559605
16.99	2.738724004490765
17.0	2.55930743067521
17.01	1.9654298193308106
17.02	1.7636226428278465
17.03	1.7574006048065223
17.04	1.774050395986725
17.05	1.581235252169811
17.06	1.1805199942451094
17.07	0.6134620972735075
17.08	0.5784922242524062
17.09	0.58841389913279
17.1	0.5967134872283045
17.11	0.5922546615668272
17.12	0.5951675248884563
17.13	0.594809880970255
17.14	0.3974359955764221
17.15	0.5794044728379232
17.16	0.5956959737525026
17.17	0.5840450444347411
17.18	0.5762330117763196
17.19	0.20323368840233882
17.2	0.7867414356652663
17.21	0.5989846852193708
17.22	0.5817225966372188
17.23	0.5830678534771749
17.24	1.575243212694834
17.25	1.1570931258041885
17.26	1.1766003837752552
17.27	1.5527548948358694
17.28	1.5646873484789292
17.29	1.961943239131808
17.3	1.7575222357391775
17.31	1.9531162792939976
17.32	2.3718170872927646
17.33	2.748323393575163
17.34	3.1505734840431705
17.35	3.129827233775105
17.36	3.345837725334246
17.37	3.5393934764584944
17.38	3.7359983322015613
17.39	4.319842901102976
17.4	4.715626666210444
17.41	4.903537240505562
17.42	5.499761616761527
17.43	5.689784742601443
17.44	6.2875251093890165
17.45	6.275770783362109
17.46	6.872849934325774
17.47	6.89883351562781
17.48	7.668055349263568
17.49	8.250366204989927
17.5	8.633389953137673
17.51	9.43602239471376
17.52	9.426940633829561
17.53	9.813472681511648
17.54	10.017977150511305
17.55	11.010473334447333
17.56	11.027164437427698
17.57	11.406868169477576
17.58	11.989167924816309
17.59	12.373896901287498
17.6	13.162467903234388
17.61	13.18037247303999
17.62	13.171109382346216
17.63	14.159889560256238
17.64	14.367534557068021
17.65	14.726386710439884
17.66	14.933955169116768
17.67	15.303859774472949
17.68	15.316182109540527
17.69	15.911056974413684
17.7	16.09996068855468
17.71	16.30594275754683
17.72	16.308292160398754
17.73	16.316718259957344
17.74	16.716659867072934
17.75	16.906006748170405
17.76	17.09831044087882
17.77	16.895572683243028
17.78	16.872580031035476
17.79	16.893404951445756
17.8	17.09235350416999
17.81	16.89120985301134
17.82	16.908530874294282
17.83	16.31262192754779
17.84	16.692147785095496
17.85	16.316332955407553
17.86	16.312338913643043
17.87	16.313201476446213
17.88	16.114458318131348
17.89	15.70827745460418
17.9	15.709733858218147
17.91	15.325883257980365
17.92	14.926994788459648
17.93	14.940467432819053
17.94	14.339620670139476
17.95	14.167521605134741
17.96	13.753130207000874
17.97	13.153860753362078
17.98	13.16522663517177
17.99	12.776854124402742
18.0	12.57680689012305
18.01	11.78944317595527
18.02	11.382335217641586
18.03	11.022345686341735
18.04	10.01236220923406
18.05	10.013746239182217
18.06	9.620394001936015
18.07	9.42390673086303
18.08	8.842540716947001
18.09	8.655546169464502
18.1	7.8715613943673075
18.11	7.468530853566518
18.12	6.886454877117429
18.13	6.883570752183669
18.14	6.678535995945719
18.15	6.28338405747825
18.16	5.701576668298021
18.17	5.500140668458526
18.18	4.903268051535004
18.19	4.7201101488811394
18.2	4.3206293526328725
18.21	3.7302280563197714
18.22	3.542171049526271
18.23	3.5348477004823
18.24	3.343793917323366
18.25	2.748452268101167
18.26	3.13646980512963
18.27	2.7513828173289334
18.28	2.3562443680074203
18.29	2.563069792984152
18.3	2.366554496131241
18.31	1.958954004349405
18.32	1.7543192119341873
18.33	2.355709341348078
18.34	1.7645924062770506
18.35	1.9550791203917102
18.36	1.9677359719551684
18.37	1.5729872708295969
18.38	1.7666681043402732
18.39	1.962186992407892
18.4	1.5762401520905645
18.41	1.7736632633760632
18.42	1.9598112300441088
18.43	1.9622156096677372
18.44	2.164523868478157
18.45	2.3401747592921156
18.46	2.349558604689735
18.47	2.343203038843017
18.48	2.3580484369123247
18.49	2.5631714881824617
18.5	3.128398599395461
18.51	3.1469132774134074
18.52	3.1431773742341647
18.53	3.328284603742281
18.54	3.740613727510875
18.55	3.7204405715267117
18.56	4.321074779121795
18.57	4.703468713280991
18.58	4.721285637794681
18.59	5.116489777756567
18.6	5.49601000726013
18.61	5.888634768698482
18.62	6.286401145722154
18.63	6.288903928900979
18.64	6.8712133377083
18.65	6.8756365144593525
18.66	7.46779910305879
18.67	8.643146127093996
18.68	8.063273161252084
18.69	9.03054514478362
18.7	9.224995568150343
18.71	9.807179908581894
18.72	10.023361848642294
18.73	10.59027467839549
18.74	10.992989469810555
18.75	11.192133007661763
18.76	11.38508508103911
18.77	12.581687398526169
18.78	12.58365173124895
18.79	12.565041644814004
18.8	13.161379460961541
18.81	13.56396945186011
18.82	14.149402909640504
18.83	14.136200256936501
18.84	14.327536071863683
18.85	14.746569283194708
18.86	14.922399086773199
18.87	14.939024272933175
18.88	15.112074052701603
18.89	15.123710878734062
18.9	15.334899138430863
18.91	15.70390961060938
18.92	15.330152818530935
18.93	15.332319065144432
18.94	15.71232753173317
18.95	15.707328406665196
18.96	15.70814957377175
18.97	15.706875191428246
18.98	14.942593217842536
18.99	14.93472190657936
19.0	14.525738739173024
19.01	14.744269581943371
19.02	14.5558095623475
19.03	14.541164226535193
19.04	14.537300343398634
19.05	13.752500779408617
19.06	13.35215967916672
19.07	13.162208773982213
19.08	12.952621785788804
19.09	12.586076399225265
19.1	12.179125914889129
19.11	12.167234050478532
19.12	11.776498521665566
19.13	11.391065941796645
19.14	11.009703983048428
19.15	10.599948832820102
19.16	10.031615860020679
19.17	9.611564688604629
19.18	9.434235942539237
19.19	9.036918633042166
19.2	8.655865260012753
19.21	8.262996705225653
19.22	7.455360264717563
19.23	6.880874256659352
19.24	6.674140195153354
19.25	6.284114574822511
19.26	5.903554921678218
19.27	5.482395845181591
19.28	5.100078280730249
19.29	5.125197070560703
19.3	4.519352094194425
19.31	4.527979180609069
19.32	3.7415782246627862
19.33	3.5556112041404075
19.34	3.535029607866675
19.35	3.143137194741878
19.36	2.7547568963620734
19.37	2.739889253979269
19.38	2.363093127681601
19.39	2.3673342287830224
19.4	2.3538009293975914
19.41	1.9510435288264503
19.42	1.6006824830625985
19.43	1.3800103210662498
19.44	1.5816711997313575
19.45	0.7933248352672858
19.46	1.1806984825970726
19.47	1.1760833960038206
19.48	1.179958860347881
19.49	0.5966296709029729
19.5	0.6173155435096768
19.51	0.6000873020570738
19.52	1.1785659429521673
19.53	1.556432911976966
19.54	1.1766519179374795
19.55	1.5879737214921656
19.56	1.3767976217286637
19.57	1.3589422189126432
19.58	1.5907988334076624
19.59	1.5732643172822829
19.6	1.9698919982359504
19.61	2.3485314437022504
19.62	2.747213629521604
19.63	2.745023455250264
19.64	2.74705504924158
19.65	2.7475952079907544
19.66	3.538991716957451
19.67	3.5476532185219067
19.68	3.9440422948417284
19.69	4.325520043021314
19.7	5.096599229902854
19.71	5.11787640880175
19.72	5.48311200666703
19.73	5.890769287466935
19.74	6.279263105762345
19.75	6.682639322852411
19.76	7.077476227352427
19.77	7.448111200903322
19.78	7.861673797348757
19.79	8.236529954936088
19.8	8.6452525248147
19.81	9.445311688496243
19.82	9.826132716751111
19.83	9.833139565260177
19.84	10.019465507233708
19.85	10.78959826415541
19.86	11.203071830031812
19.87	11.398868472363711
19.88	12.194805053037065
19.89	12.182290806399964
19.9	12.581820676570457
19.91	12.770554119556634
19.92	12.964845740512855
19.93	13.751960769275845
19.94	13.751991314535427
19.95	14.515542185533441
19.96	13.953730945501357
19.97	14.149424394815446
19.98	14.93094682088464
19.99	14.92794015118573
20.0	14.922243372094563
