10.01	0.7498794044830812
10.02	0.48921371129476
10.03	0.7492155796630993
10.04	0.6271175950595927
10.05	0.7616649379016646
10.06	0.7597729331233056
10.07	0.5057091463801632
10.08	0.6240683467771746
10.09	0.5089990885137616
10.1	0.5023164771441345
10.11	0.5181378007706762
10.12	0.5089495547838154
10.13	0.49464679821696467
10.14	0.4914305855373938
10.15	0.514920207589682
10.16	0.7556694988977194
10.17	0.5193111775438796
10.18	0.37527199945800954
10.19	0.7439108952264516
10.2	0.4899642288735872
10.21	0.5101934551192954
10.22	0.7577549585101836
10.23	0.13232974500334765
10.24	0.612174265845387
10.25	0.7628252741957636
10.26	0.7538832717839818
10.27	0.7248158523174771
10.28	0.7532455895906609
10.29	0.7446363734687186
10.3	0.4950404433367922
10.31	0.4925376171952036
10.32	0.4952485904619272
10.33	0.7446298062358885
10.34	0.5035135103562765
10.35	0.3569455839177829
10.36	0.7399172292546472
10.37	0.646265704294391
10.38	0.6217539529407479
10.39	0.6334662871036107
10.4	0.12951702329968945
10.41	0.769192279602421
10.42	0.5164281004590826
10.43	0.736172119623448
10.44	0.7471583285097201
10.45	0.6339738626626171
10.46	0.7495233439531194
10.47	0.7435930404368785
10.48	0.4897800466311662
10.49	0.6325317609174546
10.5	0.12348973636315554
10.51	0.5179897529103995
10.52	0.6229408812465468
10.53	0.6251742732420978
10.54	0.5186966272072261
10.55	0.49625082350650196
10.56	0.49397994091327413
10.57	0.7353529700790067
10.58	0.5120826988797575
10.59	0.49481920111643696
10.6	0.7592516615152053
10.61	0.4893541794917174
10.62	0.37170967149419004
10.63	0.7610695969747553
10.64	0.4979499589630868
10.65	0.746987256996984
10.66	0.504815681985695
10.67	0.755530809655121
10.68	0.49946312662698733
10.69	0.6133453956196308
10.7	0.37469576072740574
10.71	0.4877653982260978
10.72	0.6253522098685258
10.73	0.48934811626211727
10.74	0.4848593496515196
10.75	0.5088082617855844
10.76	0.13462861403623771
10.77	0.5223494235748561
10.78	0.5063512770083604
10.79	0.7416371342751078
10.8	0.49032251503815294
10.81	0.5148469746708373
10.82	0.757628187374877
10.83	0.4794020752004334
10.84	0.48760060425957835
10.85	0.4864379700646802
10.86	0.37461674163766007
10.87	0.35344117857784674
10.88	0.7541443724678317
10.89	0.7435087443376478
10.9	0.4995762686893824
10.91	0.37145814620085366
10.92	0.4898885630471768
10.93	0.5051369643867749
10.94	0.49067496855731363
10.95	0.7526377044791928
10.96	0.11724470360092636
10.97	0.5031191426915137
10.98	0.7491954590903988
10.99	0.6192806797594773
11.0	0.5077969513080599
11.01	0.744719965809568
11.02	0.7392526955012116
11.03	0.5026449697738448
11.04	0.5032159263506757
11.05	0.1304915256962354
11.06	0.13073501266376952
11.07	0.1342104382620608
11.08	0.5140064966229477
11.09	0.6441728610742244
11.1	0.10018970390658846
11.11	0.5011104293028266
11.12	0.5045960007531434
11.13	0.6401504648421583
11.14	0.5040723894155515
11.15	0.48067882554226443
11.16	0.5130297648459315
11.17	0.3729530701453177
11.18	0.6388035222335262
11.19	0.5017112589051328
11.2	0.4981298145289851
11.21	0.7557840963833092
11.22	0.5275023068421255
11.23	0.6254879009220587
11.24	0.5149101980876752
11.25	0.13244471681009762
11.26	0.7478936256614256
11.27	0.4868052730681421
11.28	0.7698635261688258
11.29	0.3699283381183279
11.3	0.38653200034641355
11.31	0.49424156156774673
11.32	0.49005881449905925
11.33	0.7540362957092441
11.34	0.6318148655220005
11.35	0.49694047983058315
11.36	0.2382172893074133
11.37	0.3823080461143445
11.38	0.4931571066075119
11.39	0.3702103027475247
11.4	0.3924493782719892
11.41	0.15083430359841077
11.42	0.11968073507057198
11.43	0.5030945040101157
11.44	0.4974968144380071
11.45	0.7362716440403172
11.46	0.7328561608191677
11.47	0.11878610824455395
11.48	0.7655066341904008
11.49	0.4869571627622703
11.5	0.49745287392476184
11.51	0.14765393754725736
11.52	0.11598440770900086
11.53	0.13578599730173752
11.54	0.11859096782122841
11.55	0.5157497027816677
11.56	0.13270108884652618
11.57	0.5070178147404724
11.58	0.3825113383199163
11.59	0.5195393304418222
11.6	0.1250933356581909
11.61	0.48031929710138044
11.62	0.4955701919330044
11.63	0.48811666763221945
11.64	0.12941070383222145
11.65	0.7354430445020316
11.66	0.1227277612603732
11.67	0.3667359411326094
11.68	0.5044978340027815
11.69	0.507555881346572
11.7	0.13499846742090685
11.71	0.7518063902537102
11.72	0.7334907077460434
11.73	0.518125829959599
11.74	0.12477483245796128
11.75	0.5080581373832894
11.76	0.1247345142957013
11.77	0.5038899445918802
11.78	0.15283154994394663
11.79	0.11281607205852312
11.8	0.12491201858657858
11.81	0.36549684230618606
11.82	0.5061643378682248
11.83	0.3808489871174535
11.84	0.37481364584742
11.85	0.49452132874961946
11.86	0.3824395853856936
11.87	0.11977602122562685
11.88	0.121597754064538
11.89	0.5108854093340517
11.9	0.12142338876625881
11.91	0.1406433777683342
11.92	0.3694697356222282
11.93	0.13398402947443444
11.94	0.3991945643416229
11.95	0.3799280486002039
11.96	0.47794127733922587
11.97	0.5110804212086307
11.98	0.3675974373825405
11.99	0.3718256563700849
12.0	0.5136470359863624
12.01	0.37689469620278704
12.02	0.12371680026407514
12.03	0.6336945921526118
12.04	0.3662707344664559
12.05	0.14865729000660594
12.06	0.13345799614885315
12.07	0.1346677375663045
12.08	0.12266872974410285
12.09	0.12701384749840725
12.1	0.12095835260126372
12.11	0.48522052550620165
12.12	0.11571361571395752
12.13	0.12405980405054809
12.14	0.37561908835764457
12.15	0.1281816909037814
12.16	0.48325205628723583
12.17	0.12563614693896463
12.18	0.38282635315181185
12.19	0.10486344910170153
12.2	0.3763294768213637
12.21	0.37287582592037
12.22	0.12781068671457305
12.23	0.12648230705360566
12.24	0.12098567963692725
12.25	0.12485221802336136
12.26	0.12649315569334826
12.27	0.12551158090923015
12.28	0.11551194874559943
12.29	0.0943313737336628
12.3	0.12387614507821035
12.31	0.13010086442640773
12.32	0.1160085811376054
12.33	0.12009074759095492
12.34	0.3643010990965043
12.35	0.12982330432542286
12.36	0.1358636593166591
12.37	0.4996666869896526
12.38	0.37717541484815365
12.39	0.1317494577486598
12.4	0.1310854945954168
12.41	0.12229099307762642
12.42	0.1251660991468871
12.43	0.1368682195832124
12.44	0.49362554711873075
12.45	0.12652399647328907
12.46	0.12228833765299116
12.47	0.1345114241666128
12.48	0.11427312230414335
12.49	0.12320752849290406
12.5	0.1181586024176874
12.51	0.11123022549847966
12.52	0.11268622979217231
12.53	0.13058451753924838
12.54	0.1184155971423845
12.55	0.13141865184469068
12.56	0.1249674133371423
12.57	0.12314134550297283
12.58	0.12430521603296174
12.59	0.3790120538499601
12.6	0.3868264071332714
12.61	0.11401273689593558
12.62	0.11691932377367728
12.63	0.3644805961463427
12.64	0.13122985437338178
12.65	0.1196337485207971
12.66	0.3839258723433528
12.67	0.3618508388998598
12.68	0.24462839269658954
12.69	0.1414777437562565
12.7	0.1305035877409065
12.71	0.11968515039938364
12.72	0.12150537438229592
12.73	0.5144720381969413
12.74	0.1235005076205129
12.75	0.1073739271675172
12.76	0.131577138560321
12.77	0.12325825974939333
12.78	0.4982868109843059
12.79	0.1300649091027913
12.8	0.14049661984743309
12.81	0.1328222301222562
12.82	0.11529709988986231
12.83	0.12992578027242196
12.84	0.12886937865665005
12.85	0.11009547891664766
12.86	0.12352529629019939
12.87	0.11831528922264133
12.88	0.13170643596138012
12.89	0.11887424307800179
12.9	0.1248402844441851
12.91	0.12729356484388205
12.92	0.38043020308013525
12.93	0.12616598942597815
12.94	0.1388312429274102
12.95	0.118997838312912
12.96	0.13711289584172998
12.97	0.1404174128684831
12.98	0.11544388409970635
12.99	0.1188335181418149
13.0	0.1259057162869247
13.01	0.38097592255415874
13.02	0.22780143797918195
13.03	0.12938591763551102
13.04	0.11490690042037754
13.05	0.12850659394139918
13.06	0.12750971827606533
13.07	0.10529033343853593
13.08	0.14199131351773106
13.09	0.14455975841866409
13.1	0.12470150399627832
13.11	0.1388565625632213
13.12	0.13155376975184485
13.13	0.14301820704285068
13.14	0.15180362422279486
13.15	0.3752923295686885
13.16	0.12844106112514028
13.17	0.1062752126109381
13.18	0.1311049393679115
13.19	0.12373608767587324
13.2	0.11741363733719817
13.21	0.13849121727727792
13.22	0.1282071144741924
13.23	0.13251376894724107
13.24	0.36306566718767397
13.25	0.11877180393197806
13.26	0.1144624045509069
13.27	0.13442741359403557
13.28	0.11795017592494175
13.29	0.1292120756559974
13.3	0.12098765429374204
13.31	0.10950286522723521
13.32	0.13187030497715738
13.33	0.1320192528469908
13.34	0.12112620056394517
13.35	0.12732621201668173
13.36	0.11541260636031707
13.37	0.125028544193062
13.38	0.10934649660553755
13.39	0.12020875844227152
13.4	0.13316289845428153
13.41	0.12788853522512808
13.42	0.11604597274728544
13.43	0.12762181659534488
13.44	0.1080156301375974
13.45	0.12364695313978236
13.46	0.1301933603908901
13.47	0.1221488816597981
13.48	0.13253352687672737
13.49	0.13269377112851177
13.5	0.12438931455839394
13.51	0.11957964657637192
13.52	0.15175735604417417
13.53	0.11599132304449844
13.54	0.48925484056701285
13.55	0.4839499541254791
13.56	0.12570235422831527
13.57	0.13920013993557856
13.58	0.10976627574646133
13.59	0.12250612537334366
13.6	0.1285633945268045
13.61	0.10052967409415849
13.62	0.10821893455989715
13.63	0.11143433539126575
13.64	0.14260145776557523
13.65	0.1160406033020076
13.66	0.10929950517371555
13.67	0.1265152755585806
13.68	0.10738103331392929
13.69	-0.013775580802938853
13.7	0.10788523346083811
13.71	0.1330434458524345
13.72	0.137925271138382
13.73	0.12662883059777152
13.74	0.12316669791842177
13.75	0.13618126198941466
13.76	0.12125412383857187
13.77	0.368449247393784
13.78	0.1147876864725134
13.79	0.13140939247697975
13.8	0.11857708712108952
13.81	0.12180925202559495
13.82	0.10868800142616196
13.83	0.12355562788667335
13.84	0.36216387719459836
13.85	0.11167548406085562
13.86	0.12533122887733794
13.87	0.13141174805896844
13.88	0.37405023265297266
13.89	0.25773695930733875
13.9	0.11186642874114103
13.91	0.1188565652578209
13.92	0.13525645493529675
13.93	0.11743476775247387
13.94	0.11415913037647615
13.95	0.154215823778856
13.96	0.1201439295357988
13.97	0.1315638914311148
13.98	0.13096199623195143
13.99	0.12606909296862862
14.0	0.12350301665298515
14.01	0.12361338341139233
14.02	0.14235721519504863
14.03	0.12855708459359227
14.04	0.12138581812919413
14.05	0.12445583715432806
14.06	0.11561060795936956
14.07	0.13118991896655627
14.08	0.3711616838242607
14.09	0.13060078138755837
14.1	0.12730361960179296
14.11	0.13366307198037344
14.12	0.13330460545699732
14.13	0.12890260088569222
14.14	0.1264218514154282
14.15	0.11564169304845458
14.16	0.12565484806527094
14.17	0.12876587719073018
14.18	0.13782425237995666
14.19	0.12215399127694235
14.2	0.10739516544386804
14.21	0.12531067913345778
14.22	0.11792016388916879
14.23	0.12938195908073363
14.24	0.1265613480068047
14.25	0.12847031368155504
14.26	0.11739152877545443
14.27	0.13105418444340597
14.28	0.1259039764002167
14.29	0.4931543229432682
14.3	0.12866751196307372
14.31	-0.01530401141648839
14.32	0.12440938298393305
14.33	0.25859778455675514
14.34	0.14173808477096683
14.35	0.11802103538227197
14.36	0.2581948700078334
14.37	0.12740040440284325
14.38	0.11670043506775479
14.39	-0.007701992973729336
14.4	0.12291998818727334
14.41	0.12574018131070253
14.42	0.13281253972770768
14.43	0.13223057545806613
14.44	0.11666539963970594
14.45	0.12029084041842769
14.46	0.12071774245826652
14.47	0.13879782567617494
14.48	0.11847242510128965
14.49	0.1423377203769154
14.5	0.14505119532991628
14.51	0.11524248815190624
14.52	0.12205649880538198
14.53	0.12152697368151935
14.54	0.15003121426593147
14.55	0.13066437265515518
14.56	0.12959485198871243
14.57	0.13547938852087776
14.58	0.13069363373065965
14.59	0.1348983437068745
14.6	0.12908996509088908
14.61	0.1263742180414708
14.62	0.1274941883608965
14.63	0.13185714533886805
14.64	0.12467379658584349
14.65	0.12025509722841735
14.66	0.11884381721886239
14.67	0.1201719666266175
14.68	0.13190574218529075
14.69	0.12968902030184737
14.7	0.26094646200888
14.71	0.11625432763731192
14.72	0.12035147515375973
14.73	0.10746247734249391
14.74	0.1245858359401818
14.75	0.4971445080534925
14.76	0.10133244532567305
14.77	0.13592540768045774
14.78	0.13379912684793682
14.79	0.12312601192613822
14.8	0.11354368149595709
14.81	0.13100088812955696
14.82	0.1448435070266741
14.83	0.1301555455005174
14.84	0.12641810958367036
14.85	0.1393683212830607
14.86	-0.004233080899716632
14.87	0.14116878582806003
14.88	-0.0019479711733450674
14.89	0.11672903753946075
14.9	0.125865232958615
14.91	0.1515355699859409
14.92	0.1350491624440713
14.93	0.23932721427815823
14.94	0.10716735293464207
14.95	0.11533211797719428
14.96	0.10840153821697625
14.97	0.13744581665709585
14.98	0.13444966589984808
14.99	0.510640317914451
15.0	0.12442635958313208
15.01	0.13653996239053992
15.02	0.1225362572118325
15.03	0.13674711342914042
15.04	0.14378309049969218
15.05	0.12226122398512099
15.06	0.11938454905660417
15.07	0.12374293975040385
15.08	0.11941718113222803
15.09	0.1178096474803597
15.1	0.14114842843148437
15.11	0.1341022158590309
15.12	0.13210245438693796
15.13	0.13083438690303098
15.14	0.11278940273249026
15.15	0.12976932781438144
15.16	0.119213505710118
15.17	0.12566017834789409
15.18	0.12509268119213965
15.19	0.13314801211487584
15.2	0.12144825642061645
15.21	0.1269256840492655
15.22	0.1305563961650781
15.23	0.12952508594409406
15.24	0.12395198533226272
15.25	0.13076517247524408
15.26	0.12408146942020373
15.27	0.12604552744451417
15.28	0.11965802273104417
15.29	0.10629921077131885
15.3	0.12335771226498274
15.31	0.1240499610786858
15.32	0.11245654337597397
15.33	0.12581052137234894
15.34	0.13084971319647146
15.35	0.11628220902647579
15.36	0.24173521770706324
15.37	0.12256700679734449
15.38	0.14823044799984414
15.39	0.12066650097851503
15.4	0.11173003540943044
15.41	0.12190161150749221
15.42	0.11355413986232891
15.43	0.14413304225875484
15.44	0.10574646005794452
15.45	0.2669088852489244
15.46	0.5003365616490619
15.47	0.1191079425170945
15.48	0.11599012063323388
15.49	0.1307996078414925
15.5	0.132240653470697
15.51	0.12586102572712543
15.52	0.38284544819315497
15.53	0.11221485553744125
15.54	0.11043583552049556
15.55	0.13038887872610136
15.56	0.10884974742036205
15.57	0.1276086911046166
15.58	0.10684957658176367
15.59	0.1243621139329967
15.6	0.2656118360369489
15.61	0.24859911934589835
15.62	0.1293546769674345
15.63	0.1261548086156685
15.64	0.13076287537593576
15.65	0.11693436781302888
15.66	0.12042172268364093
15.67	0.1273346445768484
15.68	0.51944087823872
15.69	0.12446772032016615
15.7	0.12119946519011854
15.71	0.3718084279626202
15.72	0.11751166303123406
15.73	0.12109549930122122
15.74	0.1343100130770571
15.75	0.2516357406502321
15.76	0.2404466430173895
15.77	0.12641842464014608
15.78	0.48289483864039134
15.79	0.11521783768511476
15.8	0.1319303855663265
15.81	0.12175648202912046
15.82	0.11846068391950228
15.83	0.11488271893214663
15.84	0.11597042136073134
15.85	0.1259670224728619
15.86	0.13580498620539466
15.87	0.11488442213500609
15.88	0.13145099505618466
15.89	0.12703982984481232
15.9	0.11683085200263094
15.91	0.12315037198269096
15.92	0.13619908686729726
15.93	0.11913122018481608
15.94	0.1404979077515935
15.95	0.12075409029264876
15.96	0.1334203119182961
15.97	0.4950996487057696
15.98	0.11606005320085186
15.99	0.00711053652784842
16.0	0.010089906610428306
16.01	0.13437177075429396
16.02	0.018093923215596313
16.03	0.1388142106595942
16.04	0.11825969327843985
16.05	-0.015382810028727148
16.06	0.13936661641112275
16.07	0.0005491742673682273
16.08	0.009929301152844227
16.09	-0.01703222897798114
16.1	0.11592987725973786
16.11	-1.9156745187980913e-05
16.12	0.12741973723831754
16.13	0.11796130060735621
16.14	0.12327302330911802
16.15	-0.017931439970665385
16.16	0.11305991388473868
16.17	0.12681402065427363
16.18	-0.0007431601902507379
16.19	0.1104482361156868
16.2	-0.010847454757946715
16.21	0.13122734161390315
16.22	0.13762484940319267
16.23	0.0023780774906186925
16.24	0.1434702182324857
16.25	0.008926666899339738
16.26	0.0031771798624138786
16.27	0.12525594702453838
16.28	0.15031359001738673
16.29	0.000930878156070916
16.3	-0.012503879570521861
16.31	0.1256162749025048
16.32	0.1241318593619364
16.33	0.11631463981792413
16.34	0.1282772238256325
16.35	0.005316935856972438
16.36	0.13277634904578917
16.37	0.00568745655918047
16.38	-0.0041719272030261685
16.39	0.11817281668464392
16.4	0.0015693806278518172
16.41	0.12288639715302982
16.42	-0.005962018353623555
16.43	0.005435848951083773
16.44	0.0014899834374743684
16.45	-0.00947591077938894
16.46	0.002958603200417215
16.47	-0.005524183907605367
16.48	-0.010406993530466672
16.49	0.12508214208902443
16.5	0.018095945018025417
16.51	0.004133034274231386
16.52	-0.029392079338871863
16.53	0.0042509223438061865
16.54	0.1260828835298018
16.55	-0.011447797510326652
16.56	0.11483001747715864
16.57	0.0052051881589707475
16.58	0.1460187396492943
16.59	-0.0015412769174833242
16.6	-0.011681261133740815
16.61	0.001006947440107303
16.62	0.003840731559867682
16.63	0.0053466375173401625
16.64	0.1233554192415131
16.65	-0.011139412764926112
16.66	0.1346474374650912
16.67	0.03311773467284224
16.68	0.0018508165688148664
16.69	0.009670157538560957
16.7	0.14479049971306823
16.71	0.1265956087454603
16.72	-0.011320725422325177
16.73	-0.0030648148406386038
16.74	0.009193054668063494
16.75	-0.004348652612722953
16.76	-0.0013132006139365815
16.77	0.1147027428973443
16.78	0.11200571431576752
16.79	0.002569396224262885
16.8	0.0014123912479437038
16.81	0.00419845305935763
16.82	0.11640024623544033
16.83	0.019751451531741484
16.84	0.11846595942009837
16.85	-0.016801386015412926
16.86	-0.012630049377709323
16.87	-0.007430629117034209
16.88	-0.02617736240220235
16.89	-0.0011985707086501472
16.9	-0.00472795538376539
16.91	0.11247222194909559
16.92	0.1244711993853649
16.93	-0.0025271591058680302
16.94	0.006891292066590661
16.95	0.007056556296546476
16.96	0.1374104878020667
16.97	0.010196438170269509
16.98	-0.006239737157761825
16.99	-0.00641380359396091
17.0	0.0058663727320286685
17.01	-0.007782838280143748
17.02	0.129384136837079
17.03	-0.008796375975245147
17.04	0.1273256106137846
17.05	-0.008037304265880346
17.06	0.0014110893483906164
17.07	0.0032787435095075856
17.08	0.1470663535173549
17.09	0.020745201901632468
17.1	0.12134633945342704
17.11	0.01087144365335064
17.12	0.12586953439845788
17.13	0.14105074525296715
17.14	-0.00855564914374722
17.15	0.11180703340647051
17.16	0.13496583792589106
17.17	-0.010096658406823033
17.18	0.1284780789351809
17.19	0.132164913884894
17.2	0.1103026277768144
17.21	0.13471995504998674
17.22	0.13463990226585287
17.23	0.006112859774251129
17.24	0.1137180662126488
17.25	-0.011467665519497034
17.26	-0.004726495645051071
17.27	-0.009946820236068162
17.28	0.134634830480307
17.29	0.11036458520292433
17.3	0.006177098307922834
17.31	0.13042875596583559
17.32	0.11819364855317027
17.33	0.12242411570939493
17.34	0.1273495874751505
17.35	0.13303655632114497
17.36	0.10854482325077441
17.37	0.12999057269410344
17.38	-0.005911068202529597
17.39	-0.0006493143727776046
17.4	0.13966432429013767
17.41	0.11239283351997724
17.42	0.005653660219241025
17.43	0.005610197059356042
17.44	0.013478097331592059
17.45	0.13359870451093236
17.46	0.12197939839978848
17.47	0.12094798224654542
17.48	-0.010160216680043133
17.49	-0.012998665505350879
17.5	-0.007327269489855051
17.51	-0.010901362449150296
17.52	0.12445873635141026
17.53	0.12071397703887617
17.54	-0.002616088057132499
17.55	0.002965977574948558
17.56	0.12094800613104695
17.57	-0.006459558543515741
17.58	0.1340025155977994
17.59	-0.015461880434756103
17.6	0.1193664813283746
17.61	0.11270973028975081
17.62	-0.013314621386886001
17.63	0.12899353547885972
17.64	0.11871700786176599
17.65	0.014184964669405704
17.66	0.009652355409362604
17.67	0.13884713814211672
17.68	0.13142548949646207
17.69	0.12195338139293556
17.7	0.014016000404493096
17.71	0.1232970708889741
17.72	0.12667523462209632
17.73	0.1218495139678728
17.74	0.12468633418353921
17.75	0.11683752946181748
17.76	0.11536432848321647
17.77	0.11730880166421184
17.78	0.38815524823922487
17.79	0.49704998576817977
17.8	0.12191068722143514
17.81	0.13702520017492412
17.82	0.37747629550684964
17.83	0.14305132688979227
17.84	0.36847113268009
17.85	0.5038096684299462
17.86	0.2472591561423182
17.87	0.4868592913509229
17.88	0.11671141238571829
17.89	0.5127515109651759
17.9	0.11428930053768152
17.91	0.14531355256462838
17.92	0.48236248709253676
17.93	0.3822404938203026
17.94	0.11753853910342647
17.95	0.5108210131416085
17.96	0.2555665854703583
17.97	0.12625878674581054
17.98	0.4984627420312916
17.99	0.12509791401392303
18.0	0.49685931434691893
18.01	0.11929893738047814
18.02	0.3859833243916473
18.03	0.5041433546366235
18.04	0.5033949655288881
18.05	0.4850663150716285
18.06	0.4939120560777361
18.07	0.4886603633613637
18.08	0.5095869697919254
18.09	0.49027977520606864
18.1	0.48836190036858546
18.11	0.4953847739867263
18.12	0.5007834870085203
18.13	0.1395222550125854
18.14	0.4906268564786895
18.15	0.5114286663073724
18.16	0.4949430064759543
18.17	0.4900102479109115
18.18	0.11187568634804702
18.19	0.5166615084693632
18.2	0.49535842504743355
18.21	0.5114191361599552
18.22	0.4919305988798038
18.23	0.4963328630375964
18.24	0.50894238986324
18.25	0.508955645722188
18.26	0.47835493649981403
18.27	0.5149419938014582
18.28	0.5033221961041948
18.29	0.5017650609507648
18.3	0.5065382578214519
18.31	0.48955857886495485
18.32	0.4880592735185918
18.33	0.49402718930143913
18.34	0.5057168293345975
18.35	0.1315911921173163
18.36	0.49839367355611713
18.37	0.5186586565509723
18.38	0.4974752699859468
18.39	0.5046985400527595
18.4	0.5018512031072679
18.41	0.4977642189893324
18.42	0.49889560401301547
18.43	0.5164212359665754
18.44	0.6284933331559505
18.45	0.24546863688208745
18.46	0.5126803118103255
18.47	0.49759935511826175
18.48	0.5063206741099561
18.49	0.49374298635496405
18.5	0.49419417692555423
18.51	0.5078362670926916
18.52	0.49948180279841864
18.53	0.5228807858183359
18.54	0.49309994023296577
18.55	0.5059905882612125
18.56	0.5058178120474148
18.57	0.5172096564419327
18.58	0.4859640063773655
18.59	0.4917378409621034
18.6	0.5027085642440325
18.61	0.5042694305320897
18.62	0.4953423032589157
18.63	0.5247652606713937
18.64	0.503087380774475
18.65	0.5069401822549874
18.66	0.5044898221747024
18.67	0.49390812830318515
18.68	0.5039405701007413
18.69	0.37060905463593724
18.7	0.50235008314086
18.71	0.5033152814962146
18.72	0.49763027128286197
18.73	0.5009693576785388
18.74	0.4945525329598164
18.75	0.5043931915170713
18.76	0.4931315542963637
18.77	0.40640071477091255
18.78	0.5054384408422868
18.79	0.5104334181818083
18.8	0.48241853061296874
18.81	0.4946636878964963
18.82	0.49035476636945396
18.83	0.495451022661757
18.84	0.5050282438756535
18.85	0.487048179203076
18.86	0.4996828412199692
18.87	0.49804069345903035
18.88	0.4913067204000485
18.89	0.5161310300489914
18.9	0.5081083766827065
18.91	0.5180767820538246
18.92	0.4908433883415209
18.93	0.5086475484531816
18.94	0.6270492491712819
18.95	0.4799918683562965
18.96	0.5021337748047775
18.97	0.5110083964026019
18.98	0.49100197612276836
18.99	0.7386604266528382
19.0	0.6160791359791469
19.01	0.5013371836754064
19.02	0.4863579929877085
19.03	0.49876834370541806
19.04	0.5029862625355102
19.05	0.49339456067048315
19.06	0.4883350712917483
19.07	0.5074327812291198
19.08	0.5152096902441949
19.09	0.49843865794228337
19.1	0.7473070548386274
19.11	0.4974649840494495
19.12	0.5287858535041599
19.13	0.5054865497277657
19.14	0.49573941935967625
19.15	0.510939954411768
19.16	0.5128697156535028
19.17	0.48672994421920557
19.18	0.5000459943478021
19.19	0.6223216645346191
19.2	0.5126215921268088
19.21	0.49877301973798677
19.22	0.505946069677606
19.23	0.6199301656055485
19.24	0.5002386742020465
19.25	0.7527708679822683
19.26	0.49365485614613946
19.27	0.49738490122377027
19.28	0.48318571251294284
19.29	0.6131511255727066
19.3	0.6316620532674256
19.31	0.506748424116827
19.32	0.48565366985699987
19.33	0.5093597477414902
19.34	0.5141583397354044
19.35	0.4897928899139194
19.36	0.7400709123336675
19.37	0.5042959990316189
19.38	0.4925395096212567
19.39	0.4877570471467558
19.4	0.7462178973134141
19.41	0.6377055753261234
19.42	0.49255011520395964
19.43	0.4852880867074867
19.44	0.6192905995790017
19.45	0.5061421631527858
19.46	0.5178169960771329
19.47	0.6240821894123848
19.48	0.5062611317729452
19.49	0.7514354628822554
19.5	0.489248128911586
19.51	0.485985123211126
19.52	0.5116480984832755
19.53	0.4933565117021966
19.54	0.4963475338783598
19.55	0.5091990315623951
19.56	0.49162075670735383
19.57	0.5044591904151066
19.58	0.49669001437987437
19.59	0.7537979806583686
19.6	0.5051749173060661
19.61	0.6346013967887097
19.62	0.4948658567417729
19.63	0.5067022202116963
19.64	0.5082704311740351
19.65	0.4845549122026667
19.66	0.7478958960810757
19.67	0.7280109996136773
19.68	0.6192769732963611
19.69	0.49046661918129564
19.7	0.7684779758791767
19.71	0.4848786780979912
19.72	0.5091215817197129
19.73	0.6310877813887137
19.74	0.49219989822672194
19.75	0.49123992475211115
19.76	0.4987235816591583
19.77	0.7445934059883316
19.78	0.4735591525521406
19.79	0.5133268583682934
19.8	0.5035983008985786
19.81	0.5074014977182087
19.82	0.5095717217633849
19.83	0.6376745242711799
19.84	0.6216439399085484
19.85	0.7607906365162461
19.86	0.4890814780171846
19.87	0.6241372709415342
19.88	0.5036695328776727
19.89	0.5289362658446535
19.9	0.7484468266128218
19.91	0.6202393509721743
19.92	0.49920830722002363
19.93	0.5149795598912518
19.94	0.1269532366279036
19.95	0.5203704175415275
19.96	0.4887853045444668
19.97	0.4965665012887923
19.98	0.48435532604955955
19.99	0.5083912421100584
20.0	0.490150723207935
