10.01	5.567487459101738
10.02	5.8627453333703805
10.03	6.176270330665102
10.04	6.912345440441136
10.05	7.519209011448665
10.06	8.12492737475303
10.07	8.265852498146174
10.08	9.314803990981227
10.09	9.784208497704046
10.1	10.074846029097529
10.11	10.693425564802043
10.12	11.44095003315867
10.13	11.736347627234428
10.14	12.62390249178132
10.15	12.780335487091278
10.16	13.364964876971598
10.17	14.15303840264011
10.18	14.443673474305106
10.19	14.724435436597156
10.2	15.17332529312483
10.21	15.499128064726737
10.22	16.24254895765168
10.23	16.54380850871997
10.24	16.853249163194267
10.25	17.284011069676694
10.26	17.572724456211184
10.27	17.89602158437888
10.28	17.891854511532614
10.29	18.350038396807996
10.3	18.626749995452453
10.31	18.8064176444565
10.32	18.949766010448016
10.33	19.25479496954057
10.34	19.23779937990304
10.35	19.545757591041415
10.36	19.55472291580172
10.37	19.54800530711589
10.38	19.544255630572483
10.39	19.537823700127745
10.4	19.83075375090002
10.41	19.84343083092277
10.42	19.84676909586307
10.43	19.694235745950085
10.44	19.85863868189176
10.45	19.704039355904005
10.46	19.539476066108758
10.47	19.848679414416416
10.48	19.5353326698546
10.49	19.54247680140056
10.5	19.526279135949224
10.51	19.40293730099579
10.52	19.238673087518993
10.53	19.236948274983714
10.54	18.647324621947643
10.55	18.662529756389834
10.56	18.655540607289613
10.57	17.8867137112151
10.58	17.89029107716115
10.59	17.734483553091863
10.6	17.75145178266267
10.61	17.44558954175243
10.62	16.835917058044778
10.63	16.84667973216636
10.64	16.41868070123806
10.65	16.24704886329234
10.66	15.950163863692723
10.67	15.344507232034925
10.68	14.891163726151959
10.69	14.75074744304229
10.7	14.13555949962994
10.71	13.83924164823683
10.72	13.080397955074686
10.73	12.627609777265395
10.74	12.481335807241713
10.75	11.73064355274594
10.76	11.427337979050796
10.77	10.663517745607779
10.78	10.236906590161938
10.79	9.921899301828558
10.8	9.332006002572337
10.81	9.180553945401964
10.82	8.736482805956955
10.83	8.119027377028306
10.84	7.51016410935108
10.85	7.225358789131714
10.86	6.907861207591537
10.87	6.335644475841164
10.88	5.849902586915881
10.89	5.3957164804453575
10.9	5.115563996400418
10.91	4.81502930230135
10.92	4.81776926280476
10.93	4.2095618530871075
10.94	3.8914755313970097
10.95	3.457743708614028
10.96	3.303942561533424
10.97	3.3032086200952353
10.98	2.869673105544447
10.99	2.690840153983278
11.0	2.4037586840497385
11.01	2.41267794168335
11.02	2.407242484419966
11.03	2.4102520089585027
11.04	2.1134758900344583
11.05	1.8021874224640733
11.06	1.8295391922011273
11.07	1.7955392523610354
11.08	1.7993981575923692
11.09	2.122952945532082
11.1	1.803652240610444
11.11	2.106029508283458
11.12	2.1173762736639428
11.13	2.396192208523511
11.14	2.7186010959963767
11.15	2.7245505342965495
11.16	3.1648140494605568
11.17	3.293702386319555
11.18	3.9228474726019273
11.19	3.917719692759865
11.2	4.507447209125442
11.21	5.110535949171711
11.22	5.423483838277656
11.23	5.872259617308163
11.24	6.302936584680242
11.25	6.919297327724038
11.26	7.5284879183079285
11.27	8.130459074661928
11.28	8.71074333168386
11.29	9.174123622080742
11.3	9.782031054634146
11.31	10.525504933206514
11.32	10.819499705378457
11.33	12.032946331222053
11.34	12.32856636991114
11.35	12.941630614257312
11.36	13.245243582166669
11.37	14.135195739030506
11.38	14.742098723958483
11.39	15.35702636207024
11.4	15.938066363319003
11.41	16.23725231985001
11.42	16.835967416303653
11.43	17.12836426130888
11.44	17.579983140983423
11.45	17.889745829319548
11.46	18.661640151670525
11.47	18.934545046484583
11.48	19.534978560269657
11.49	19.700695273570652
11.5	20.155226522075907
11.51	20.29744259484843
11.52	20.765535831192892
11.53	20.762285670993155
11.54	20.904393127696878
11.55	21.339781864211307
11.56	21.349699906578707
11.57	21.350869855976555
11.58	21.49789697769469
11.59	21.358786658457017
11.6	21.354925881485105
11.61	21.354067800928238
11.62	21.059132405274937
11.63	21.065434993210562
11.64	20.73461807019984
11.65	20.75887618293864
11.66	20.29855036149473
11.67	20.142957388587423
11.68	19.551523943487332
11.69	19.24422500490954
11.7	19.242554243427172
11.71	18.633972120940562
11.72	17.905065526013537
11.73	17.74802379959955
11.74	17.148428519990155
11.75	17.13326085962343
11.76	16.238598477376716
11.77	15.630684051682737
11.78	14.73086759136855
11.79	14.737971274430999
11.8	13.998269632124597
11.81	13.53237142651906
11.82	12.928639578535384
11.83	12.343375736442189
11.84	11.737661373765306
11.85	11.12932884777385
11.86	10.531353674260336
11.87	9.954642710145226
11.88	9.643046493376495
11.89	9.020085060233583
11.9	8.276555618074783
11.91	7.967174194445297
11.92	7.528614443986489
11.93	6.897621906076111
11.94	6.620697067476328
11.95	5.875888101240301
11.96	5.7156129302668655
11.97	5.091390053964356
11.98	5.117080159438946
11.99	4.520184566417255
12.0	4.211458667270606
12.01	3.909795663056008
12.02	3.7560941785773863
12.03	3.3211057734222447
12.04	3.163246843625629
12.05	2.695898115931071
12.06	2.69977429966064
12.07	2.3969833053903424
12.08	2.395912576886976
12.09	2.1113182847280334
12.1	2.400120378558577
12.11	2.106172872302931
12.12	2.103034689435093
12.13	2.090924127464216
12.14	2.1174978611656536
12.15	1.9610323288061504
12.16	1.8054367642239069
12.17	2.0985181132205675
12.18	2.109867016517509
12.19	2.4034066108583785
12.2	2.4095835487933446
12.21	2.4177453927006294
12.22	2.7099062421145037
12.23	2.701656938764369
12.24	2.9841683048703294
12.25	3.30688830101098
12.26	3.4690939700430343
12.27	4.2131901572227255
12.28	4.510056452406196
12.29	4.828832300319411
12.3	5.1141292128180496
12.31	5.410415772677127
12.32	5.8544919251150676
12.33	6.455272066019353
12.34	7.2215373917274714
12.35	7.520747820761898
12.36	7.806981788973593
12.37	8.260584691583217
12.38	9.024284670821151
12.39	9.629943696874538
12.4	10.223481724954972
12.41	10.677699414540342
12.42	11.28738149645898
12.43	11.725607367666347
12.44	12.320269778872778
12.45	12.933415663892674
12.46	13.826366784209048
12.47	14.428020451608564
12.48	14.719765274319197
12.49	15.473304996098252
12.5	15.943958536754291
12.51	16.83889562199178
12.52	17.302105517327366
12.53	17.884989044748824
12.54	18.337476183468347
12.55	19.24036088975066
12.56	19.553396441930612
12.57	20.14889595692406
12.58	20.322403639683873
12.59	21.04727753702538
12.6	21.33658711155705
12.61	21.96794174365929
12.62	21.951019632542163
12.63	22.55483842083439
12.64	22.548824877307915
12.65	22.70138636375732
12.66	23.16718831184765
12.67	23.461322506048944
12.68	23.47418505313643
12.69	23.607991307786218
12.7	23.77218797163781
12.71	23.75841760526897
12.72	23.45899576836946
12.73	23.758526050379583
12.74	23.770276746704585
12.75	23.472455489661346
12.76	23.44841620455855
12.77	22.706916754268754
12.78	22.713936103582352
12.79	22.552361825635526
12.8	22.550771134772745
12.81	22.115609777589867
12.82	21.941653538963248
12.83	21.665152111833347
12.84	21.044947981408683
12.85	20.742286677269583
12.86	20.14852984098841
12.87	20.146891928066953
12.88	19.56203979807969
12.89	18.94578039117335
12.9	18.643022766506768
12.91	17.897410318588776
12.92	17.431817625026532
12.93	17.146094426588384
12.94	16.539817064527764
12.95	15.948873088344483
12.96	15.503768531916123
12.97	14.737072386449974
12.98	14.440240320543086
12.99	14.131539580829262
13.0	13.0991515242566
13.01	12.923877590862382
13.02	12.328808229858918
13.03	11.726686317496618
13.04	11.123009429986979
13.05	10.661846216520754
13.06	10.22714106921218
13.07	9.626121006509248
13.08	9.336744469547197
13.09	8.88222672309467
13.1	8.27114193684145
13.11	8.092562066618505
13.12	7.528021730102907
13.13	7.217332908636928
13.14	6.909432638218655
13.15	6.314306726263373
13.16	5.87058915885303
13.17	5.414894825844635
13.18	5.40455518586213
13.19	5.122388638657841
13.2	4.813708863244094
13.21	4.496840508988253
13.22	4.536683064524561
13.23	4.232467237290628
13.24	4.21335423200602
13.25	3.46034816990435
13.26	3.4685097015521893
13.27	3.2962512834172366
13.28	3.302465349191977
13.29	3.302999099036971
13.3	3.0159049508107465
13.31	3.2996736339381325
13.32	3.017255939236733
13.33	3.0122431051334164
13.34	3.0209347786679497
13.35	3.295148395920242
13.36	3.28806978609447
13.37	3.0056660692190453
13.38	3.310208440972642
13.39	3.463618468866205
13.4	3.311602339455911
13.41	3.9080533835722764
13.42	4.204406395776151
13.43	4.194786657213796
13.44	4.80756691360327
13.45	4.803124155911527
13.46	5.260432959579907
13.47	5.722394578737361
13.48	5.859370653075383
13.49	6.620100761054747
13.5	6.925540974274317
13.51	7.522499079242283
13.52	8.135120852322238
13.53	8.285411277796342
13.54	9.020903513219908
13.55	9.607690704227476
13.56	10.222935734901942
13.57	10.517535068299603
13.58	11.134254457179182
13.59	11.714745998620653
13.6	12.331861125863178
13.61	12.930351598969667
13.62	13.238593149732255
13.63	13.844574584453122
13.64	14.446850973514644
13.65	14.734123356943181
13.66	15.32689407415569
13.67	15.492961931862817
13.68	15.943883538245275
13.69	16.863604549656767
13.7	16.978140445660856
13.71	17.291721185825256
13.72	17.72078905242243
13.73	17.895034417556204
13.74	17.901339983638824
13.75	18.503173093181353
13.76	18.645805457408677
13.77	18.959818160435635
13.78	18.966460075009714
13.79	19.240271695345275
13.8	19.542429467087544
13.81	19.55776396105113
13.82	19.54282570279085
13.83	19.537446651603947
13.84	19.54805161129409
13.85	19.55059040042806
13.86	19.544544755470877
13.87	19.243747889105972
13.88	19.54796671262821
13.89	19.545180305145784
13.9	19.546165385811932
13.91	19.241654336641716
13.92	18.942828721224544
13.93	18.955066977628007
13.94	18.95701148659849
13.95	18.654195548965273
13.96	18.35816005438696
13.97	18.346220870314976
13.98	17.885896361950124
13.99	17.75236575735412
14.0	17.14602278816033
14.01	17.14120712864987
14.02	16.543425692311985
14.03	16.542662975245086
14.04	15.925593369812281
14.05	15.495676725858049
14.06	15.32162596036392
14.07	14.734483789733291
14.08	14.424481007016825
14.09	13.828384736867035
14.1	13.524048774330039
14.11	12.908709788877816
14.12	12.487079662752764
14.13	11.880860745747466
14.14	11.43348748463404
14.15	10.662422678057693
14.16	10.228964225342992
14.17	9.927025063443102
14.18	9.312422884440835
14.19	8.714162407428914
14.2	8.279404620363877
14.21	7.52713938760195
14.22	7.218536051399145
14.23	6.759041668854525
14.24	6.304227065789873
14.25	5.727363456240146
14.26	5.255799592903144
14.27	4.94829663090441
14.28	4.806238602712749
14.29	4.518464072119839
14.3	3.9006308860247936
14.31	3.3100994568063262
14.32	3.304164299661742
14.33	2.680585171965901
14.34	2.7079833503630732
14.35	2.391371453150145
14.36	2.101040564666958
14.37	1.808839854163069
14.38	1.7965450920867896
14.39	1.5034300690411395
14.4	1.054574364815914
14.41	1.053438128152233
14.42	0.887526069446696
14.43	0.9100385091058222
14.44	0.9051670877401803
14.45	0.9021746595665705
14.46	0.9013466587869744
14.47	0.8930038355568836
14.48	0.5878895532289735
14.49	0.8845612843831171
14.5	0.6145739772314307
14.51	0.6181005098914563
14.52	0.5971312150705496
14.53	0.6064462924198064
14.54	0.9056948831068562
14.55	1.0513573231667237
14.56	1.1912553179577117
14.57	1.5054985437878778
14.58	1.5005204468725015
14.59	1.7917761073034828
14.6	1.805250284215409
14.61	2.1154888407633163
14.62	2.4002076365655487
14.63	2.7180561278549904
14.64	3.018771392057578
14.65	3.4402629212067817
14.66	3.442377739771697
14.67	4.206739476959489
14.68	4.503538528085894
14.69	5.126638720766721
14.7	5.409352605121416
14.71	5.8453520107555015
14.72	6.305511461085293
14.73	6.920750193299841
14.74	6.9249904950169086
14.75	7.529670519338804
14.76	8.105802281529185
14.77	8.571806199152139
14.78	9.021437998627398
14.79	9.645962442609871
14.8	9.925390596300828
14.81	10.221250021220309
14.82	10.51800304319616
14.83	11.12952301257434
14.84	11.441860640942561
14.85	11.716353945804263
14.86	12.037811497556271
14.87	12.335760727094202
14.88	12.924355099992761
14.89	12.951554847899665
14.9	13.084748313729746
14.91	13.542109316011684
14.92	13.820102207770292
14.93	14.146250508412557
14.94	14.438976197813439
14.95	14.437101937481234
14.96	14.42936998231122
14.97	15.036076461942693
14.98	14.898499226782947
14.99	15.053298435552486
15.0	15.177764343482403
15.01	15.340906991172552
15.02	15.5057145713471
15.03	15.47764389222059
15.04	15.496784542370863
15.05	15.493385975187692
15.06	15.944586874168296
15.07	15.93651942421006
15.08	15.932169908969284
15.09	15.93312772304735
15.1	15.940996092498706
15.11	16.22217421776931
15.12	15.937824141917352
15.13	16.08948463354867
15.14	16.235846004676304
15.15	16.248990005312933
15.16	16.239677197876986
15.17	16.228953584701504
15.18	16.5256017818268
15.19	16.23116226808669
15.2	16.24934291053531
15.21	16.242078970397166
15.22	16.2380734012642
15.23	16.243561278926016
15.24	16.37770832435257
15.25	16.395751588160177
15.26	16.54585945757373
15.27	16.24498248816986
15.28	16.226867878960007
15.29	16.229692659149876
15.3	16.220877317888643
15.31	16.103804104810102
15.32	16.22565736833218
15.33	16.244337907706537
15.34	15.920976916997652
15.35	15.939150496240268
15.36	15.485248146502435
15.37	15.468914431974438
15.38	15.489456939932642
15.39	15.193992157876888
15.4	15.18208382883181
15.41	14.588726084626717
15.42	14.569122683891402
15.43	14.427033357583346
15.44	13.83650867217289
15.45	13.541759064792352
15.46	13.07389444798901
15.47	12.629159415888894
15.48	12.315644157301445
15.49	12.03211150838034
15.5	11.428998027858485
15.51	10.667021332500939
15.52	10.38520723296679
15.53	9.910529070212402
15.54	9.313085482841004
15.55	9.03168765521074
15.56	8.286457061455131
15.57	7.964674264475406
15.58	7.662369742640464
15.59	6.774396491566414
15.6	6.601219036319166
15.61	5.860241399771428
15.62	5.872453055685795
15.63	5.127716990337201
15.64	4.805029895073018
15.65	4.20636021864032
15.66	3.4490578075895635
15.67	3.3114160345072485
15.68	3.164798415358898
15.69	2.694699076969766
15.7	2.42055956155422
15.71	1.9562582643847912
15.72	1.8228599851210876
15.73	1.3495201928362437
15.74	1.051111612171623
15.75	1.053247977095083
15.76	1.056384815044354
15.77	0.738892241286496
15.78	0.599824165118123
15.79	0.5925841258639378
15.8	0.616169939563582
15.81	0.14243457589707786
15.82	0.29871653052787184
15.83	0.3167971024186347
15.84	0.28946376803055013
15.85	0.1675449274774236
15.86	0.5820199872908747
15.87	0.6155244627801632
15.88	0.7435836001211336
15.89	0.7458322961848458
15.9	1.0548776023367192
15.91	1.0626758193690975
15.92	1.0376989103112912
15.93	1.7946557384875603
15.94	1.9544374096385733
15.95	2.417781840966972
15.96	3.0049464519850693
15.97	3.170076265834633
15.98	3.4757891947108854
15.99	4.2021334648067175
16.0	4.36185934921511
16.01	4.827385243551632
16.02	5.41512979449577
16.03	5.875698486423871
16.04	6.63527407967948
16.05	6.91845535845671
16.06	7.374513325037485
16.07	7.810340636804402
16.08	8.254054665729106
16.09	9.01700402411316
16.1	9.632161299981952
16.11	10.222751785031333
16.12	10.217830200120638
16.13	10.662642739182651
16.14	11.438144462382224
16.15	11.592461284486774
16.16	12.187511238987065
16.17	12.484172414182838
16.18	12.92577420277014
16.19	13.081541943420136
16.2	13.379737038716794
16.21	13.838311290015648
16.22	14.13338633050483
16.23	14.443836732490945
16.24	14.745554144179359
16.25	14.744017288628259
16.26	14.721860408883165
16.27	15.034060806907023
16.28	15.335306406116976
16.29	15.479201187091817
16.3	15.4948285770109
16.31	15.476439841246696
16.32	15.483808250645042
16.33	15.494384638168668
16.34	15.484512341093243
16.35	15.471717801628834
16.36	15.481338707661664
16.37	15.497764955368824
16.38	15.49590066284006
16.39	15.49893740787228
16.4	15.34007786727873
16.41	15.336244830550028
16.42	15.178977305183768
16.43	15.19391675105938
16.44	15.020418208677736
16.45	14.736061424653784
16.46	14.571525675146175
16.47	14.447042815301371
16.48	13.829667757029208
16.49	13.852544922554891
16.5	13.524345548044653
16.51	13.087427632703099
16.52	12.921928856875418
16.53	12.495299587290678
16.54	12.301502406361635
16.55	11.726975067816179
16.56	11.426963349341738
16.57	11.127842143505262
16.58	10.530750534180827
16.59	10.232931893811756
16.6	9.763648102926341
16.61	9.62933221321087
16.62	9.012127408255736
16.63	8.710178867289171
16.64	8.272425391486182
16.65	7.805935103962133
16.66	7.38760913714098
16.67	6.9390931173916215
16.68	6.616668040293046
16.69	6.15982793536
16.7	5.869061428219897
16.71	5.407584616810467
16.72	5.102603905255059
16.73	4.81021186196465
16.74	4.376568845230105
16.75	4.209471520815702
16.76	3.9009610233916234
16.77	3.4717067100837444
16.78	3.31371196793805
16.79	3.007128395201151
16.8	2.9988293819368352
16.81	2.410372277484461
16.82	2.3993048192871784
16.83	2.258217649816279
16.84	1.9467367596510563
16.85	1.811213304889218
16.86	1.802603665045905
16.87	1.6568987438792613
16.88	1.5032097735814256
16.89	1.3558602938867135
16.9	1.0481031046239095
16.91	1.0598110348641823
16.92	1.0675576370602422
16.93	1.0600164785233164
16.94	1.3468805849324752
16.95	1.3366850663978684
16.96	1.516309885422764
16.97	1.1951047725104518
16.98	1.6636288205135494
16.99	1.8162510197677082
17.0	1.8029744333747628
17.01	2.0930420144483977
17.02	2.115690431494895
17.03	3.024920868820362
17.04	2.6976595671875057
17.05	3.00353861142639
17.06	3.4744031664011024
17.07	3.9161677308648457
17.08	4.367424676175295
17.09	4.839911995905138
17.1	5.268038247665053
17.11	5.5675251927277305
17.12	5.879559744638341
17.13	6.774788162456367
17.14	7.212903423415646
17.15	7.516202673369537
17.16	8.108203008914195
17.17	8.28458296362534
17.18	9.0408713534494
17.19	9.596485936354009
17.2	10.231376803033196
17.21	10.678381582761116
17.22	10.672685075456931
17.23	11.564577992793101
17.24	12.029065504830115
17.25	12.629916985313164
17.26	12.934342205824708
17.27	13.09467358185973
17.28	13.84640210671685
17.29	13.841282670819643
17.3	14.14177955628944
17.31	14.597678470554595
17.32	14.897336109479417
17.33	15.33923079610221
17.34	15.33108330993436
17.35	15.502961391184082
17.36	15.94473030217426
17.37	16.394581955067785
17.38	16.236161011279652
17.39	16.41658548354525
17.4	16.553291977312984
17.41	16.842913705126158
17.42	16.859693509059877
17.43	17.116438257911685
17.44	17.145538357678607
17.45	16.992064472156
17.46	17.152230092856414
17.47	16.99811144159013
17.48	16.9985639357104
17.49	16.83157560559116
17.5	16.690346355517292
17.51	16.852025610586498
17.52	16.535035403033937
17.53	16.387756129470343
17.54	16.23858160996988
17.55	15.934691805570568
17.56	15.473513525524298
17.57	15.469290830447575
17.58	15.31357323311645
17.59	15.047030238768736
17.6	14.75141317617525
17.61	14.460401391423316
17.62	14.274587945248598
17.63	13.976879759275329
17.64	13.089325064123305
17.65	12.797555026776703
17.66	12.483062070417652
17.67	12.03764631584861
17.68	11.589904774599015
17.69	11.432169852127965
17.7	10.71950437930954
17.71	10.377193209724616
17.72	9.918982336525934
17.73	9.615902595365101
17.74	9.045382544826264
17.75	8.28533909005575
17.76	8.120369934828446
17.77	7.8138731328964415
17.78	7.374626973220968
17.79	6.618193607092606
17.8	6.592734165317499
17.81	5.8729548021230915
17.82	5.8630606582406
17.83	5.4152379353297
17.84	5.115164582625192
17.85	4.5057865992848285
17.86	4.217681782608417
17.87	3.9028198191802583
17.88	3.4546623904982097
17.89	3.1577336028096674
17.9	3.0044380553409646
17.91	3.0034098782484557
17.92	2.423222882991106
17.93	2.395791572513953
17.94	2.1241776103929046
17.95	1.951614947046
17.96	1.9530963311102547
17.97	1.8178264746479385
17.98	1.640708829645651
17.99	1.0346979778050398
18.0	1.0529646373383477
18.01	1.0626807596568315
18.02	1.0573603237935685
18.03	1.0645606524958264
18.04	1.059976564096582
18.05	0.9051364558262192
18.06	0.735993864685384
18.07	0.9061915889866979
18.08	1.0345210336144337
18.09	0.8923740107800208
18.1	1.0488521138957703
18.11	1.0627532654458787
18.12	1.0629299811926596
18.13	1.053931110144215
18.14	1.0462279576940214
18.15	1.6713287490333857
18.16	1.795789250892008
18.17	1.9431557432575197
18.18	2.407712083961783
18.19	2.7028032894871887
18.2	2.9977166562882376
18.21	3.1503912377979058
18.22	3.453601973477348
18.23	3.9047060492580465
18.24	4.189254207645389
18.25	4.818084307839625
18.26	5.10167612022052
18.27	5.71335355226396
18.28	5.874771938488944
18.29	6.45780787207333
18.3	7.221365073179309
18.31	7.527702428153026
18.32	7.808999789497452
18.33	8.269381828622578
18.34	8.860635170241158
18.35	9.321640812538426
18.36	9.767089009725975
18.37	10.524043945747103
18.38	10.68054523598108
18.39	11.430611122155165
18.4	11.891700501637196
18.41	12.351570527946958
18.42	12.616175971902056
18.43	12.933141087155493
18.44	12.941116040497358
18.45	13.682190962260256
18.46	13.984967439591333
18.47	14.432711014658175
18.48	14.584510503268431
18.49	14.587238533754906
18.5	15.026651737100638
18.51	15.502928539891919
18.52	15.492045755074153
18.53	15.486500270404294
18.54	15.50323594320272
18.55	15.953233013457007
18.56	16.236187936826784
18.57	16.24828980662783
18.58	16.39956383624857
18.59	16.231656511784838
18.6	16.229235628375207
18.61	16.2388603901076
18.62	16.235191015523036
18.63	16.240034969161922
18.64	16.083174435017227
18.65	16.234771140471924
18.66	15.476026829431627
18.67	15.805984746608413
18.68	15.491795701737555
18.69	15.472413469010588
18.7	15.182310781571775
18.71	15.030470996860142
18.72	14.88592099581411
18.73	14.432014373598067
18.74	14.269161186501286
18.75	13.8364700620413
18.76	13.550547818355618
18.77	13.082719863723911
18.78	12.626641947845618
18.79	12.63674809883663
18.8	12.030338632977049
18.81	11.418927965901887
18.82	11.128498016267248
18.83	10.66202821973078
18.84	10.230161605458877
18.85	9.929474633954129
18.86	9.462252474107101
18.87	9.021873783269815
18.88	8.273549385359615
18.89	7.967296926494489
18.9	7.674510179490029
18.91	7.231354362331045
18.92	6.613881078968763
18.93	6.312569865426813
18.94	5.546075063097893
18.95	5.426267323693602
18.96	4.9436073007201795
18.97	4.80693877753889
18.98	4.225408894940062
18.99	3.9176507675584933
19.0	3.453693263836333
19.01	3.4476650973170124
19.02	3.007278147831597
19.03	2.6973605946459527
19.04	2.4153261910748602
19.05	2.1140816022999136
19.06	1.808838044178155
19.07	1.8065043889728274
19.08	1.0414529338564982
19.09	1.061043974342203
19.1	0.8893693528001406
19.11	0.7451733753484571
19.12	0.7508516242106483
19.13	0.45288863857450634
19.14	0.44188946990386363
19.15	0.3009632506449582
19.16	0.32271922657031593
19.17	0.151028224203912
19.18	-0.014755519214153738
19.19	0.1492784769041942
19.2	0.014524577526053628
19.21	0.13378781527497932
19.22	0.1646698116786501
19.23	0.14096366382493788
19.24	0.6032147570570022
19.25	0.623363900455715
19.26	0.5968408423454824
19.27	0.7347630090332008
19.28	1.0501176117183821
19.29	1.0589394721489755
19.3	1.4937877755901516
19.31	1.8140612096478212
19.32	1.8263663393854255
19.33	2.4002339533563894
19.34	2.723249883786423
19.35	2.6892881495321315
19.36	3.323146353364114
19.37	3.4517850661102103
19.38	4.217507941172634
19.39	4.797528711487402
19.4	5.111169570334209
19.41	5.415390332713859
19.42	5.873279026913103
19.43	6.4566775101354725
19.44	6.919391271052795
19.45	7.524797694090466
19.46	7.816256518543219
19.47	8.265210586919954
19.48	8.870972502076752
19.49	9.619548076284607
19.5	10.085342436882616
19.51	10.52712722171575
19.52	10.682459538232479
19.53	11.42353564692697
19.54	12.033579078092792
19.55	12.334918136305774
19.56	12.63228853347241
19.57	13.085095496090064
19.58	13.689063927929771
19.59	13.95207552502287
19.6	14.43831457762463
19.61	14.745960769443178
19.62	15.339344197168968
19.63	15.480056609484363
19.64	15.92116903889938
19.65	16.24295537682308
19.66	16.392943635222146
19.67	16.538324308001204
19.68	16.84326639610697
19.69	17.127793825429464
19.7	17.453928232141635
19.71	17.44034573777752
19.72	17.74959466612678
19.73	17.7405887988751
19.74	17.744027899636666
19.75	17.881375059408708
19.76	17.892331267240916
19.77	17.74577465880598
19.78	17.88245550602018
19.79	17.881910146607172
19.8	17.897105114033867
19.81	17.89410592992299
19.82	17.73418707117635
19.83	17.757234046283358
19.84	17.749323370699443
19.85	17.74407843919865
19.86	17.4449164859509
19.87	17.426145106173827
19.88	16.837067443290856
19.89	16.552926130062342
19.9	16.397372907715575
19.91	15.938368651158127
19.92	15.799053195325156
19.93	15.177914994122352
19.94	15.037113209394459
19.95	14.439739899548618
19.96	14.141094858441274
19.97	13.521263833818239
19.98	12.93968780262087
19.99	12.644757505511057
20.0	12.03308819419475
