10.01	5.115167128750311
10.02	5.11028280472982
10.03	4.905279892299324
10.04	4.71206197444936
10.05	3.7547449476041415
10.06	3.7206406357752733
10.07	3.7193183718301377
10.08	3.5346481169404553
10.09	3.149571207884329
10.1	2.964411477899037
10.11	2.7631666353566557
10.12	2.366300008205287
10.13	2.3531939141424774
10.14	2.350707807709364
10.15	2.354221388448828
10.16	1.952071698945461
10.17	1.5807102540599334
10.18	1.5862298866975924
10.19	1.3627551816906156
10.2	1.1830841314301392
10.21	1.1900877280356903
10.22	0.578969857026245
10.23	0.9792902628933523
10.24	0.7957592608615495
10.25	0.5795407847306132
10.26	0.5960569251437228
10.27	0.5916448129077453
10.28	0.6033786138336439
10.29	0.5965128904362368
10.3	0.6078850261250709
10.31	0.593676999740864
10.32	0.5926953436200213
10.33	1.3728475748411488
10.34	0.5838676404689719
10.35	1.5668343902670654
10.36	1.578941700314
10.37	1.9559743740537723
10.38	1.7729832507329022
10.39	2.3658350142190643
10.4	2.3567156328316856
10.41	2.543924383436109
10.42	3.1354852696918605
10.43	3.14914377587656
10.44	3.3348349151711494
10.45	3.747440878682228
10.46	4.321233353693714
10.47	4.321360360416519
10.48	4.896931225939162
10.49	5.110059323062289
10.5	5.702738613258966
10.51	6.274472115879258
10.52	6.493665443287494
10.53	6.680970977005821
10.54	6.869858019210374
10.55	7.863499943472813
10.56	8.029616870227214
10.57	8.648817090346158
10.58	9.026599124347344
10.59	9.450820038417548
10.6	10.013050903146313
10.61	10.602291317344495
10.62	11.179883114937386
10.63	11.59200749261654
10.64	11.777624233397429
10.65	12.57046204708027
10.66	12.75633474414498
10.67	12.961995209262396
10.68	13.155951719771926
10.69	14.163199852864478
10.7	14.727998126366154
10.71	15.111919288595098
10.72	15.337388990180273
10.73	15.722969917113941
10.74	15.91478741861204
10.75	16.308990261535506
10.76	16.30988009216546
10.77	17.278727404617587
10.78	17.489824708379896
10.79	17.888390299834807
10.8	18.063159192632984
10.81	18.851398568837055
10.82	18.650277847858018
10.83	19.070102686157636
10.84	19.06410440219794
10.85	19.43649607284191
10.86	19.454578163279066
10.87	20.013429601675846
10.88	20.026647765149047
10.89	20.230019447281446
10.9	20.219064672080698
10.91	20.632194430526855
10.92	20.627366635109336
10.93	20.8257170862785
10.94	21.22623608344466
10.95	21.21263628505821
10.96	21.42312568815846
10.97	21.22117174897776
10.98	21.023423488758805
10.99	21.211264824021995
11.0	21.211107529218875
11.01	21.21728834839691
11.02	20.823969894462603
11.03	20.834359542414195
11.04	20.649919349388032
11.05	20.427024204423915
11.06	20.445310463459755
11.07	20.05124074625127
11.08	20.422755595371342
11.09	19.84969062140574
11.1	19.452785407832017
11.11	19.44817783051848
11.12	19.25551915860211
11.13	19.235766728764123
11.14	18.865964241890588
11.15	18.664335196916873
11.16	18.076242142114406
11.17	17.88090884101428
11.18	17.68140200651733
11.19	17.29571813423849
11.2	16.678457854354694
11.21	16.308397829745058
11.22	16.29110027457901
11.23	15.719158064511173
11.24	15.316577497493197
11.25	14.933514837199965
11.26	14.165775769051972
11.27	14.33335690957618
11.28	13.185705699903009
11.29	13.149577878990163
11.3	12.774139647081187
11.31	12.579993605595476
11.32	11.589059100310106
11.33	11.393069459447611
11.34	11.190685869619008
11.35	10.62655935289645
11.36	10.011282703887128
11.37	9.82607666504707
11.38	9.415435594731623
11.39	8.82399342588445
11.4	8.250011968432506
11.41	8.259750412159873
11.42	7.857868744718876
11.43	6.884496351308128
11.44	6.869472263045882
11.45	6.682654600692452
11.46	6.282629857864432
11.47	6.293641517660959
11.48	5.50380791659811
11.49	5.298228347155644
11.5	5.105874248010875
11.51	4.721493328791058
11.52	4.32292349649619
11.53	3.730395015175192
11.54	3.7475412711043825
11.55	3.7261229629547565
11.56	3.3363214838228945
11.57	3.3326646638062885
11.58	3.1447305390147293
11.59	3.1433560338302056
11.6	2.9442809296970287
11.61	2.5468232749744635
11.62	2.341303677881539
11.63	2.3656999819462365
11.64	2.1415432652767112
11.65	1.9521727479445212
11.66	1.97875145277956
11.67	1.746592809266877
11.68	1.968317440434756
11.69	1.7686259034535654
11.7	1.7419366908330762
11.71	1.5725577685914052
11.72	1.5813222751822333
11.73	1.5622752229259174
11.74	1.778431511026325
11.75	1.5737297584555172
11.76	1.9542785469252733
11.77	1.764677460128238
11.78	1.9471009581709893
11.79	1.9731083133973286
11.8	1.9701455601822742
11.81	2.3670044047467815
11.82	2.351154151560117
11.83	2.3576170812664214
11.84	2.760701403062188
11.85	2.941809359859317
11.86	3.1373619208972916
11.87	3.158647997109535
11.88	3.5228084993684683
11.89	3.5439404298780928
11.9	3.7268542459423104
11.91	3.7226024405813254
11.92	3.7256388792479296
11.93	4.716311989694969
11.94	5.108738371158929
11.95	5.12553323784586
11.96	5.496532682454838
11.97	5.697544326126404
11.98	5.88594062252783
11.99	6.28835639704738
12.0	6.489021391540367
12.01	6.871388139222299
12.02	7.273302503912564
12.03	7.849901301019027
12.04	8.073188147223854
12.05	8.447030337033336
12.06	8.620837409241945
12.07	9.419557505727369
12.08	9.42099817933428
12.09	9.818405508703554
12.1	10.009637881382849
12.11	9.999264272399943
12.12	10.612950891114389
12.13	11.008470866015205
12.14	11.197342572570514
12.15	11.776701279510034
12.16	12.182705472013566
12.17	12.560758860407137
12.18	12.754856656397456
12.19	12.747649673027828
12.2	13.133710110307284
12.21	13.750650524820731
12.22	13.169391482576692
12.23	14.121107934436177
12.24	14.343129539348624
12.25	14.547581135430208
12.26	14.9319104224018
12.27	15.121306070182381
12.28	15.133335351029482
12.29	15.706686829181537
12.3	15.732211743324035
12.31	16.088217701921128
12.32	16.306917002681594
12.33	16.303829129455046
12.34	16.31149981358417
12.35	17.10220196815528
12.36	17.28341993780162
12.37	17.292131164182386
12.38	17.295098095751943
12.39	17.46614247123866
12.4	17.482150567360684
12.41	17.682840048626044
12.42	17.684083703144736
12.43	17.680769372938247
12.44	17.496598053232074
12.45	17.686111666241917
12.46	18.068771698625618
12.47	17.466791804208235
12.48	17.880984321116642
12.49	17.478280347196005
12.5	17.501495266770466
12.51	16.898842220041043
12.52	17.096343604895974
12.53	16.696791780657872
12.54	16.304460698910084
12.55	16.312118890171185
12.56	16.31350514621528
12.57	16.092748972657905
12.58	15.710717242069828
12.59	15.722528562559681
12.6	15.121905013524316
12.61	14.937720436404714
12.62	14.53156366523314
12.63	13.72689364715106
12.64	13.166298083062525
12.65	13.162287621259306
12.66	12.777949194057939
12.67	12.774749089300819
12.68	11.799230474520716
12.69	11.602447452197026
12.7	11.382883474644345
12.71	10.816778068179941
12.72	10.412603610835129
12.73	10.025235670588332
12.74	9.808702420614475
12.75	9.432828088776512
12.76	8.65797221766599
12.77	8.636671028461524
12.78	8.065413319886419
12.79	7.4749557454262
12.8	7.2544875668197735
12.81	6.883861413078105
12.82	6.292023057675665
12.83	5.895050287274847
12.84	5.692878091052517
12.85	5.507375804054403
12.86	5.113264260614905
12.87	5.106499078433928
12.88	4.719890903958188
12.89	4.329168619847542
12.9	3.7408556405101643
12.91	3.734314382975544
12.92	3.546298410923146
12.93	3.1444269781628718
12.94	2.947551176299088
12.95	2.5494916930723264
12.96	2.354189368511216
12.97	2.1702668108834864
12.98	1.943331887731222
12.99	1.7705274819339578
13.0	1.5766564975659676
13.01	1.7667377431642433
13.02	1.5859441652407822
13.03	1.382593492135938
13.04	1.1769345936455458
13.05	0.570710215949953
13.06	0.8087142693028246
13.07	1.1659123431005356
13.08	1.1742461577948604
13.09	0.5726423518602456
13.1	1.1775945324061252
13.11	1.1730357510766605
13.12	1.1975397700209414
13.13	1.1895711933045758
13.14	1.1828261468186947
13.15	1.3676726728772337
13.16	1.1888403819253988
13.17	1.174281004443746
13.18	1.5750050124659294
13.19	1.3899191761147318
13.2	1.9441452187111445
13.21	1.9555787053270999
13.22	2.3566768159838576
13.23	2.3661056658720945
13.24	2.3597891058307394
13.25	2.7626416341369375
13.26	2.7331292177013373
13.27	2.7356125853565616
13.28	3.545011609565457
13.29	3.5462778388277365
13.3	3.540069760461797
13.31	3.532180096286245
13.32	4.3326839480966255
13.33	4.703061860077147
13.34	5.11869378673858
13.35	5.093373410454673
13.36	5.499214549545523
13.37	5.888037748494714
13.38	5.900636902243702
13.39	6.481535164154291
13.4	6.881671933041667
13.41	7.478221796203385
13.42	7.871143631005283
13.43	8.246162020895085
13.44	8.64376261134142
13.45	9.020399655086186
13.46	9.441556642760764
13.47	10.030937826965381
13.48	10.611683187977619
13.49	10.996838150731513
13.5	11.398560283750706
13.51	12.185175282160724
13.52	12.382080704535255
13.53	12.957387834323296
13.54	13.146492171131744
13.55	13.742016500167738
13.56	14.562894539573708
13.57	14.52745367685847
13.58	15.320104014578723
13.59	15.906784190364814
13.6	16.30908985304449
13.61	16.312606898226495
13.62	17.284490165944693
13.63	17.6698598334212
13.64	18.458329667776958
13.65	18.66574166377504
13.66	19.242733484814682
13.67	19.45948065484543
13.68	20.064938909136217
13.69	20.03912082639428
13.7	20.234420945746237
13.71	20.838846981428873
13.72	20.80033126884647
13.73	21.216232452216417
13.74	21.212630800599882
13.75	21.605028532363885
13.76	21.435625958499653
13.77	21.607159441983356
13.78	21.617251133412363
13.79	22.02916542997881
13.8	21.61763805559765
13.81	21.602979409509896
13.82	21.606846464010992
13.83	21.6085307484815
13.84	21.407974747997336
13.85	21.219262542467792
13.86	20.841103090600477
13.87	20.81999886495406
13.88	20.22928372950082
13.89	20.045302222169187
13.9	19.439799195368316
13.91	19.23932541324164
13.92	19.245447626595755
13.93	18.4750609649938
13.94	18.08783896238652
13.95	17.680675593154096
13.96	17.47228521925078
13.97	16.70159988386158
13.98	16.279802101728993
13.99	16.112309629920414
14.0	15.312953269417088
14.01	15.1271269268747
14.02	14.146169496196956
14.03	13.764915190470298
14.04	13.164195384046971
14.05	12.768860285425545
14.06	12.17337557285319
14.07	11.392434749779186
14.08	10.983116090547227
14.09	10.605103406323648
14.1	9.828488438756251
14.11	9.8176809757665
14.12	9.020057232233954
14.13	8.249044063089462
14.14	7.855042881241101
14.15	7.446311248850584
14.16	6.892521508797979
14.17	6.670315775982294
14.18	6.281915480520372
14.19	5.4841136536742185
14.2	5.495981295131647
14.21	4.714820622284546
14.22	4.537521482277521
14.23	3.736340464897155
14.24	3.7466809688683345
14.25	3.5397770340480634
14.26	3.1291528763341487
14.27	2.7484712833117624
14.28	2.3594204191501063
14.29	2.345376830455674
14.3	1.9501103826393702
14.31	1.9671687223259415
14.32	1.5678533542885766
14.33	1.5597082128007023
14.34	1.1727674621131787
14.35	1.1748974389189784
14.36	0.7930180681672137
14.37	0.6226449521104043
14.38	1.1975784372498248
14.39	0.6028242528835802
14.4	0.9925705644293882
14.41	0.5871826416790943
14.42	1.1782984464067956
14.43	1.173638989447525
14.44	1.156956022356385
14.45	1.1783824973640828
14.46	1.1858364282694378
14.47	1.5736672736884387
14.48	1.190656434401025
14.49	1.5665189086189766
14.5	1.5732449441287901
14.51	1.9592323840294947
14.52	1.9540229769775312
14.53	1.971886996773458
14.54	2.3467308903422732
14.55	2.5527613700490717
14.56	2.7598756504529374
14.57	2.732372693366253
14.58	3.140001711079454
14.59	3.5347874969898667
14.6	3.527556106854204
14.61	3.74208161643933
14.62	4.306151239998032
14.63	4.32828134600178
14.64	4.711773555431422
14.65	5.113701665853819
14.66	5.518368634655848
14.67	5.490833335330864
14.68	6.309974920375329
14.69	5.911019104803557
14.7	6.285572032286094
14.71	6.482943809355868
14.72	6.86861242541399
14.73	7.448969740573857
14.74	7.862082104010102
14.75	7.866948955569269
14.76	8.660531329399161
14.77	8.646505989435164
14.78	9.043127507034242
14.79	9.817536546461723
14.8	9.837383997445198
14.81	10.017396323231758
14.82	10.611878883833935
14.83	10.98210566063407
14.84	10.994405721473186
14.85	11.611269883240517
14.86	12.162896219924031
14.87	12.196061630639505
14.88	12.575508469223406
14.89	12.950980817865194
14.9	13.15269312032432
14.91	13.75934175558428
14.92	14.149112269458863
14.93	14.731531107968175
14.94	14.923707394375842
14.95	15.331893741615563
14.96	15.723374311645419
14.97	16.121621013171513
14.98	16.11327690435515
14.99	16.908246540632362
15.0	17.283835834742973
15.01	17.282768469174382
15.02	18.078149719448756
15.03	18.074482361479134
15.04	18.078307240374894
15.05	18.460257420088627
15.06	18.85084381100523
15.07	19.244654924834702
15.08	18.850371007853646
15.09	19.25631308572996
15.1	19.248276974486846
15.11	19.239396020692574
15.12	19.249886323492152
15.13	19.444490289700767
15.14	19.444916702887213
15.15	19.249288556951768
15.16	19.25462081052753
15.17	19.238815424778902
15.18	19.054079769194477
15.19	19.24918045989117
15.2	18.642865571469724
15.21	18.473510507635083
15.22	18.081832189675133
15.23	18.068249899721085
15.24	17.292187150850403
15.25	17.2978845998211
15.26	17.296329755650525
15.27	16.312158542364138
15.28	16.107703751021173
15.29	16.114069981046292
15.3	15.735925013855658
15.31	15.110498214232262
15.32	14.554500684672956
15.33	14.139153396790903
15.34	13.763312210235304
15.35	13.165849731409258
15.36	12.792809738346003
15.37	12.16784161004574
15.38	12.189247831120936
15.39	11.198641684169198
15.4	11.005696927648358
15.41	10.006863416932328
15.42	10.029897811473504
15.43	9.645316397593245
15.44	9.046824115722972
15.45	8.633836446970763
15.46	7.879276650244655
15.47	7.466826419560548
15.48	6.884665501974129
15.49	6.664094710726549
15.5	6.2965264011805475
15.51	6.291045099917799
15.52	5.106992971274896
15.53	5.138396927295551
15.54	4.520921059214707
15.55	4.304547221924182
15.56	3.5344665823835317
15.57	3.535124309526515
15.58	3.5327677433459637
15.59	2.9496099969707954
15.6	2.7421487628746384
15.61	2.158801906566751
15.62	1.9660142076633385
15.63	1.9568086141225942
15.64	1.5787097803984955
15.65	1.37282047816243
15.66	1.180229032964087
15.67	1.1677969789965392
15.68	0.597321197435144
15.69	0.399214040752401
15.7	0.5944267198591657
15.71	0.1819337613307146
15.72	0.38243969513435083
15.73	-0.006073998521803356
15.74	0.40816661712609337
15.75	0.3880398429546891
15.76	0.19196811618963355
15.77	-0.02216215864589831
15.78	0.19073250093749217
15.79	0.4005706004190953
15.8	-0.02296213336841701
15.81	0.5920048821064164
15.82	0.5684402574864441
15.83	0.4008807296413027
15.84	0.5898405357748143
15.85	0.5861530066105759
15.86	0.5805956397489715
15.87	0.5686362214671321
15.88	1.1867560570396547
15.89	1.5675962207677427
15.9	1.3815180890214693
15.91	1.9465572367891024
15.92	1.9427310465858254
15.93	2.3617752112377444
15.94	2.748867964981184
15.95	2.7568583799100077
15.96	3.1460902855272885
15.97	3.538605383371405
15.98	3.5553084741494905
15.99	3.5465145062006997
16.0	3.7231100593099407
16.01	4.514737585706038
16.02	4.731122438283954
16.03	5.1083609462790065
16.04	5.116788590711958
16.05	5.493283432910986
16.06	5.889564193728955
16.07	6.69383528354258
16.08	6.895073585741024
16.09	6.869193608393
16.1	7.873439992754901
16.11	8.242643151625444
16.12	8.651152097119867
16.13	9.048133777574169
16.14	9.03332265171136
16.15	9.842862960125412
16.16	10.032867489212917
16.17	10.822907573398506
16.18	11.001135979694322
16.19	11.382935869077754
16.2	11.770585991907012
16.21	12.186106681046086
16.22	12.568633555536639
16.23	12.977480408543116
16.24	13.165552543426122
16.25	13.765395739530469
16.26	14.138384116857978
16.27	14.55366525594278
16.28	14.915736514833206
16.29	15.322358969118628
16.3	15.714046789119829
16.31	15.713696462447903
16.32	16.11972630775878
16.33	16.309742332945238
16.34	16.306811149750505
16.35	16.30360806458922
16.36	17.28513982283749
16.37	17.2827111610754
16.38	17.283100236030176
16.39	17.296149496116197
16.4	17.488470067116147
16.41	17.692149381234447
16.42	18.0773127105016
16.43	17.682941077761882
16.44	18.07720044235961
16.45	18.080824197859414
16.46	18.091559919071695
16.47	18.079593537432412
16.48	18.053216935997575
16.49	18.074785872527503
16.5	18.07875407796492
16.51	18.063022263452577
16.52	18.077621953014635
16.53	18.089402034193192
16.54	18.282060635397194
16.55	18.07707229238674
16.56	17.87431105323737
16.57	17.492086157277093
16.58	17.481691081062614
16.59	17.28492137107695
16.6	16.890610411477468
16.61	16.89170848699027
16.62	16.320426904730027
16.63	16.304828526462053
16.64	16.310601365547374
16.65	15.918970399545367
16.66	15.918036094334008
16.67	15.141427133153579
16.68	15.51863917618775
16.69	15.121149802791788
16.7	14.942503108613153
16.71	14.154301814578817
16.72	13.17624937618912
16.73	13.160361746080408
16.74	12.763436892179211
16.75	12.584502873148391
16.76	11.98752141076116
16.77	11.797839962543968
16.78	11.1864929321263
16.79	10.000571494094153
16.8	10.019685691454425
16.81	9.624971346149518
16.82	9.441140100146994
16.83	8.846384757988913
16.84	8.432297506648691
16.85	7.869524303121943
16.86	7.855511105910495
16.87	6.883039732517893
16.88	6.48580691283671
16.89	6.271507596963906
16.9	5.696061212268124
16.91	5.498218221986305
16.92	4.896898750705316
16.93	4.724967094642322
16.94	3.7302264704818477
16.95	3.529922467537941
16.96	3.5295716562748973
16.97	3.331240809328465
16.98	3.154905841453134
16.99	2.756681212662141
17.0	2.551165172758257
17.01	1.9812274530351794
17.02	1.773937877087655
17.03	1.7665588112892077
17.04	1.7510440331920696
17.05	1.5679353434316423
17.06	1.19247085155155
17.07	0.6035393765008246
17.08	0.5896348230815905
17.09	0.5936182667286788
17.1	0.5947712484512162
17.11	0.5954716066937128
17.12	0.5813402068124524
17.13	0.5763438880046865
17.14	0.39414622403057054
17.15	0.5874868990845931
17.16	0.5809644232762878
17.17	0.5918726984970285
17.18	0.6008935841670492
17.19	0.19017456760975568
17.2	0.7943867326207539
17.21	0.5833783042331859
17.22	0.5902839596108778
17.23	0.5843910455510559
17.24	1.5572489964160132
17.25	1.1825645152784598
17.26	1.1715582628291803
17.27	1.5522860694821468
17.28	1.5674128441629547
17.29	1.9617498837617673
17.3	1.7815803862066553
17.31	1.9674404515578567
17.32	2.346978119735915
17.33	2.756934969461515
17.34	3.14254544260009
17.35	3.146206795273095
17.36	3.344366088352445
17.37	3.5283811643674685
17.38	3.7218027070296276
17.39	4.319253147672233
17.4	4.717933022519948
17.41	4.908486772169927
17.42	5.512266976831717
17.43	5.715510371916089
17.44	6.29024361892893
17.45	6.306340001296734
17.46	6.874342953030398
17.47	6.894500884548611
17.48	7.657285023843829
17.49	8.25975380765051
17.5	8.640263519589753
17.51	9.438266048714103
17.52	9.430002635760303
17.53	9.824241034027922
17.54	10.017621711946239
17.55	11.019780588742613
17.56	11.011800547310749
17.57	11.403481903375193
17.58	11.962309344486245
17.59	12.378593094237988
17.6	13.15033698130823
17.61	13.15983709165806
17.62	13.162147400212502
17.63	14.127433153720453
17.64	14.345750309875546
17.65	14.747079850734513
17.66	14.948596076047798
17.67	15.312691482460387
17.68	15.332189372124212
17.69	15.906118083313995
17.7	16.113526240532632
17.71	16.29167431265086
17.72	16.303630299978387
17.73	16.29360513039337
17.74	16.70138351446688
17.75	16.892727219932784
17.76	17.104984317123282
17.77	16.904221177206512
17.78	16.90717372536655
17.79	16.900421609233977
17.8	17.107283793627424
17.81	16.89364201021749
17.82	16.894230884695734
17.83	16.320709570459435
17.84	16.69761550268836
17.85	16.298781200226887
17.86	16.307514295914117
17.87	16.306990329819307
17.88	16.108555865212242
17.89	15.730085540869997
17.9	15.712510455847523
17.91	15.339480422391524
17.92	14.942397008929007
17.93	14.936096931191226
17.94	14.345583776509201
17.95	14.120845180977962
17.96	13.75743322454874
17.97	13.187168656404248
17.98	13.159542059502186
17.99	12.771720652885342
18.0	12.560445588052032
18.01	11.788981186959541
18.02	11.39669333811749
18.03	10.995347311273841
18.04	10.015375534834797
18.05	10.021032644138309
18.06	9.639847561193086
18.07	9.422295668140318
18.08	8.833082849874323
18.09	8.641463377333496
18.1	7.855006388939924
18.11	7.452156059078184
18.12	6.87115484575371
18.13	6.895110581243247
18.14	6.670989767467979
18.15	6.276368944683621
18.16	5.693608659268733
18.17	5.4919865673268955
18.18	4.895793234196787
18.19	4.714104910134871
18.2	4.321441591775266
18.21	3.7198879175931676
18.22	3.5196749114578094
18.23	3.5282007323004687
18.24	3.343908726038706
18.25	2.7433340879739307
18.26	3.1366736179751626
18.27	2.7617598242323442
18.28	2.356299834905729
18.29	2.55479480685945
18.3	2.3501587991249235
18.31	1.959353646335761
18.32	1.7800599303700329
18.33	2.35034575258407
18.34	1.7596472313751161
18.35	1.964599020006737
18.36	1.9801126218476304
18.37	1.5737372739804127
18.38	1.7682972645316253
18.39	1.954418491216503
18.4	1.572582029511362
18.41	1.7745322775936894
18.42	1.958694274592085
18.43	1.9645292785042303
18.44	2.166326485204014
18.45	2.355269986830985
18.46	2.3778708311613346
18.47	2.367223519042784
18.48	2.3577789145653396
18.49	2.540513049864875
18.5	3.1445649826670548
18.51	3.1274925630043935
18.52	3.1488456304688968
18.53	3.3434692250292604
18.54	3.7376569690069537
18.55	3.7275766007629447
18.56	4.318154872567663
18.57	4.695680687230763
18.58	4.716932346922418
18.59	5.082245037356439
18.6	5.5041038837877485
18.61	5.873851352218176
18.62	6.286533967669357
18.63	6.290205934826623
18.64	6.874559130976916
18.65	6.8706639485499945
18.66	7.4612949879132735
18.67	8.655093304514342
18.68	8.034314211637902
18.69	9.011405177560274
18.7	9.245428791636144
18.71	9.840166694700082
18.72	10.023365776248289
18.73	10.597240639895904
18.74	11.034245833515724
18.75	11.187605740492247
18.76	11.399465946891235
18.77	12.585234397533272
18.78	12.576917937265861
18.79	12.565729936373666
18.8	13.16411891345064
18.81	13.540094930546786
18.82	14.132621889848032
18.83	14.141647263066446
18.84	14.337512762328606
18.85	14.732237610274076
18.86	14.934666762332656
18.87	14.933099416796752
18.88	15.112139348837847
18.89	15.13312339322517
18.9	15.32448950992419
18.91	15.71333781231824
18.92	15.335372930678876
18.93	15.321304541685063
18.94	15.706235371758568
18.95	15.714032770149482
18.96	15.716844663469477
18.97	15.717548913335548
18.98	14.934968942885805
18.99	14.925118274715988
19.0	14.538011332617263
19.01	14.726938640985432
19.02	14.526442985045584
19.03	14.529917296874018
19.04	14.527800687818402
19.05	13.75887219686526
19.06	13.367247304371306
19.07	13.15793147168503
19.08	12.968386346885424
19.09	12.576081014692491
19.1	12.161532030192605
19.11	12.20166746599183
19.12	11.806407375305913
19.13	11.382385392303107
19.14	10.988656091381415
19.15	10.606869132090644
19.16	10.006341843301708
19.17	9.615222295300294
19.18	9.436414772079027
19.19	9.036837673839537
19.2	8.644017160850943
19.21	8.277929276262736
19.22	7.462743180862905
19.23	6.882208584151816
19.24	6.687594412618119
19.25	6.270316573195707
19.26	5.895086526158862
19.27	5.486141386767483
19.28	5.1018652622509535
19.29	5.103197135105671
19.3	4.506970942938806
19.31	4.526666680859415
19.32	3.7349673091220974
19.33	3.534649285837747
19.34	3.5500960123907697
19.35	3.142813947857105
19.36	2.759500393253014
19.37	2.741267980268272
19.38	2.3501946316751003
19.39	2.360490634763421
19.4	2.360894126489023
19.41	1.9652003968847997
19.42	1.588692193931746
19.43	1.3728365846584638
19.44	1.590424103427335
19.45	0.78578228091185
19.46	1.1702293530484071
19.47	1.1685980211169653
19.48	1.1787332085614486
19.49	0.5900613896373532
19.5	0.6072108178510073
19.51	0.5729487400314156
19.52	1.1861136631725553
19.53	1.5699491202616485
19.54	1.1919924664898094
19.55	1.5778322808720526
19.56	1.3696866112602988
19.57	1.3765363267310615
19.58	1.5744186781639917
19.59	1.5657813674952903
19.6	1.9600164325853344
19.61	2.3597275522742134
19.62	2.7342843252561306
19.63	2.7628036080921365
19.64	2.756547593914005
19.65	2.7464560425354323
19.66	3.538329774277969
19.67	3.5380447084031004
19.68	3.9358793758587556
19.69	4.309105993060009
19.7	5.106192767509018
19.71	5.12586469096005
19.72	5.50969294899354
19.73	5.885701818154862
19.74	6.289159313675445
19.75	6.685714843933199
19.76	7.074383670109825
19.77	7.481242208895083
19.78	7.84921010576997
19.79	8.269381872014307
19.8	8.636092843767651
19.81	9.418968619654045
19.82	9.825617865455252
19.83	9.81294391858481
19.84	10.036050010675362
19.85	10.81187270458902
19.86	11.199105039748058
19.87	11.388211675293878
19.88	12.1973966613093
19.89	12.191185064745081
19.9	12.56798256147213
19.91	12.76645284364489
19.92	12.970425861491835
19.93	13.762358136037966
19.94	13.737036645324226
19.95	14.544777813706748
19.96	13.94067262283347
19.97	14.153966190053353
19.98	14.91842102557994
19.99	14.920199722496763
20.0	14.924731010673527
