10.0	0.24677797421234685
10.01	0.23393295762509944
10.02	0.2408939765155487
10.03	0.2757066653179926
10.04	0.23079123616008768
10.05	0.23157830223378206
10.06	0.22079480299363466
10.07	0.243109622943343
10.08	0.2370986897927835
10.09	0.2465083308304918
10.1	0.2503263597772939
10.11	0.2455017921789345
10.12	0.23634415086301
10.13	0.2384576719633356
10.14	0.2464174161945756
10.15	0.24760576474127033
10.16	0.2341872538188476
10.17	0.23381676033169857
10.18	0.23621180637373126
10.19	0.23385340953317815
10.2	0.23831777719861863
10.21	0.25359253664100506
10.22	0.25129051637776256
10.23	0.24778855756847168
10.24	0.24432004661384726
10.25	0.2292261353280508
10.26	0.2534426295893278
10.27	0.23285417453938337
10.28	0.2426601506291313
10.29	0.23699055482878198
10.3	0.24354329917248038
10.31	0.23742098397616357
10.32	0.23909935859193623
10.33	0.2413343604895256
10.34	0.24710315523184223
10.35	0.23366370923960092
10.36	0.25164944813877965
10.37	0.23048901043428824
10.38	0.24208097175491217
10.39	0.2521656331746104
10.4	0.24089765795305848
10.41	0.23500979605119426
10.42	0.23421550875531108
10.43	0.23257789266919165
10.44	0.25199950473596877
10.45	0.22897806047852623
10.46	0.22904967658707112
10.47	0.2255396058633286
10.48	0.2392345149841041
10.49	0.2510596466393233
10.5	0.20670756522108652
10.51	0.22995361468951767
10.52	0.2374974740097334
10.53	0.2526267865368086
10.54	0.24372396723906162
10.55	0.23587156541234433
10.56	0.24050923611982267
10.57	0.22079903247141244
10.58	0.2206816004737167
10.59	0.23160898628348378
10.6	0.23461636048553972
10.61	0.2280924561453625
10.62	0.24515923893789962
10.63	0.24352994839583006
10.64	0.21929183441063918
10.65	0.2416812816407133
10.66	0.2361771062553303
10.67	0.22175764464056957
10.68	0.23093424889778855
10.69	0.2511189975462737
10.7	0.22867861543575815
10.71	0.23526536880653504
10.72	0.2374411358156069
10.73	0.2334240678165038
10.74	0.2431564024200882
10.75	0.23553714964729397
10.76	0.23303485347894876
10.77	0.2282174598008419
10.78	0.22718189508807873
10.79	0.24837692101112527
10.8	0.2327978255297539
10.81	0.24029092665924615
10.82	0.24159416271601875
10.83	0.23442391843449287
10.84	0.2497833359501524
10.85	0.22670871093066539
10.86	0.2450654311337687
10.87	0.23006539251093328
10.88	0.24999889684170723
10.89	0.23263602670254277
10.9	0.21833862491057482
10.91	0.24419856899682815
10.92	0.23173069367903013
10.93	0.23786712765142853
10.94	0.24042779439948175
10.95	0.23773992418434636
10.96	0.2465661416469809
10.97	0.23401184821901033
10.98	0.22962857784920732
10.99	0.24410625554322904
11.0	0.23580752303756372
11.01	0.24363474877043056
11.02	0.2346523562755148
11.03	0.23796486994811367
11.04	0.2279739799325337
11.05	0.23866400649606667
11.06	0.24528759510710524
11.07	0.23355798481074946
11.08	0.23421112839753966
11.09	0.24130990213837347
11.1	0.24429771300968126
11.11	0.2540196912378659
11.12	0.22036176520839798
11.13	0.2431062842798694
11.14	0.22863163318247617
11.15	0.2246496663000603
11.16	0.24451703433285665
11.17	0.23702681062327752
11.18	0.23793565587674761
11.19	0.226761386522656
11.2	0.23886527395128285
11.21	0.23469839247880267
11.22	0.2472625853898253
11.23	0.23694688137925943
11.24	0.21542056028023515
11.25	0.24782174188198464
11.26	0.23712023569186405
11.27	0.23847282280164517
11.28	0.23513394842096805
11.29	0.24556721375583185
11.3	0.25021142447708117
11.31	0.2606636017686347
11.32	0.23920322415120784
11.33	0.23965899861548984
11.34	0.24757277118712143
11.35	0.22953399914890618
11.36	0.24070692481936334
11.37	0.23803249060924267
11.38	0.229768824021358
11.39	0.25196207816353433
11.4	0.2405847437261192
11.41	0.23210722303214845
11.42	0.21479257156937492
11.43	0.2521402261210154
11.44	0.24156079107803594
11.45	0.23021208655596984
11.46	0.23827664641335183
11.47	0.23052916596707293
11.48	0.23954327688592797
11.49	0.24669596801226326
11.5	0.2433433630460278
11.51	0.2410141340111029
11.52	0.2273598285991359
11.53	0.23190682166272483
11.54	0.2455247868771875
11.55	0.22357707417270511
11.56	0.2377589637197608
11.57	0.2525995450489021
11.58	0.23782330192963158
11.59	0.2548547646222125
11.6	0.26138556890968995
11.61	0.2275571646092076
11.62	0.25620929622188615
11.63	0.24639861701898405
11.64	0.2233365712298624
11.65	0.2530751651930156
11.66	0.24968021013418734
11.67	0.24940485504157278
11.68	0.23510515555555309
11.69	0.22782781925695322
11.7	0.24363149308813792
11.71	0.2361779285315769
11.72	0.2437523773976372
11.73	0.2340514192469773
11.74	0.24763977387384045
11.75	0.22710056282788277
11.76	0.2344052424608649
11.77	0.24532043108459411
11.78	0.24686600053539512
11.79	0.2347018986462652
11.8	0.23408772006049883
11.81	0.23826575598773297
11.82	0.23384052914544728
11.83	0.25748684095156577
11.84	0.2425195434937488
11.85	0.23502895807092383
11.86	0.23411730326770983
11.87	0.23591822725077288
11.88	0.22896852224557313
11.89	0.2392770741578068
11.9	0.23675563725431464
11.91	0.22900823550096838
11.92	0.23446461815845626
11.93	0.2189847684136277
11.94	0.24054045320068704
11.95	0.2401998305780299
11.96	0.23121384271930862
11.97	0.2296382734586868
11.98	0.23734022228861645
11.99	0.2449860818240121
12.0	0.24691524224888162
12.01	0.2318971343493401
12.02	0.22763970015881668
12.03	0.23319411362313033
12.04	0.2472757431381212
12.05	0.23322702344809831
12.06	0.25532265925460695
12.07	0.24621878299977856
12.08	0.23360898437453498
12.09	0.2307254878968477
12.1	0.24130319554884386
12.11	0.24174629253234442
12.12	0.2523019322143528
12.13	0.23609955303655755
12.14	0.2501560989317205
12.15	0.2255566254182373
12.16	0.24791102783527377
12.17	0.225383131150879
12.18	0.2338132830323047
12.19	0.22885257346130228
12.2	0.24483200706015945
12.21	0.22781977178685614
12.22	0.2410292877754758
12.23	0.23888737038211397
12.24	0.24198976165572264
12.25	0.2428563065501394
12.26	0.24495739308862433
12.27	0.24770317191280078
12.28	0.2411799621446646
12.29	0.24458177470231068
12.3	0.25134441980506833
12.31	0.2388446784636038
12.32	0.2320743523310361
12.33	0.2273588773196913
12.34	0.24455748329460794
12.35	0.24886262606982518
12.36	0.24193567943858282
12.37	0.24400268058562122
12.38	0.2412427878043832
12.39	0.24485666611128468
12.4	0.22547459709843404
12.41	0.24181637445048387
12.42	0.23662508417353137
12.43	0.22820546713323114
12.44	0.23511145366916086
12.45	0.23915732329952052
12.46	0.23399174231258071
12.47	0.23866000622849723
12.48	0.22574407433663313
12.49	0.23452469211528987
12.5	0.2471390511554233
12.51	0.2483451154766232
12.52	0.2511526668121154
12.53	0.24735970504123947
12.54	0.23166165826769303
12.55	0.24897778379265928
12.56	0.2480454876899533
12.57	0.23977028899183706
12.58	0.25169963008762386
12.59	0.23126534480685068
12.6	0.22468859752143994
12.61	0.2495501670396764
12.62	0.2431316050320664
12.63	0.2662567770077601
12.64	0.2463557519989109
12.65	0.25206737745186414
12.66	0.2360958623931997
12.67	0.2420134092483724
12.68	0.2521226272303421
12.69	0.2398230230528988
12.7	0.26512153209760375
12.71	0.24922864544097748
12.72	0.26054364828095466
12.73	0.25509615744243397
12.74	0.2538392152053188
12.75	0.25092139649997053
12.76	0.23921386220292082
12.77	0.23848399126871211
12.78	0.24126410950352697
12.79	0.23841310998343287
12.8	0.26459163989199785
12.81	0.23112426698230124
12.82	0.2316133504069457
12.83	0.23469235748934425
12.84	0.23807661701072252
12.85	0.23782054646083237
12.86	0.2531032488327604
12.87	0.2561100147785401
12.88	0.2616128620603204
12.89	0.24940719700013417
12.9	0.24059842480875188
12.91	0.24351305303562867
12.92	0.24017207541959498
12.93	0.25248067842026367
12.94	0.250748055964507
12.95	0.23021865423772997
12.96	0.2331134009410053
12.97	0.24540376440208286
12.98	0.25475537864283654
12.99	0.24812806071635116
13.0	0.2347048676841416
13.01	0.2557485268508094
13.02	0.23343293397923165
13.03	0.24661388167962583
13.04	0.25144524351579
13.05	0.2478272072419282
13.06	0.23541569653505445
13.07	0.2375665633052731
13.08	0.2774188042539703
13.09	0.2589603346459642
13.1	0.2448544723714373
13.11	0.2501080286189747
13.12	0.2517517773023411
13.13	0.24490410993752493
13.14	0.2380410921406638
13.15	0.25366818879878156
13.16	0.23799298427772467
13.17	0.23985848063613757
13.18	0.24957683799475708
13.19	0.23301323948418828
13.2	0.23621407321481264
13.21	0.24546265164165398
13.22	0.24201875586981564
13.23	0.23348294207155576
13.24	0.23618396080632464
13.25	0.2044566951366101
13.26	0.23717552774353165
13.27	0.22677424754658668
13.28	0.23610961630395913
13.29	0.24937016828051609
13.3	0.24162058663303196
13.31	0.24969585500320227
13.32	0.2482433409198089
13.33	0.23235735588159
13.34	0.2150697459969222
13.35	0.23087778724451208
13.36	0.24145364791262908
13.37	0.25123734834524714
13.38	0.2301479043872326
13.39	0.23968531877447924
13.4	0.22255240945334814
13.41	0.2397235360608791
13.42	0.253533117073216
13.43	0.24413123784080676
13.44	0.22080505572740414
13.45	0.2364587934278961
13.46	0.22433682465249283
13.47	0.2393005577722337
13.48	0.24977044956388655
13.49	0.23434094339927505
13.5	0.23497097301389963
13.51	0.24913894302486234
13.52	0.26133288832330714
13.53	0.2496522828907276
13.54	0.247389407720665
13.55	0.2483613256420592
13.56	0.2544099193877072
13.57	0.24516295549577286
13.58	0.2226956201509614
13.59	0.24272876529832427
13.6	0.24438382388811494
13.61	0.2541706518370298
13.62	0.2493158336400528
13.63	0.23698130072296703
13.64	0.2500483354167336
13.65	0.22882564805677377
13.66	0.2619600443431057
13.67	0.23493833823424304
13.68	0.24001396063847508
13.69	0.22130298198754683
13.7	0.24168835683419088
13.71	0.24424066792137122
13.72	0.23860054065995936
13.73	0.23900259819017988
13.74	0.25395481140264153
13.75	0.2509499323238369
13.76	0.25076331882485914
13.77	0.23915001923585677
13.78	0.23566578290932555
13.79	0.25468050722636304
13.8	0.24229908987729226
13.81	0.2518129917466064
13.82	0.2251730947824408
13.83	0.23888788403414868
13.84	0.25000286889928625
13.85	0.23249923858574628
13.86	0.23786908455096872
13.87	0.24559891484887683
13.88	0.2502740819945407
13.89	0.23600339154554298
13.9	0.23580800863855556
13.91	0.24174957981253858
13.92	0.26230123524277965
13.93	0.23547003281366033
13.94	0.23504727245735388
13.95	0.21769458607809178
13.96	0.25835012888187253
13.97	0.23809143717502204
13.98	0.2484298016265356
13.99	0.23643215880109528
14.0	0.247188006685201
14.01	0.22584217270997275
14.02	0.2331978700557786
14.03	0.24437661459065613
14.04	0.22251353614779307
14.05	0.22621227384737697
14.06	0.24400114087167704
14.07	0.22868052524001206
14.08	0.23787367515649296
14.09	0.2470425768598839
14.1	0.22471986954991174
14.11	0.23425113224480468
14.12	0.23940189335016104
14.13	0.25436993443766964
14.14	0.23163709948464645
14.15	0.25950301800986425
14.16	0.23648199743525022
14.17	0.2576079306838789
14.18	0.23639800604285666
14.19	0.2511777723959795
14.2	0.2273274745495221
14.21	0.2325431573490407
14.22	0.24391553432239066
14.23	0.2414600850902041
14.24	0.2260560206350316
14.25	0.24445301255319649
14.26	0.23996632785196967
14.27	0.2468791765746143
14.28	0.21658545146442099
14.29	0.2214087103585547
14.3	0.23372420406350639
14.31	0.23796779307940175
14.32	0.23175159039503532
14.33	0.24001917052981553
14.34	0.22899685425557223
14.35	0.23239169138762222
14.36	0.24202973422848326
14.37	0.23544636741205555
14.38	0.2449016072892168
14.39	0.24137644063194189
14.4	0.23327165029521235
14.41	0.2341408312435384
14.42	0.22711928680984025
14.43	0.2246123521840538
14.44	0.23032793133422125
14.45	0.23558779040533606
14.46	0.22416825966740894
14.47	0.24938506371980074
14.48	0.2480600781812126
14.49	0.23237006223061715
14.5	0.2456181303752646
14.51	0.2525089394102466
14.52	0.23807249258549035
14.53	0.24207430567257232
14.54	0.2377054409709301
14.55	0.24043990756553707
14.56	0.25459703947269147
14.57	0.23524249847243503
14.58	0.2283427697039182
14.59	0.23318257807284726
14.6	0.2487426770639367
14.61	0.23040305921091264
14.62	0.21758211999461108
14.63	0.2568000892297718
14.64	0.24715557521296477
14.65	0.23347895474073235
14.66	0.22800398671502736
14.67	0.23648368519566726
14.68	0.25895696577178945
14.69	0.2401993852093097
14.7	0.23821617251323646
14.71	0.25183635498681683
14.72	0.23953940773678872
14.73	0.25032835900218026
14.74	0.23608518994727296
14.75	0.2397270918666696
14.76	0.23554382437991275
14.77	0.2458511067154389
14.78	0.2475744759799323
14.79	0.25188276327728565
14.8	0.24065110246205962
14.81	0.24677636724931035
14.82	0.2308552511784655
14.83	0.22625788559175758
14.84	0.23914594800931926
14.85	0.2443196980391149
14.86	0.23482185198728714
14.87	0.23571382525582726
14.88	0.24758420732393432
14.89	0.24079144305746253
14.9	0.23760811492295233
14.91	0.2473265039444738
14.92	0.23453461779888307
14.93	0.2429750390036459
14.94	0.24264182636652706
14.95	0.2317465928204313
14.96	0.25344656698802365
14.97	0.2395146451013242
14.98	0.24947992016928067
14.99	0.24126736924876435
15.0	0.23978965520181972
15.01	0.23989785782244452
15.02	0.23798924993959805
15.03	0.2506545919184473
15.04	0.25097220085279603
15.05	0.24572326788847587
15.06	0.23730142454291528
15.07	0.24817591377943363
15.08	0.2209626756029402
15.09	0.22791775764486008
15.1	0.24289797284076695
15.11	0.22865348189816861
15.12	0.2473961025948895
15.13	0.22949554165223435
15.14	0.2293748867045482
15.15	0.23608170634095746
15.16	0.2587065936560616
15.17	0.262299067648566
15.18	0.21968947140447437
15.19	0.2310674787333288
15.2	0.24611121891211218
15.21	0.24488961210881718
15.22	0.23278282190886768
15.23	0.26808484122001963
15.24	0.2496734952595601
15.25	0.2290907410118091
15.26	0.23019514688025478
15.27	0.24311416082216866
15.28	0.23906053431275046
15.29	0.23624205760384603
15.3	0.2602147159800169
15.31	0.24413057269400856
15.32	0.25604753703264943
15.33	0.23463713193569513
15.34	0.23354138137070946
15.35	0.2378550227712812
15.36	0.22522952794575765
15.37	0.23306392886845698
15.38	0.23055541302675597
15.39	0.23711035449377396
15.4	0.23281387738823728
15.41	0.23907750007569253
15.42	0.24047476249132782
15.43	0.21737556972808844
15.44	0.24550754348089482
15.45	0.2550537303175952
15.46	0.22858923322964406
15.47	0.2547651662978706
15.48	0.22602809154109918
15.49	0.2418524936768532
15.5	0.24656205379877771
15.51	0.21921169978429023
15.52	0.21882036335877741
15.53	0.24952633174941624
15.54	0.22606984299392036
15.55	0.24503388469265194
15.56	0.23096337449376575
15.57	0.24159951168781252
15.58	0.2392285390373293
15.59	0.2213462837287126
15.6	0.227673359238044
15.61	0.23687022905184038
15.62	0.23042219534621386
15.63	0.22101314395923793
15.64	0.23166641732393828
15.65	0.25902988792159926
15.66	0.23889825881505625
15.67	0.23119688663248653
15.68	0.2326352379374714
15.69	0.23415886536332114
15.7	0.24135977543133624
15.71	0.2446762803560128
15.72	0.24901264917461038
15.73	0.24022365156117761
15.74	0.24981793651468237
15.75	0.24223743762184102
15.76	0.2425688400040057
15.77	0.23910076769544197
15.78	0.22972168678002963
15.79	0.23812065135558746
15.8	0.2637856535612962
15.81	0.225362516242863
15.82	0.23140167020431562
15.83	0.2494915891106825
15.84	0.24546653397239337
15.85	0.23817531985029075
15.86	0.26478392628262304
15.87	0.22834562855790966
15.88	0.2731270807195082
15.89	0.24157331747599414
15.9	0.22909263269809335
15.91	0.23618673059564738
15.92	0.24636490470925548
15.93	0.22962836085582697
15.94	0.23639877110631827
15.95	0.2287116476550995
15.96	0.23902893413137669
15.97	0.2473294876375456
15.98	0.24446049165881936
15.99	0.23709479013017076
16.0	0.22469598531482346
16.01	0.24414400841418385
16.02	0.24868497086827482
16.03	0.23154100239967051
16.04	0.24103947030792267
16.05	0.22748543242705047
16.06	0.23917524223065906
16.07	0.24360506114006375
16.08	0.25295873835607235
16.09	0.23332516665187264
16.1	0.24470571433823263
16.11	0.2217083850070644
16.12	0.24688002441831025
16.13	0.22441412013989165
16.14	0.2271626688599643
16.15	0.2479285172952786
16.16	0.2269723740432507
16.17	0.2425938678652009
16.18	0.2420163214298066
16.19	0.24782467005762807
16.2	0.24213531147648099
16.21	0.22433441715222954
16.22	0.24126023737879573
16.23	0.23822291612756585
16.24	0.25271053062272403
16.25	0.2230377338345767
16.26	0.2390389192640524
16.27	0.22492505772373367
16.28	0.2462783745303236
16.29	0.2272325892147379
16.3	0.21882842744757214
16.31	0.24600967903532361
16.32	0.2412864880405438
16.33	0.24255622853952077
16.34	0.220368639069999
16.35	0.2487070509781038
16.36	0.25290622149923436
16.37	0.215760213499359
16.38	0.23455809652188928
16.39	0.21583586587129505
16.4	0.22713103050172445
16.41	0.23968430200689875
16.42	0.2488897482620317
16.43	0.2483776491023858
16.44	0.2540893552412168
16.45	0.23998003201817875
16.46	0.23924405729445683
16.47	0.2444554653940158
16.48	0.2256239451452626
16.49	0.2261722586519822
16.5	0.2449697346754144
16.51	0.22802184924675922
16.52	0.2384761183214305
16.53	0.24443072023990367
16.54	0.24766449693901102
16.55	0.22706576969934852
16.56	0.23871051613859368
16.57	0.22629622647910347
16.58	0.23268410275983498
16.59	0.23945085620001863
16.6	0.2272766096285383
16.61	0.22213706740704933
16.62	0.232652532500341
16.63	0.21397669400447258
16.64	0.23475195678957111
16.65	0.23244221366567092
16.66	0.24281823908912314
16.67	0.24196848328489992
16.68	0.23203737451242604
16.69	0.24408400999545216
16.7	0.22695367976017347
16.71	0.2446775597869344
16.72	0.2579891062972908
16.73	0.24888177797283156
16.74	0.22412505234437358
16.75	0.24995307244910633
16.76	0.24099877230277314
16.77	0.2460262056121779
16.78	0.23864795505612785
16.79	0.23097640358528587
16.8	0.24368129010772838
16.81	0.23436379737679428
16.82	0.24690374047347027
16.83	0.2483915139994027
16.84	0.2573952160343697
16.85	0.22070287671337316
16.86	0.24155481626703354
16.87	0.24092307259343718
16.88	0.21506455026262564
16.89	0.2400658664932805
16.9	0.24077338838447918
16.91	0.21584715373930763
16.92	0.22071505322924173
16.93	0.24919494071084244
16.94	0.23117893921694455
16.95	0.2544161648757977
16.96	0.2321906091333325
16.97	0.22390403568415232
16.98	0.24155027998555853
16.99	0.2465862903800453
17.0	0.24815702752599794
17.01	0.23298946207033355
17.02	0.2525994336493169
17.03	0.2299073139430439
17.04	0.2509291760692911
17.05	0.24532867330427047
17.06	0.23527770418057403
17.07	0.23476080330294888
17.08	0.23172130386036807
17.09	0.24791286504730667
17.1	0.24662411727172812
17.11	0.2314082325217539
17.12	0.2427564016984334
17.13	0.24119479619703574
17.14	0.2518625863574192
17.15	0.21547749599662502
17.16	0.24242431427903016
17.17	0.25830679887020985
17.18	0.2338302629049978
17.19	0.24509405054540917
17.2	0.22694947631515558
17.21	0.24287914167586777
17.22	0.232634016443218
17.23	0.2401499476014164
17.24	0.2438377192568991
17.25	0.231442236217067
17.26	0.24132713427079375
17.27	0.2419414507367802
17.28	0.24690362344876188
17.29	0.24220706630818453
17.3	0.22280959842853293
17.31	0.23005405434720347
17.32	0.2376824092200685
17.33	0.24652700563751412
17.34	0.24471448210028302
17.35	0.23701079688721308
17.36	0.24481747360300513
17.37	0.2532853090767397
17.38	0.23128424449557536
17.39	0.24716113448892843
17.4	0.23039895665337995
17.41	0.25185323587098757
17.42	0.23418862737387658
17.43	0.24227369968525111
17.44	0.22305750753839027
17.45	0.25328515043173355
17.46	0.24787465672563816
17.47	0.24563424597557657
17.48	0.2523055870895381
17.49	0.2427032632324032
17.5	0.245963224856982
17.51	0.24261289177662637
17.52	0.25473341830265067
17.53	0.23708249781278862
17.54	0.25201942459972404
17.55	0.23702785795759632
17.56	0.2612604363211994
17.57	0.2378125889627516
17.58	0.2653008181859434
17.59	0.24637009280913744
17.6	0.2553084547689895
17.61	0.24288947429205143
17.62	0.24342811935683503
17.63	0.25256571590240706
17.64	0.2524811752223837
17.65	0.2425981275000786
17.66	0.23272738656550412
17.67	0.23769022398070988
17.68	0.23920581467921953
17.69	0.24224599920240703
17.7	0.23466219707879415
17.71	0.23555289897466875
17.72	0.22686730664552163
17.73	0.22571764753398663
17.74	0.23629652580963736
17.75	0.21370184533362313
17.76	0.23816428048757307
17.77	0.24230148456249723
17.78	0.2419813602077759
17.79	0.24499612204477159
17.8	0.26237059843441884
17.81	0.2517753238123311
17.82	0.24084457080854768
17.83	0.24705877843035398
17.84	0.24308061370689266
17.85	0.24006581505678382
17.86	0.2519191664442971
17.87	0.24751708397873076
17.88	0.25105106133716565
17.89	0.24607939552173655
17.9	0.24873268889789113
17.91	0.2291740108502212
17.92	0.25200303616250547
17.93	0.2594088466059172
17.94	0.2607162829366722
17.95	0.2542542076491117
17.96	0.2305821860194245
17.97	0.27267836121555017
17.98	0.2428754225521738
17.99	0.2532068330354049
18.0	0.24208264176923897
18.01	0.2450312985398607
18.02	0.24861626334163572
18.03	0.259073611594399
18.04	0.2555381139634632
18.05	0.24436147079572917
18.06	0.24061060464700265
18.07	0.24334756597425616
18.08	0.244767265670241
18.09	0.23629187244615946
18.1	0.24433078403889158
18.11	0.23889717699787577
18.12	0.23292647257254392
18.13	0.2358806825211054
18.14	0.253593409720843
18.15	0.24791742928829863
18.16	0.24809061656874914
18.17	0.2417538888255743
18.18	0.24838098217312685
18.19	0.2566323245854118
18.2	0.240015681230607
18.21	0.25049491767400944
18.22	0.2596583018995918
18.23	0.24130646125035082
18.24	0.25558487809378855
18.25	0.2586244661314659
18.26	0.2601941502914679
18.27	0.2438519230293932
18.28	0.268207106317462
18.29	0.26178172095955493
18.3	0.23970910271562296
18.31	0.24212716853901617
18.32	0.24168686464556033
18.33	0.24679165345890178
18.34	0.2335463321161129
18.35	0.24572650076022107
18.36	0.24399356272016717
18.37	0.25096262996628027
18.38	0.2397638216404706
18.39	0.2449825092340735
18.4	0.23325209538859165
18.41	0.2409114409338406
18.42	0.23894026824950973
18.43	0.26215153023874094
18.44	0.2379365111239682
18.45	0.24288320959146475
18.46	0.2604222589138782
18.47	0.23192430699282318
18.48	0.2625629575139346
18.49	0.24854004739153804
18.5	0.2477783513513466
18.51	0.24441540853013818
18.52	0.22913369934589708
18.53	0.2398423149803856
18.54	0.23683711700960147
18.55	0.24676838313866098
18.56	0.27049849114014163
18.57	0.23011249306233872
18.58	0.2462726268443049
18.59	0.23976208149960615
18.6	0.2249482796284843
18.61	0.23999205576692476
18.62	0.24878463078335908
18.63	0.2263535829804409
18.64	0.24281028758426929
18.65	0.24282576342117324
18.66	0.22767244965601585
18.67	0.24766295338386846
18.68	0.25358780572693457
18.69	0.24779919958106206
18.7	0.24270078370512102
18.71	0.24400226368619296
18.72	0.23738381072187514
18.73	0.24186415653795343
18.74	0.22261986270386974
18.75	0.24170328400826926
18.76	0.2350330617739279
18.77	0.24410006609807142
18.78	0.2536018208219406
18.79	0.23636981747873917
18.8	0.24319096479272337
18.81	0.24485866265197334
18.82	0.24933318677159333
18.83	0.23985104748449143
18.84	0.23565558271491335
18.85	0.24719183319277208
18.86	0.24882048175639482
18.87	0.25496357804234765
18.88	0.22186693684386152
18.89	0.24474030072888947
18.9	0.2341361615564032
18.91	0.24657554418674463
18.92	0.24930464990957366
18.93	0.25247991362325556
18.94	0.24657532415275657
18.95	0.23677427715534596
18.96	0.2369575579232085
18.97	0.23595560975129948
18.98	0.24874080985195537
18.99	0.22442367588546588
19.0	0.23494414985602524
19.01	0.21638092900741165
19.02	0.24372443148575812
19.03	0.2289758133641593
19.04	0.22381237877566082
19.05	0.23709024487506858
19.06	0.23762162721032426
19.07	0.24710981242890537
19.08	0.23157897815942416
19.09	0.24779809408271264
19.1	0.24766756105608356
19.11	0.2401622166944435
19.12	0.24123434461980062
19.13	0.24531133417769732
19.14	0.247379827015298
19.15	0.2257831535841743
19.16	0.2487254480941123
19.17	0.2672571209076833
19.18	0.24204018041021852
19.19	0.2584545862992976
19.2	0.24902580327407084
19.21	0.25737675067764537
19.22	0.2603621514254884
19.23	0.22864904795345348
19.24	0.2297100459021998
19.25	0.26762148441148437
19.26	0.24182187671692199
19.27	0.25161505416492913
19.28	0.24252121545227912
19.29	0.22921962692445833
19.3	0.24701887577208065
19.31	0.23601027193481666
19.32	0.22693770301012942
19.33	0.24903256774132373
19.34	0.2397084594103357
19.35	0.2301837124487182
19.36	0.23908288573299613
19.37	0.21716296501995488
19.38	0.22872842867489
19.39	0.22710340540190357
19.4	0.24706354531546323
19.41	0.23525602920612732
19.42	0.24879531184736267
19.43	0.2492109373329098
19.44	0.22596193449151383
19.45	0.24015104124617442
19.46	0.2333208926170388
19.47	0.2630221640547835
19.48	0.23746857124740883
19.49	0.23996192737439753
19.5	0.2231921142605615
19.51	0.2495186092200079
19.52	0.24679226253004352
19.53	0.24301618402710418
19.54	0.2653129352539962
19.55	0.2434588507188313
19.56	0.2434513243597426
19.57	0.25910808037835187
19.58	0.24337431319128908
19.59	0.2435204860416166
19.6	0.22473789799647176
19.61	0.2475866674279466
19.62	0.2651814352436171
19.63	0.22369581165492633
19.64	0.24347129760108843
19.65	0.24461669017284685
19.66	0.23689343657915515
19.67	0.25496354477322225
19.68	0.23689973996787278
19.69	0.23728132502387703
19.7	0.2642624158115601
19.71	0.252208153321724
19.72	0.23957555951068413
19.73	0.23847024512922638
19.74	0.24025821685064283
19.75	0.238878963230296
19.76	0.24589958337833775
19.77	0.239234479342462
19.78	0.23915682891916396
19.79	0.25742298582742285
19.8	0.2571748407571697
19.81	0.24633451414084337
19.82	0.2638343929544069
19.83	0.22935560645964045
19.84	0.25823314307926826
19.85	0.24292218606865504
19.86	0.249757048477588
19.87	0.25747882050329207
19.88	0.23153120290933762
19.89	0.23139280311510263
19.9	0.2416848558280274
19.91	0.24951854480198563
19.92	0.2500205466910918
19.93	0.2532479692887718
19.94	0.236190087802198
19.95	0.23922915875956458
19.96	0.2610558379758037
19.97	0.2551318057160303
19.98	0.23920208662109585
19.99	0.2360887374285338
20.0	0.23371308422864
20.01	0.23498760280850603
20.02	0.24469414953657018
20.03	0.24052647742081973
20.04	0.25047953345144863
20.05	0.24336139558109454
20.06	0.235112624887229
20.07	0.2536969749262313
20.08	0.23059490658909615
20.09	0.22831578938786434
20.1	0.24835319322676225
20.11	0.2335382001364986
20.12	0.24493059776310733
20.13	0.2281042017185
20.14	0.26286052779034474
20.15	0.24434073387085578
20.16	0.23112066062827047
20.17	0.2394388011793778
20.18	0.22877887889999715
20.19	0.239393716975352
20.2	0.23957329712119976
20.21	0.2422269634801554
20.22	0.23530884168830046
20.23	0.23047649590132202
20.24	0.2532461708095569
20.25	0.23894143706655127
20.26	0.22950385441460575
20.27	0.24445064243657588
20.28	0.232622259699156
20.29	0.23377591753952776
20.3	0.23282081875090035
20.31	0.23970299452086555
20.32	0.23495417544356217
20.33	0.253480469172896
20.34	0.22839347229450732
20.35	0.23931579005649517
20.36	0.23626611539713235
20.37	0.24875515491168976
20.38	0.2451322278707404
20.39	0.26208707768934947
20.4	0.23184522389295667
20.41	0.23193960942945047
20.42	0.2353158169353375
20.43	0.2502098129705418
20.44	0.21929474424666132
20.45	0.24939802738386715
20.46	0.23587954098191338
20.47	0.22940944168541696
20.48	0.2219243751038738
20.49	0.24271195552282468
20.5	0.23075587194563252
20.51	0.22839874626632467
20.52	0.22132703413579966
20.53	0.23076571748171684
20.54	0.22917790076079325
20.55	0.2449034742206244
20.56	0.2199179437318717
20.57	0.23480240200518573
20.58	0.23473092396737957
20.59	0.24973102822912907
20.6	0.23033962335243943
20.61	0.2474141611584783
20.62	0.22731652874508915
20.63	0.24576381511522755
20.64	0.23382128944289202
20.65	0.2518828439110784
20.66	0.2432017648060575
20.67	0.24630752384757337
20.68	0.23823922238614229
20.69	0.23359753283917317
20.7	0.23033724717257892
20.71	0.2553850444080882
20.72	0.2444619918156456
20.73	0.24532189260413634
20.74	0.2324414367919435
20.75	0.24490777319398607
20.76	0.23762529462847157
20.77	0.24647056908582446
20.78	0.23341598319134185
20.79	0.23020704329516564
20.8	0.24257569672695825
20.81	0.24764456078431232
20.82	0.2364534415901214
20.83	0.24749233058419226
20.84	0.2442608241078691
20.85	0.2505074540124354
20.86	0.24392282401938503
20.87	0.25454512229900217
20.88	0.22672647016742362
20.89	0.21543854249606958
20.9	0.2481726564190762
20.91	0.2311226263902808
20.92	0.24200442677134412
20.93	0.22069958244449958
20.94	0.22374997795512575
20.95	0.23070369138894903
20.96	0.24156424992910472
20.97	0.23213729104368266
20.98	0.24619659849307812
20.99	0.24838743658804613
21.0	0.23667731833927527
21.01	0.24229351319067846
21.02	0.23546509568670254
21.03	0.2382205108138018
21.04	0.23634497322444523
21.05	0.24593313893380608
21.06	0.21776109629796564
21.07	0.232738872552857
21.08	0.25473837644911845
21.09	0.24188026762017997
21.1	0.24683605574043682
21.11	0.2460839694183615
21.12	0.24733118123144981
21.13	0.24373472917353456
21.14	0.23370144056376418
21.15	0.24212664536072898
21.16	0.23551204632016257
21.17	0.2354253288461554
21.18	0.23844408220095345
21.19	0.23818980504337983
21.2	0.24100058890509815
21.21	0.23964389206468636
21.22	0.24051458308551305
21.23	0.24718071095693314
21.24	0.24757458413345784
21.25	0.25030715200071246
21.26	0.21830416338347497
21.27	0.23971766526525695
21.28	0.23429419402564416
21.29	0.24229813638595035
21.3	0.23300289771603194
21.31	0.2334547819292462
21.32	0.24082355030376468
21.33	0.24865824589805177
21.34	0.2301626998009055
21.35	0.233084234781276
21.36	0.23239339372261056
21.37	0.249227119393215
21.38	0.21601065502235275
21.39	0.23707079941852435
21.4	0.2304657876914249
21.41	0.2469276409111613
21.42	0.23209602995291417
21.43	0.2335878921382294
21.44	0.23310103782564914
21.45	0.2420060692348702
21.46	0.23219532716213268
21.47	0.21743758429481208
21.48	0.2389955605190746
21.49	0.23869769722695275
21.5	0.21497788329555526
21.51	0.2316766525912986
21.52	0.224731002117385
21.53	0.24457097643881312
21.54	0.2394519342976923
21.55	0.2440062439002913
21.56	0.23570037398706073
21.57	0.23853778091830768
21.58	0.21101881443473233
21.59	0.2351956431736644
21.6	0.24521357678150132
21.61	0.21643583945367578
21.62	0.25187045958899235
21.63	0.2418566568383566
21.64	0.2453073082961741
21.65	0.22501283735818906
21.66	0.22490479970487143
21.67	0.22656004361762505
21.68	0.232403520455894
21.69	0.2466141479587788
21.7	0.24409069817632162
21.71	0.23786128172734425
21.72	0.23312783957430694
21.73	0.2448124218987026
21.74	0.23252866822283016
21.75	0.2433470024102014
21.76	0.2386897628947013
21.77	0.2351107400474021
21.78	0.22782616408078127
21.79	0.24831852271324972
21.8	0.22556472498724595
21.81	0.2464806767017466
21.82	0.23079879782095092
21.83	0.23467541132850586
21.84	0.23956996351944945
21.85	0.25625374508541854
21.86	0.23842634917694633
21.87	0.25822418145132175
21.88	0.24341203950021256
21.89	0.2505506026046348
21.9	0.2421477363723924
21.91	0.25087738077872695
21.92	0.24581111375831552
21.93	0.2329734089564745
21.94	0.2554050328462149
21.95	0.2391403863873522
21.96	0.236834009884605
21.97	0.2388715002743687
21.98	0.2483067237780774
21.99	0.25209889134537705
22.0	0.2422790427003949
