10.01	9.810524502104617
10.02	9.498849859357366
10.03	8.870508085152409
10.04	8.53386188210697
10.05	8.08242331826409
10.06	7.610238229195171
10.07	7.281212715994257
10.08	6.976532426399067
10.09	6.499643381631137
10.1	6.015217197735383
10.11	6.010606588971722
10.12	5.696042669486604
10.13	5.060011616165697
10.14	4.426365833383545
10.15	4.438424884953317
10.16	3.9663684009268194
10.17	3.824316523195511
10.18	3.497380004905783
10.19	3.1733563849217115
10.2	3.1602288330490826
10.21	2.9846679691021305
10.22	2.8509670513794636
10.23	2.527117472103091
10.24	2.547768729301811
10.25	2.225080780868923
10.26	2.243488381852542
10.27	2.23476841162684
10.28	2.216044174166364
10.29	2.2108367948454113
10.3	2.2368782892595456
10.31	2.215176531655643
10.32	2.200470596464383
10.33	2.2382060721764874
10.34	2.538311633409622
10.35	2.5444806956001327
10.36	2.8378034743293283
10.37	2.861567032281291
10.38	3.17441024423375
10.39	3.182749124902115
10.4	3.8088760397014716
10.41	3.804296474373678
10.42	3.9731284754137706
10.43	4.433476119752923
10.44	4.756493704661731
10.45	5.0879407771573915
10.46	5.6984090100822105
10.47	6.024091995757136
10.48	6.346290711574338
10.49	6.338534685830996
10.5	6.979980323513579
10.51	7.448262857915472
10.52	7.931957370047963
10.53	8.246933710037231
10.54	8.253478181605203
10.55	8.864400212991775
10.56	9.031694560608708
10.57	9.502935790247017
10.58	9.82146262320499
10.59	10.144843295240326
10.6	10.455700686198611
10.61	10.772672865764259
10.62	10.76090714265672
10.63	11.082797186076348
10.64	11.420996767275994
10.65	11.417633247343366
10.66	11.555074741877126
10.67	11.568156708797416
10.68	12.038495498330823
10.69	12.045021606473686
10.7	12.047450259515491
10.71	12.041363006952846
10.72	12.036724547024667
10.73	12.050369748195822
10.74	11.565090024725269
10.75	11.564964704701534
10.76	11.388260944988158
10.77	11.266673958971126
10.78	10.778082408183934
10.79	10.467937666210961
10.8	10.47494141763782
10.81	10.140059979255659
10.82	9.826678983242372
10.83	9.533997781050319
10.84	9.045656625404373
10.85	8.400097340222594
10.86	8.24775795099811
10.87	7.923977652486797
10.88	7.282929780388088
10.89	6.975544266105342
10.9	6.489869491436918
10.91	6.183282109806259
10.92	5.862317024158662
10.93	5.715295150287104
10.94	5.391276124386971
10.95	5.0627803835247045
10.96	4.431409291296119
10.97	4.422707505351209
10.98	3.9615439019068064
10.99	3.8071777634248902
11.0	3.788525815281287
11.01	3.497473890644027
11.02	3.1568249333210687
11.03	3.1485101509624474
11.04	2.8430841220326646
11.05	3.1783831300239758
11.06	2.8533626136077155
11.07	2.855764217677113
11.08	2.8594336249748
11.09	2.8417191496450114
11.1	2.842358239452239
11.11	2.8543978093568416
11.12	2.853373000557918
11.13	3.146237777862546
11.14	3.172725088679249
11.15	3.4877226413559366
11.16	3.4751693740774243
11.17	3.804256193321099
11.18	3.800070449383487
11.19	4.428607227173382
11.2	4.445570135818528
11.21	4.753392783412211
11.22	5.063095714641152
11.23	5.693604624952403
11.24	5.867049144492798
11.25	6.339896110433304
11.26	6.483464518310682
11.27	6.961763946429602
11.28	7.302075339888644
11.29	7.923110346213066
11.3	8.24413663513607
11.31	8.55665545858626
11.32	8.869645886057537
11.33	9.539229751245898
11.34	9.509948685128945
11.35	10.14392234485153
11.36	10.449428979335076
11.37	10.764646045764302
11.38	10.775254442389995
11.39	11.404241424677656
11.4	11.404375471388146
11.41	11.554889968113528
11.42	12.041511916959026
11.43	12.054705506537738
11.44	12.362985778551534
11.45	12.347743204445445
11.46	12.351333879626985
11.47	12.355098981764579
11.48	12.198770539003782
11.49	12.370308398718818
11.5	12.365172661070833
11.51	12.052570682033563
11.52	12.045242937100827
11.53	11.580410568384558
11.54	11.405624679144823
11.55	11.080810468401971
11.56	10.948914891917928
11.57	10.459462049786495
11.58	10.13474790685444
11.59	9.835180710094065
11.6	9.214464254059285
11.61	8.871626493882541
11.62	8.417123631782372
11.63	7.929631079346408
11.64	7.453468578267128
11.65	6.972374751381157
11.66	6.4855941239293005
11.67	6.331207276061566
11.68	6.027957897691656
11.69	5.379441594810498
11.7	5.062123324764463
11.71	4.59716327911484
11.72	3.957639225744795
11.73	3.4895922832278465
11.74	3.159672051553672
11.75	2.859058941899748
11.76	2.8519385093172573
11.77	2.2281882951756655
11.78	2.232788624608948
11.79	1.900252458252258
11.8	1.4347164482920018
11.81	1.449403696195695
11.82	1.2786477904290359
11.83	1.460592158794169
11.84	1.2543503322235572
11.85	1.2772993650468112
11.86	0.9411795069469427
11.87	1.258520399447165
11.88	1.2803329881437275
11.89	1.249437429494264
11.9	1.2755693902482297
11.91	1.2722587918900743
11.92	1.9005063830913145
11.93	2.0682344500391943
11.94	2.2069944228406557
11.95	2.555777513036965
11.96	2.531479793906507
11.97	3.1849706831191913
11.98	3.474755115617711
11.99	3.8143695728930282
12.0	3.7921904983353634
12.01	4.4355579412978985
12.02	4.764666511365019
12.03	5.0739170574833645
12.04	5.228252751482305
12.05	5.731647120289577
12.06	6.0260274885139395
12.07	6.326903381744676
12.08	7.29672682403602
12.09	7.593999605124866
12.1	7.609768370367219
12.11	7.92030896889199
12.12	8.236877510518926
12.13	8.548538386762393
12.14	8.873214252336414
12.15	9.046431855889624
12.16	9.01837015879192
12.17	9.041257780849252
12.18	9.505948576065283
12.19	9.82443778196833
12.2	10.150159987526065
12.21	10.137333542582208
12.22	10.143459862567886
12.23	9.817296977277795
12.24	10.136344890031696
12.25	9.820705300233525
12.26	9.82997386449775
12.27	9.826527489265652
12.28	9.504162155422444
12.29	9.517351449508682
12.3	9.052486549606819
12.31	8.863572307039421
12.32	8.876815474700672
12.33	8.245056181696436
12.34	8.241066631510204
12.35	7.5958617646525886
12.36	7.289079930233068
12.37	6.501761164374394
12.38	6.345271231307889
12.39	6.033275236320973
12.4	5.701734178340092
12.41	5.3729034841281
12.42	4.755668784625018
12.43	4.416089934011807
12.44	4.13688557030024
12.45	3.6265759525031056
12.46	3.482288595393704
12.47	2.856752415607489
12.48	2.546089664858878
12.49	2.534987677954632
12.5	1.9089462680081182
12.51	1.423505754526497
12.52	1.430543155973492
12.53	1.2767377500337131
12.54	0.9468953670276569
12.55	0.7904271619957015
12.56	0.640210865125007
12.57	0.6112799371678264
12.58	0.6248627574997244
12.59	0.31453988552978174
12.6	0.3062497890501229
12.61	0.0018266297378500428
12.62	0.0007679120779357706
12.63	-0.0037587721500127436
12.64	0.3080407271975582
12.65	-0.0010912083494869329
12.66	0.3271685377975557
12.67	0.3144730786341443
12.68	0.6366842165017419
12.69	0.6474937799101892
12.7	0.9374184284893649
12.71	0.955718354735954
12.72	1.251597787001464
12.73	1.9057519624484192
12.74	1.8993655350466792
12.75	2.5146278347513897
12.76	2.6876859596327174
12.77	3.1580145729587255
12.78	3.8013205087777
12.79	3.9612471126744464
12.8	3.957513217037667
12.81	4.769102017608819
12.82	5.080577411278878
12.83	5.376898907613245
12.84	6.032999827676672
12.85	6.3445063753615525
12.86	6.485156555462448
12.87	6.97826588839261
12.88	7.6218942696385135
12.89	7.937749899314632
12.9	8.236922390593321
12.91	8.583706713098152
12.92	8.876111142131464
12.93	9.025471324117133
12.94	9.507998918056122
12.95	9.50378126704539
12.96	9.84590954425521
12.97	10.141727746722058
12.98	10.457595542578224
12.99	10.467629653456273
13.0	10.457226180958983
13.01	10.447002100322948
13.02	10.469383951249378
13.03	10.152029495114789
13.04	10.475007305817158
13.05	10.160003818888596
13.06	10.44912943928786
13.07	10.143637706171994
13.08	9.826853314458212
13.09	9.83281939650862
13.1	9.34840475951978
13.11	9.039649580389003
13.12	8.889692391675291
13.13	8.544400779810374
13.14	7.926582357779868
13.15	7.595503406003996
13.16	7.273855113814232
13.17	6.982963841417419
13.18	6.496631256408227
13.19	6.1740863339349925
13.2	5.698176575925488
13.21	5.3763239682355985
13.22	5.379482515299322
13.23	5.049057555603741
13.24	4.425158862431641
13.25	3.980280630210447
13.26	3.8055102963819794
13.27	3.188203115077211
13.28	3.1643572033247573
13.29	2.844787761070921
13.3	2.54786281346983
13.31	2.553001942720094
13.32	2.2359865760936297
13.33	1.907879760568813
13.34	1.9132023972232977
13.35	1.4339796956462676
13.36	1.2585242051449363
13.37	1.2738205185631135
13.38	1.251318384642309
13.39	1.2713579172025884
13.4	1.279530089737592
13.41	1.265920152147894
13.42	1.268925857033061
13.43	1.2626349905798062
13.44	1.4416093269881316
13.45	1.4236047738415303
13.46	1.8850898439478314
13.47	2.2112224507831826
13.48	2.531085594954772
13.49	3.199731791517689
13.5	3.174076721550251
13.51	3.4949439457752725
13.52	3.7933830968432916
13.53	3.955346669178538
13.54	4.27389678701759
13.55	4.754392910721022
13.56	5.071449830347393
13.57	5.7003356656451984
13.58	6.027260220464254
13.59	6.338321583949316
13.6	6.507123734138168
13.61	6.976254420950377
13.62	7.2957577007744945
13.63	7.617856114357085
13.64	8.23513863992179
13.65	8.244497473443655
13.66	8.54666245787713
13.67	8.885373570620139
13.68	9.025907032741781
13.69	9.020433458366833
13.7	9.519543955222566
13.71	9.4949012760427
13.72	9.512751126825798
13.73	9.036396123741763
13.74	9.812801894739518
13.75	9.832098799652325
13.76	9.66133410302085
13.77	9.834881220634987
13.78	9.512297837544821
13.79	9.511871853838182
13.8	9.513289416868806
13.81	8.893188549140689
13.82	8.878258214790879
13.83	8.567432263865067
13.84	8.248265696290149
13.85	7.903272969900972
13.86	7.940745899596932
13.87	7.608600874225234
13.88	7.288825257161883
13.89	6.501665577516387
13.9	6.333544709205646
13.91	6.311374295156265
13.92	5.713865981594421
13.93	5.3766723269528525
13.94	5.390086378260889
13.95	4.753372157179879
13.96	4.443605972055743
13.97	3.793369743758552
13.98	3.80251075827642
13.99	3.317440079440367
14.0	3.3260404819358467
14.01	2.84002413102892
14.02	2.855965708338871
14.03	2.524217683999882
14.04	2.2160311407368587
14.05	2.208960943585182
14.06	1.904585773591786
14.07	1.7553582544015718
14.08	1.4324946192186656
14.09	1.4244273973302375
14.1	1.2645648865297623
14.11	1.274267086786141
14.12	1.428589987437989
14.13	1.4175092949806496
14.14	1.2697701322999821
14.15	1.4286401232476151
14.16	1.8858677330250329
14.17	1.8964534608475645
14.18	1.8965593539076067
14.19	2.220920723246539
14.2	2.2227007652251465
14.21	2.5402008663465727
14.22	3.1600194984958576
14.23	3.162037211126937
14.24	3.4934752132529536
14.25	3.477048773627224
14.26	3.948094569512201
14.27	4.286277943776465
14.28	4.45175756647718
14.29	5.081414754323518
14.3	5.389596986872195
14.31	5.6833553976479605
14.32	6.340115879365996
14.33	6.332129490269475
14.34	6.496621322279448
14.35	6.985663614222826
14.36	7.617322755625686
14.37	7.5958480939855875
14.38	8.248309775111357
14.39	8.231080179698546
14.4	8.410086473176472
14.41	8.853955288719051
14.42	8.889342338384354
14.43	9.031113580947062
14.44	9.040900949890682
14.45	9.516895950582654
14.46	9.498150589728988
14.47	9.499908124190158
14.48	9.511257303416073
14.49	9.027454472830048
14.5	9.516154731964477
14.51	9.029606961712933
14.52	9.007069458303244
14.53	8.868474753132947
14.54	8.879984682948594
14.55	8.557928620302688
14.56	8.250584233906954
14.57	7.905775379383432
14.58	7.919234430999293
14.59	7.614759960251127
14.6	6.9748086440607535
14.61	6.514623125889074
14.62	6.338530788338292
14.63	6.332956104668733
14.64	5.720191180174328
14.65	5.371259900678013
14.66	5.059904779503065
14.67	4.7521189793466485
14.68	4.260916299278491
14.69	3.974307197236979
14.7	3.6476134664493896
14.71	3.7970649711106232
14.72	3.32933345814632
14.73	3.18232066093261
14.74	2.8568814091743517
14.75	2.55067052793198
14.76	2.521830307123553
14.77	2.2412522979291487
14.78	1.9039103371469572
14.79	1.902324249501103
14.8	1.8975424658875553
14.81	1.8989365852118896
14.82	1.4111114314392774
14.83	1.8990450696929346
14.84	1.8991524004296474
14.85	1.4068317013811353
14.86	1.9005022295411926
14.87	1.897417878764955
14.88	2.2116244873371476
14.89	2.218819948221306
14.9	2.7039902678168883
14.91	2.8490478769946366
14.92	3.178960256073228
14.93	3.1711897819033403
14.94	3.7998230020564243
14.95	3.798173992993632
14.96	3.9717833407311005
14.97	4.450468467456963
14.98	5.078299590520763
14.99	5.3723896162849
15.0	5.701165804702607
15.01	6.334445874187855
15.02	6.337726476380817
15.03	6.979025199236038
15.04	7.601897413997358
15.05	7.605941297625178
15.06	7.915427334266234
15.07	8.236847565058982
15.08	8.553343330272993
15.09	8.89188224628039
15.1	8.874714490369843
15.11	9.509687744575276
15.12	9.812059412009202
15.13	9.832284545752229
15.14	9.99704566237209
15.15	10.459491898699401
15.16	10.468322154263939
15.17	10.457500008297055
15.18	10.446130157323639
15.19	10.804834200513044
15.2	10.773185331540992
15.21	10.775731477158438
15.22	10.771330372249363
15.23	10.776945664590007
15.24	10.932574389072611
15.25	10.777033302101499
15.26	10.78989105360296
15.27	10.7675162078588
15.28	10.76404230608496
15.29	10.77994580460875
15.3	10.150691980842431
15.31	10.129399545319306
15.32	10.150239809633211
15.33	10.460570173539582
15.34	9.980559182035162
15.35	9.819596954182572
15.36	9.507790275828386
15.37	9.02470487183798
15.38	8.874066433466083
15.39	8.865211801743177
15.4	8.562141891467814
15.41	8.241664665614966
15.42	7.9217481775561245
15.43	7.61262493051846
15.44	7.288015115071951
15.45	6.973364391715715
15.46	6.494918257118701
15.47	6.01951610049803
15.48	5.694113075640884
15.49	5.394073669099219
15.5	5.080934371809345
15.51	4.76720915590687
15.52	3.966869337274074
15.53	3.797576008579771
15.54	3.4834419576482376
15.55	3.17334243739409
15.56	2.858872034908512
15.57	2.2262240217755935
15.58	1.9181508908626048
15.59	1.8994779075127306
15.6	1.267768345720527
15.61	1.2442937486336283
15.62	1.2496218239190087
15.63	0.9615158058010317
15.64	0.6454808633418929
15.65	0.31313755918205766
15.66	0.3041274722936054
15.67	0.003013005048661464
15.68	-0.008478989675217721
15.69	-0.009167535654785498
15.7	0.0076315407293091
15.71	-0.021297375849834037
15.72	0.010182400523418724
15.73	-0.002601705458801719
15.74	0.3084856430786265
15.75	0.15199239489952904
15.76	0.3214738703615866
15.77	0.6337572975801736
15.78	0.7957579076045106
15.79	1.27128158216733
15.8	1.261359406006681
15.81	1.4005789630834136
15.82	1.9073184436463995
15.83	2.2053081032197133
15.84	2.5195079173868695
15.85	3.168651313225675
15.86	3.164858451925061
15.87	3.3361938995199045
15.88	3.7918448404230807
15.89	3.962383175591066
15.9	4.425555990458281
15.91	5.076130421121788
15.92	5.392210683499116
15.93	5.714907237258026
15.94	6.184533708950428
15.95	6.349488490565691
15.96	6.517089324991913
15.97	6.962847466575022
15.98	7.601793927741118
15.99	7.608858405030109
16.0	7.925143630630654
16.01	8.244895733892507
16.02	8.243743969352007
16.03	8.25024200990918
16.04	8.553918793954274
16.05	8.850175342423885
16.06	8.876552138088956
16.07	8.866848576181829
16.08	9.051355895584456
16.09	9.050396159446791
16.1	9.034589228813589
16.11	9.025908335024514
16.12	9.047523577917286
16.13	8.86732122048227
16.14	8.885225131440134
16.15	8.874004471910638
16.16	8.874966242310007
16.17	8.561717333664811
16.18	8.234545265952754
16.19	7.927989281942656
16.2	7.911381467113412
16.21	7.274036882043705
16.22	6.981827274538477
16.23	6.486389255769145
16.24	6.339457866848188
16.25	6.325865235378144
16.26	5.696302946212684
16.27	5.4101667901077475
16.28	5.081599585848496
16.29	4.910792093677832
16.3	4.4425059312574895
16.31	3.9717174232521724
16.32	3.4945597757945563
16.33	3.1864341786822368
16.34	3.170666617927353
16.35	2.8365422924386396
16.36	2.2333216473712354
16.37	2.2084702847771776
16.38	1.903645030087785
16.39	1.9033854697880306
16.4	1.4279437055595703
16.41	1.4198541385925856
16.42	1.4199588753803138
16.43	1.1082319443649622
16.44	0.9495571700828341
16.45	0.9732228058534147
16.46	0.9427050741761258
16.47	0.9527534088210642
16.48	0.9404568253123374
16.49	1.261957414157597
16.5	1.437974972249277
16.51	1.4220955408054847
16.52	1.438232314387224
16.53	1.9010073702040564
16.54	2.2068222847156878
16.55	2.2316355300869555
16.56	2.6870563107218275
16.57	3.015047693195837
16.58	3.321103730020602
16.59	3.803015376574668
16.6	3.794436890783867
16.61	4.4383203341621025
16.62	4.4298458842100015
16.63	5.073838625383777
16.64	5.398888941572094
16.65	5.6978727148667945
16.66	6.03308395534804
16.67	6.495148628342021
16.68	6.501286356924428
16.69	7.296369005472273
16.7	7.610868894972102
16.71	7.930138017304593
16.72	7.920842916191
16.73	8.24639286917767
16.74	8.5504586981204
16.75	9.02840656050183
16.76	8.869429396696601
16.77	9.510147194629733
16.78	9.50073901573581
16.79	9.81990594739323
16.8	9.839875001196749
16.81	9.833578953852882
16.82	9.805520293341667
16.83	10.132056590526412
16.84	9.823901004088578
16.85	9.815212493475919
16.86	10.153456917585753
16.87	9.830352340745495
16.88	9.826881456863001
16.89	9.513077695055216
16.9	9.499230904644305
16.91	9.04256756677503
16.92	8.87921233500574
16.93	8.550103395635206
16.94	8.225554258757095
16.95	7.920991556882478
16.96	7.618691376944151
16.97	7.279721129400822
16.98	6.973066072357925
16.99	6.4955025474826344
17.0	6.190941939982202
17.01	6.006101563750378
17.02	5.39315474623358
17.03	5.073566632471292
17.04	5.037974733184768
17.05	4.763499867535131
17.06	3.9799726191329277
17.07	3.958030196713067
17.08	3.346912417153893
17.09	3.4936112392048457
17.1	3.0061778869947777
17.11	3.169819162490598
17.12	2.8465774628146243
17.13	2.3623827927889454
17.14	2.204392557825592
17.15	2.2268959210960713
17.16	2.2177673740983304
17.17	2.206520649077758
17.18	1.9066181701164278
17.19	1.9102960356667513
17.2	2.2427243881353203
17.21	1.90172199395273
17.22	1.9064339459737702
17.23	2.2085002758570993
17.24	2.5181183991658207
17.25	2.2281861951893593
17.26	2.524431034174497
17.27	2.8527587396098433
17.28	3.1837266679878833
17.29	3.316865009481239
17.3	3.6500152759675073
17.31	3.8039415966657906
17.32	3.987991606712199
17.33	4.447776903397031
17.34	4.923825373704999
17.35	5.382488324013494
17.36	5.705080295632131
17.37	5.711362693949514
17.38	6.347004045988748
17.39	6.346076162585244
17.4	6.954742529453558
17.41	7.277819574853391
17.42	7.615716526490387
17.43	7.91822070616947
17.44	8.242666338294821
17.45	8.253664437080772
17.46	8.559655752345197
17.47	8.871809023190837
17.48	9.500729748327503
17.49	9.667479714810852
17.5	9.829566028776208
17.51	9.821308141326092
17.52	9.976475346888579
17.53	10.139514780761894
17.54	10.453154229013494
17.55	10.459343874957783
17.56	10.45924992272571
17.57	10.48213183979283
17.58	10.293183685006753
17.59	10.1403326149628
17.6	10.15088259951426
17.61	9.813176508099248
17.62	9.813445821255893
17.63	9.507172909109572
17.64	9.01970016062668
17.65	8.709609532473172
17.66	8.543207567037667
17.67	7.934163986679362
17.68	7.930817303297443
17.69	7.297647453029048
17.7	6.497388170385842
17.71	6.50212478306205
17.72	6.169298800693136
17.73	5.875222306777732
17.74	5.388328978400924
17.75	5.078510575493805
17.76	4.76444343143206
17.77	3.957524778775069
17.78	3.640579984164764
17.79	3.4819176085048724
17.8	2.998126592547356
17.81	2.8490220402427235
17.82	2.3673925421770203
17.83	2.373638712224515
17.84	1.8957554398488476
17.85	1.4287707271618422
17.86	1.4378358697261
17.87	1.2766707945847842
17.88	1.1026790941198243
17.89	0.9569270156537717
17.9	1.1177494018650125
17.91	0.9529284191132417
17.92	0.4646664269197286
17.93	0.9377740898035627
17.94	0.6262216189507422
17.95	0.6353026250164392
17.96	0.9346860026298285
17.97	0.9536372544292829
17.98	0.7823564570513256
17.99	1.1137132248741564
18.0	1.2797313213841461
18.01	1.4381561830730116
18.02	1.8926160210229137
18.03	2.210521901373278
18.04	2.3871374709493725
18.05	2.842574173204497
18.06	3.158604673396256
18.07	3.4999556950937993
18.08	3.9602442945557113
18.09	3.9742011324193736
18.1	4.762687715452014
18.11	5.080078403542551
18.12	5.387750408011902
18.13	5.855634711964872
18.14	6.185635090513093
18.15	6.343224508396468
18.16	6.498051362242622
18.17	7.136519653817548
18.18	7.441234368213742
18.19	7.91765293781819
18.2	8.088372277699689
18.21	8.078092559685034
18.22	8.567824739266682
18.23	8.877169418062975
18.24	8.871204786864974
18.25	9.032452121115348
18.26	9.030227215074113
18.27	9.026889692855107
18.28	9.045309871648415
18.29	9.515760510273843
18.3	9.830571535800281
18.31	9.030192797723739
18.32	9.033814182619663
18.33	9.019055852377022
18.34	9.05180177662347
18.35	8.861446866464423
18.36	8.720652424515977
18.37	8.56391815035938
18.38	8.240338365133633
18.39	8.084631257973673
18.4	7.626375883133327
18.41	7.299615554662036
18.42	6.487017050953717
18.43	6.34558573985911
18.44	6.34941556584852
18.45	6.023621546201173
18.46	5.549275535567732
18.47	5.071993692071502
18.48	4.754046047408424
18.49	3.9658748759529394
18.5	3.7932486428925496
18.51	3.639358650414297
18.52	3.4742998186316107
18.53	2.8468711022743065
18.54	2.7004696136022566
18.55	2.214759857351937
18.56	2.2220203488608194
18.57	1.7265627251021198
18.58	1.4321474244822248
18.59	1.422135244878786
18.6	1.272805824946878
18.61	1.1011430991742839
18.62	0.9589446337510735
18.63	0.9587372346399043
18.64	0.9494731825005119
18.65	0.7796980862143688
18.66	0.7948622173628299
18.67	0.6347939666667045
18.68	0.6238888869643826
18.69	0.9459370951512553
18.7	1.1128686978783657
18.71	1.1044937118926168
18.72	1.0904472632959379
18.73	1.4382480585256727
18.74	1.4297401673094596
18.75	1.423225480718089
18.76	1.7631100326262947
18.77	2.373393478033069
18.78	2.547323675901874
18.79	3.0191166031496928
18.8	3.0104281566939535
18.81	3.4667488028462436
18.82	3.6471000346354523
18.83	3.973917203380832
18.84	4.599815571951884
18.85	4.90615241709248
18.86	5.074200216884637
18.87	5.406201064675876
18.88	6.023496167745945
18.89	6.1702263345898745
18.9	6.339520814263514
18.91	6.511161294079614
18.92	6.4872435815893645
18.93	7.297191290462601
18.94	7.9158931787904905
18.95	7.9346800643604345
18.96	8.078080843185722
18.97	8.24243884029031
18.98	8.708834385366494
18.99	8.868151526977433
19.0	9.0545733359216
19.01	9.033130383771422
19.02	9.032925506700298
19.03	9.489623280005352
19.04	9.833441033329857
19.05	9.814920044965797
19.06	9.832100269868322
19.07	9.82945864078222
19.08	9.977188337503843
19.09	9.981878606037233
19.1	9.82007258215618
19.11	9.831978377324562
19.12	9.818830124304329
19.13	9.841526107487917
19.14	9.355703582125862
19.15	9.048490319749986
19.16	9.03056784832916
19.17	8.856409722385258
19.18	8.713781831360857
19.19	8.544666138655908
19.2	8.073505645640388
19.21	7.604451667117413
19.22	7.749850941956505
19.23	7.282318635004203
19.24	6.48869864090078
19.25	6.346300530360024
19.26	6.030242175774488
19.27	6.0147560998871175
19.28	5.377029262946572
19.29	5.073819411955118
19.3	4.749760072548736
19.31	4.430811116624345
19.32	3.9542266485815456
19.33	3.967206486398674
19.34	3.486883151476691
19.35	3.1770145410996635
19.36	3.161798161915048
19.37	2.8501636226078024
19.38	2.704814860778611
19.39	2.5316088960909813
19.4	2.5264309870837027
19.41	2.39300970362903
19.42	2.5426454021025395
19.43	2.227904385785548
19.44	2.5301405149176097
19.45	2.52673446041
19.46	2.509470125698817
19.47	2.699177731254935
19.48	2.850892912461725
19.49	3.3400341243294878
19.5	3.483260407818021
19.51	3.4848039868770337
19.52	3.798856771189721
19.53	3.941563946418455
19.54	4.4318386627204465
19.55	4.741306886825329
19.56	5.080233138298817
19.57	5.550308586570247
19.58	6.012995739000734
19.59	6.174810328215281
19.6	6.51564675358293
19.61	6.817905033230704
19.62	7.311143143422905
19.63	7.59490677906926
19.64	8.06945620473798
19.65	8.555390004362987
19.66	8.708737235962028
19.67	9.030089812375689
19.68	9.042157335319175
19.69	9.81570085497625
19.7	9.98117309687022
19.71	10.290783853923738
19.72	10.462764179455476
19.73	10.773260474092533
19.74	11.073989547870083
19.75	11.090088846070584
19.76	11.2582038131808
19.77	11.26871158818255
19.78	11.590112971842045
19.79	11.393373870179591
19.8	11.576108653927152
19.81	12.029297075144754
19.82	11.868604202877986
19.83	11.884228991817253
19.84	11.559169681089337
19.85	12.043677244854605
19.86	12.195685035631422
19.87	11.567728530686852
19.88	11.5620908209554
19.89	11.567673228064852
19.9	11.421519576190448
19.91	11.092264009395398
19.92	11.084299681652327
19.93	10.763597239387039
19.94	10.443060246715419
19.95	10.127821089110835
19.96	9.5115634895135
19.97	9.018697330426086
19.98	8.55873314480707
19.99	8.234523030967212
20.0	7.7624509829776365
