10.0	0.23398189125886942
10.01	0.267743723083811
10.02	0.25410651440096915
10.03	0.23545037205492245
10.04	0.26241230215572464
10.05	0.25026601896595674
10.06	0.24607474990662562
10.07	0.2132436914487949
10.08	0.23910269405609227
10.09	0.2385991371780137
10.1	0.2459382994903249
10.11	0.2501327801914394
10.12	0.24103410183772223
10.13	0.2390319086831707
10.14	0.2543703429661027
10.15	0.24431551324711925
10.16	0.24032988755214216
10.17	0.246263417706625
10.18	0.240974931571062
10.19	0.23462629679654431
10.2	0.24496102027363795
10.21	0.24624524465398415
10.22	0.2376632035940127
10.23	0.24663893525399933
10.24	0.24976774680805655
10.25	0.2387184534067167
10.26	0.2639753240488043
10.27	0.24319862775266707
10.28	0.22736861132990438
10.29	0.2372449834515225
10.3	0.22332449751156266
10.31	0.24555177829171404
10.32	0.2347730706392341
10.33	0.24567547880097618
10.34	0.24191648966553173
10.35	0.2507609482297722
10.36	0.24476732129496476
10.37	0.25001166969615385
10.38	0.24917645014791048
10.39	0.23897816834037713
10.4	0.25493332172592265
10.41	0.24239856610812927
10.42	0.22773763464274244
10.43	0.22640235320826577
10.44	0.23487113291637832
10.45	0.2451164039941646
10.46	0.239568075810025
10.47	0.25420103450119463
10.48	0.2529677033659488
10.49	0.2502116489561249
10.5	0.2439584446218647
10.51	0.24286895992817145
10.52	0.2340321879149637
10.53	0.2644494233602427
10.54	0.25684656932906647
10.55	0.24021701880399465
10.56	0.2314416521676291
10.57	0.23798062990110272
10.58	0.2566080825438707
10.59	0.24402274242621708
10.6	0.23312540873648063
10.61	0.23232759768176398
10.62	0.22837217114213046
10.63	0.24093482000035435
10.64	0.24711510339451145
10.65	0.2430346766613398
10.66	0.24937570956809424
10.67	0.22341679202581477
10.68	0.24141974292104443
10.69	0.24558620665139716
10.7	0.24705223756001266
10.71	0.24044692618519736
10.72	0.22879295999985097
10.73	0.25652934194081406
10.74	0.25336958483258665
10.75	0.24786633039793526
10.76	0.24516507228713205
10.77	0.2436966555459238
10.78	0.2492396585540547
10.79	0.25319867219769754
10.8	0.24941679279546317
10.81	0.24250731540124856
10.82	0.23762467928138448
10.83	0.25142297366724037
10.84	0.24072117552352001
10.85	0.23280448075090848
10.86	0.24172676648718902
10.87	0.26306761629011544
10.88	0.24983153650944445
10.89	0.2362952826938521
10.9	0.2509485668315392
10.91	0.24636918674849956
10.92	0.24338074782555327
10.93	0.25890842369128303
10.94	0.23182957453927866
10.95	0.23766027218306443
10.96	0.2646126164804847
10.97	0.24874489867259664
10.98	0.25132395718741435
10.99	0.25062456154492424
11.0	0.22917692068214054
11.01	0.23889683609179704
11.02	0.24375980179790216
11.03	0.2361965245866219
11.04	0.22386822757566005
11.05	0.23857720921071462
11.06	0.26065766729421136
11.07	0.2492973985108586
11.08	0.2595498326196394
11.09	0.23601920390058193
11.1	0.2401177570668463
11.11	0.2466600559962192
11.12	0.2463721961540878
11.13	0.2509635338806659
11.14	0.22910093252302224
11.15	0.25431272579966696
11.16	0.2293932302289226
11.17	0.24778410616628974
11.18	0.2535939352658422
11.19	0.24097294529627386
11.2	0.24602594606588815
11.21	0.2262589864873932
11.22	0.2525939646612366
11.23	0.24922444125680862
11.24	0.22479061506236805
11.25	0.24557160339855108
11.26	0.2465300769840315
11.27	0.2593471609190802
11.28	0.25881526983578096
11.29	0.24320924306750397
11.3	0.24824644825011907
11.31	0.2379514494730458
11.32	0.24063823220226896
11.33	0.2648256812355757
11.34	0.22750268342162552
11.35	0.2422846852886533
11.36	0.23706492061543472
11.37	0.2644261847000413
11.38	0.22173508780829343
11.39	0.23807943882521032
11.4	0.2330835626065228
11.41	0.2424098815177444
11.42	0.2412587217613767
11.43	0.24616794886523258
11.44	0.23977206942502985
11.45	0.25778177673106967
11.46	0.230164125470179
11.47	0.2473109294300954
11.48	0.25544774368520345
11.49	0.24066881157951053
11.5	0.24910295655875292
11.51	0.2514876754485826
11.52	0.23755190454165306
11.53	0.2536897972861237
11.54	0.2378492455351924
11.55	0.22679553908818414
11.56	0.2460157011942026
11.57	0.26144311499205014
11.58	0.25255581541645256
11.59	0.24310272453946427
11.6	0.26302296485054627
11.61	0.2373733799289498
11.62	0.262198944180936
11.63	0.2583835418130454
11.64	0.23359093752287144
11.65	0.23583342588092285
11.66	0.23595548876181474
11.67	0.2510477594821981
11.68	0.2506203584520684
11.69	0.25661572876442057
11.7	0.2489832930108499
11.71	0.2423126852204549
11.72	0.25764673089441426
11.73	0.24348773254524195
11.74	0.2516943931249264
11.75	0.2442756300327075
11.76	0.2520549335176533
11.77	0.2580315851813351
11.78	0.25855260351823856
11.79	0.2293010316733468
11.8	0.24648746044869402
11.81	0.24101852274307012
11.82	0.23304406646555875
11.83	0.2365937629679302
11.84	0.2376840729196916
11.85	0.2428734239569286
11.86	0.23170505424625928
11.87	0.24771470769441378
11.88	0.2474131994990611
11.89	0.2250425919205949
11.9	0.2469099550864241
11.91	0.2360507399368517
11.92	0.2513048616675972
11.93	0.24585093319692547
11.94	0.2402871970686557
11.95	0.2378562464973829
11.96	0.2316422894552761
11.97	0.23272160454539872
11.98	0.2466578491415432
11.99	0.2443509389170136
12.0	0.2318218110647217
12.01	0.24828777167212684
12.02	0.24948457907966026
12.03	0.24955871975978253
12.04	0.2541804384694585
12.05	0.24342036992577112
12.06	0.252021087502556
12.07	0.226912403059088
12.08	0.23444260672061987
12.09	0.23667049964008802
12.1	0.23852316371366228
12.11	0.23422551921256468
12.12	0.23702928021772277
12.13	0.25545360641678877
12.14	0.2551905243712895
12.15	0.2545484383167611
12.16	0.24299101948467233
12.17	0.2512674399874193
12.18	0.234960538413666
12.19	0.24683927006197148
12.2	0.23299715539263527
12.21	0.225523353298473
12.22	0.24320828183189214
12.23	0.232849201074307
12.24	0.22254597785537938
12.25	0.22323624455921745
12.26	0.2511868575195748
12.27	0.26514555301965603
12.28	0.25482827827625704
12.29	0.2404128609330905
12.3	0.24806206115398363
12.31	0.2574626934579237
12.32	0.23712872477221592
12.33	0.2537904130673725
12.34	0.23961885847348677
12.35	0.2451108001607814
12.36	0.2373155825796844
12.37	0.23438557442472144
12.38	0.23297558014113612
12.39	0.24926246310843078
12.4	0.2452696869671798
12.41	0.2340651427148191
12.42	0.22717095326752873
12.43	0.23163831449593808
12.44	0.25670435385278395
12.45	0.2458295976343206
12.46	0.2313095289417546
12.47	0.23801619085889883
12.48	0.24444207862005293
12.49	0.23162262858288946
12.5	0.23986767276893436
12.51	0.24296366933311395
12.52	0.23651312065541655
12.53	0.246486768092375
12.54	0.24292071456997713
12.55	0.2514131919600223
12.56	0.23279214306512339
12.57	0.2684166269971099
12.58	0.2561974312654919
12.59	0.23961159175034233
12.6	0.2515565564283208
12.61	0.23506475547540134
12.62	0.2528908291091478
12.63	0.23047488533626478
12.64	0.2324090196285852
12.65	0.24237219237225163
12.66	0.2531270334858149
12.67	0.23468769841083637
12.68	0.2512461027232471
12.69	0.2712544307645643
12.7	0.23028912077934885
12.71	0.24082888855520862
12.72	0.23064021296588838
12.73	0.21807622223361994
12.74	0.2609463378098852
12.75	0.2434969234777861
12.76	0.2575890069716199
12.77	0.25812105700108473
12.78	0.24993460518201943
12.79	0.24040182410934074
12.8	0.24432862645904435
12.81	0.24622314223701566
12.82	0.228134026695112
12.83	0.2599743673129735
12.84	0.2532706705637686
12.85	0.24399721213013856
12.86	0.23569264572934964
12.87	0.25218628507442786
12.88	0.25973386074600524
12.89	0.24400993819181155
12.9	0.2508948853785987
12.91	0.2327917246729992
12.92	0.23548103967142517
12.93	0.24662018176413417
12.94	0.24256821863117442
12.95	0.24662961442739037
12.96	0.24457651960378127
12.97	0.23337420961927485
12.98	0.24747957215742808
12.99	0.24586267929965644
13.0	0.24946396783067848
13.01	0.2261629543724728
13.02	0.25570839021475283
13.03	0.23444260590743696
13.04	0.23675425123376817
13.05	0.24660952652255094
13.06	0.24538683068825373
13.07	0.2510435040385767
13.08	0.2627427029766865
13.09	0.2507750673525113
13.1	0.26156847640587816
13.11	0.2638757259499514
13.12	0.24287441042772853
13.13	0.25599622164430524
13.14	0.24818320886752637
13.15	0.23769242873380636
13.16	0.24869127412335695
13.17	0.24453286951603911
13.18	0.24644411625561827
13.19	0.24697271836015716
13.2	0.23441018601360197
13.21	0.2498175583447103
13.22	0.2468579373084386
13.23	0.24243188022310153
13.24	0.25398215842460303
13.25	0.25417725880770825
13.26	0.23239529588798233
13.27	0.25428470146762827
13.28	0.25269030943937654
13.29	0.2644100676259216
13.3	0.26543150265550647
13.31	0.24261467483222285
13.32	0.2431639843563675
13.33	0.2550564228494948
13.34	0.25980475751466464
13.35	0.24148549608824535
13.36	0.2455026224029672
13.37	0.247750653672372
13.38	0.24164765185533474
13.39	0.24993213252970772
13.4	0.22935916574606063
13.41	0.24016987956929325
13.42	0.25930881697380553
13.43	0.2509762485984635
13.44	0.24422145163941805
13.45	0.23459105411630335
13.46	0.2252032153996091
13.47	0.24249627251204167
13.48	0.2459338226621894
13.49	0.24994786109122388
13.5	0.2483736064540171
13.51	0.24140243925013713
13.52	0.24458734589322434
13.53	0.2174103778989884
13.54	0.24800998988416484
13.55	0.22461486741516143
13.56	0.22544541010591856
13.57	0.24097373950901113
13.58	0.2374869796759971
13.59	0.254336423304857
13.6	0.2499748453159188
13.61	0.2570802649764671
13.62	0.24252393718103346
13.63	0.2633147523382406
13.64	0.2592217122206037
13.65	0.2567445569159649
13.66	0.24416265779613577
13.67	0.2432045763876975
13.68	0.24530256541260678
13.69	0.22320960635795545
13.7	0.23787980421533714
13.71	0.2488047983473165
13.72	0.23217205439032135
13.73	0.23855545130427855
13.74	0.2260473928215273
13.75	0.2374973055665979
13.76	0.2450847673797126
13.77	0.23591782803277514
13.78	0.23850947927535945
13.79	0.2469887987996388
13.8	0.228091793299846
13.81	0.23453189411826023
13.82	0.25799438964395294
13.83	0.2349167154081395
13.84	0.2421271713733919
13.85	0.24908800973195705
13.86	0.2387076648109388
13.87	0.24277658583031653
13.88	0.24305216150369968
13.89	0.24787322266234785
13.9	0.2518820483144415
13.91	0.23999441125219378
13.92	0.2378997598983006
13.93	0.23325076429767527
13.94	0.22674190715306594
13.95	0.2537156163999379
13.96	0.2596004237828152
13.97	0.23712144272788963
13.98	0.24775661509477245
13.99	0.25772556618946824
14.0	0.23684659296147628
14.01	0.23966329789308807
14.02	0.234092929069969
14.03	0.24381719114012163
14.04	0.25749634112380954
14.05	0.24092746022110934
14.06	0.2502401482624303
14.07	0.2404179022501001
14.08	0.24550184421521234
14.09	0.237994311653277
14.1	0.2446365267471661
14.11	0.24242355820323644
14.12	0.24241056142788817
14.13	0.2415011336693844
14.14	0.23240423230617474
14.15	0.2621088119112643
14.16	0.2482399243355491
14.17	0.2537849352542836
14.18	0.2342054619108979
14.19	0.2427718959896169
14.2	0.23841736901016988
14.21	0.24792407183217663
14.22	0.22048395326134665
14.23	0.23947379924402368
14.24	0.2517001029403984
14.25	0.2570922575765961
14.26	0.23077926748159155
14.27	0.24648733885436064
14.28	0.23020820468613817
14.29	0.24570076053251028
14.3	0.24478481119224335
14.31	0.24801165495873456
14.32	0.24418532754028083
14.33	0.23177205684622412
14.34	0.2366151897751467
14.35	0.23897506190168916
14.36	0.24911877447913686
14.37	0.26514281223109026
14.38	0.2481057283533049
14.39	0.23734467990646801
14.4	0.2304803738134352
14.41	0.24423964196170117
14.42	0.2542611508398957
14.43	0.23950327391297024
14.44	0.24284183161392975
14.45	0.2303866476360759
14.46	0.25752519426066617
14.47	0.2614090938237469
14.48	0.25955016614046833
14.49	0.25362661210047904
14.5	0.2537628018725245
14.51	0.22489727900134826
14.52	0.24934323893427993
14.53	0.23053025288549805
14.54	0.24418847177007283
14.55	0.2280533684709826
14.56	0.2464660899424895
14.57	0.2376442516087775
14.58	0.25378874875784746
14.59	0.25313027106582836
14.6	0.24513578039479011
14.61	0.2589080601584533
14.62	0.23510143030672576
14.63	0.26182132852424767
14.64	0.25085392996698963
14.65	0.24099549856710648
14.66	0.24527546408783255
14.67	0.23728230322951022
14.68	0.2246555132086636
14.69	0.24963389821433732
14.7	0.2426724320033127
14.71	0.2542856385489109
14.72	0.24523724713765507
14.73	0.24122750551878955
14.74	0.2475145553516586
14.75	0.2610681979610682
14.76	0.23836738591296897
14.77	0.2462979846941463
14.78	0.2536689203157589
14.79	0.23759432248844367
14.8	0.23101495209516346
14.81	0.25748270376214455
14.82	0.23489945988688124
14.83	0.25631228724232447
14.84	0.25197921455972805
14.85	0.2398725436814172
14.86	0.25697449717833426
14.87	0.23956453695914423
14.88	0.22481642350374298
14.89	0.2493956576446277
14.9	0.2496206252680522
14.91	0.2503263445749171
14.92	0.24291211034326415
14.93	0.2295529974797054
14.94	0.2490718119398962
14.95	0.2441460592775229
14.96	0.2608456370571715
14.97	0.22458319819660263
14.98	0.23870797262892923
14.99	0.2503844044126608
15.0	0.24954537229398682
15.01	0.25108727994026236
15.02	0.24482411280582728
15.03	0.23619209364553795
15.04	0.2464664329512424
15.05	0.2380964234081753
15.06	0.2277077710858457
15.07	0.24288455038304257
15.08	0.24003904274556184
15.09	0.2248896567070323
15.1	0.23905596068463494
15.11	0.24865534196242325
15.12	0.2528010116276371
15.13	0.24685092251387586
15.14	0.2583251893392413
15.15	0.2442797699512495
15.16	0.24605321439842168
15.17	0.2571142274921464
15.18	0.23479969661076855
15.19	0.24480558112437723
15.2	0.23690768611180743
15.21	0.24777600314445278
15.22	0.27648422622613517
15.23	0.25261750229556185
15.24	0.23299182531845505
15.25	0.24269831597652186
15.26	0.2359038848482257
15.27	0.22883291136221798
15.28	0.24166317057714465
15.29	0.24914274359064262
15.3	0.24768155852706036
15.31	0.26208465845249157
15.32	0.23816221726980275
15.33	0.244703787698406
15.34	0.2440033810783238
15.35	0.2512227316360588
15.36	0.24054389236227203
15.37	0.24027217115056104
15.38	0.25814057884440494
15.39	0.24706279156216823
15.4	0.24053908352137135
15.41	0.24398268643288076
15.42	0.22588559961667976
15.43	0.26120483048176096
15.44	0.2466620181514134
15.45	0.2627072165063368
15.46	0.2358258034052125
15.47	0.24078771350105324
15.48	0.25010501749931263
15.49	0.2500467361045055
15.5	0.24735125516132553
15.51	0.2578154781380916
15.52	0.24187039629571475
15.53	0.2569271693920995
15.54	0.24530877701210455
15.55	0.24675561461996928
15.56	0.24977954764680613
15.57	0.2457090256795847
15.58	0.24717343386139418
15.59	0.25269224646038324
15.6	0.24539491880944456
15.61	0.2337475384436377
15.62	0.25442955229182046
15.63	0.24423658896866568
15.64	0.24920368693851172
15.65	0.24726505411388888
15.66	0.24478959440957088
15.67	0.2489358938460029
15.68	0.24185099749267766
15.69	0.24934497609831976
15.7	0.22997116347084243
15.71	0.2522786255970959
15.72	0.24684305760740116
15.73	0.2309910941429054
15.74	0.25241416909644204
15.75	0.25059320900585863
15.76	0.25290656390942584
15.77	0.22435012732727977
15.78	0.26831108086504063
15.79	0.22755165276951303
15.8	0.2391604240176486
15.81	0.2546466529288797
15.82	0.24261049316475075
15.83	0.2526979896262875
15.84	0.23683610005946257
15.85	0.231524753620243
15.86	0.23694419842586653
15.87	0.2212570555276457
15.88	0.2480346942110968
15.89	0.2416462015992309
15.9	0.2678324154202607
15.91	0.24805418484205272
15.92	0.2319847293404904
15.93	0.23606355920594668
15.94	0.23867500495473337
15.95	0.2487806478253893
15.96	0.24160545005461767
15.97	0.2418584413329443
15.98	0.2250110920865252
15.99	0.2570136039663364
16.0	0.24844019006859439
16.01	0.2501919830649407
16.02	0.23883732172899313
16.03	0.228130614983171
16.04	0.23094320800818663
16.05	0.25087041842779556
16.06	0.24106036531843522
16.07	0.2362899878798061
16.08	0.2725215048242219
16.09	0.24407351480637546
16.1	0.2439883555648521
16.11	0.2581638983678473
16.12	0.25913938990440627
16.13	0.24150494669700193
16.14	0.23475109012540654
16.15	0.23501169949241998
16.16	0.24385107936214018
16.17	0.2358125372905826
16.18	0.25166215212290977
16.19	0.25503320721881834
16.2	0.23775741615326768
16.21	0.24698805700302062
16.22	0.23415054566937252
16.23	0.24151422526125257
16.24	0.25818701298754965
16.25	0.26459202594622233
16.26	0.271591444683359
16.27	0.24314882290265505
16.28	0.23595038217156394
16.29	0.24702239333685866
16.3	0.2500394538323522
16.31	0.25957086945207325
16.32	0.24202838171894023
16.33	0.24570608324481083
16.34	0.24551956813127623
16.35	0.22636051014659359
16.36	0.26260315328142086
16.37	0.2639207601611097
16.38	0.26313601719356494
16.39	0.23038440553096384
16.4	0.23425312584326172
16.41	0.25606891319493197
16.42	0.2458430523762255
16.43	0.24768790584298628
16.44	0.24311500560596927
16.45	0.2596393475565084
16.46	0.25493646072693715
16.47	0.2560647885057381
16.48	0.24571678922476778
16.49	0.24228878602094123
16.5	0.22790598691138345
16.51	0.25096397337511334
16.52	0.25210060611826096
16.53	0.25214412068603337
16.54	0.2413934846935131
16.55	0.25053639733159466
16.56	0.24934745964857835
16.57	0.251306328816971
16.58	0.24120778373222088
16.59	0.23710045874646157
16.6	0.2314588318785849
16.61	0.22645571341706006
16.62	0.25294762904796325
16.63	0.24276017421273055
16.64	0.24889368422425753
16.65	0.2446619099086744
16.66	0.2270848012286004
16.67	0.24070323313386852
16.68	0.255662045824118
16.69	0.24423986139787057
16.7	0.2435352699747917
16.71	0.2367992095088941
16.72	0.25562341726461113
16.73	0.24835757963063926
16.74	0.25018652471177655
16.75	0.2497903947206787
16.76	0.2439870446310814
16.77	0.22403929721406105
16.78	0.24516850218186023
16.79	0.23965192356329323
16.8	0.22583728225578395
16.81	0.24163579203629673
16.82	0.24762293487949136
16.83	0.24644901840399805
16.84	0.25271592784182617
16.85	0.2531886904344638
16.86	0.23376358961944738
16.87	0.24642393635932636
16.88	0.23498393689450395
16.89	0.24739934198320487
16.9	0.24372263356979149
16.91	0.24655871250182335
16.92	0.24676944621146443
16.93	0.24311666963498565
16.94	0.25117059426161326
16.95	0.24302467618713228
16.96	0.25330455239227434
16.97	0.24627382323334504
16.98	0.2708982559884711
16.99	0.24831887250968487
17.0	0.2531072295319758
17.01	0.22803490375549101
17.02	0.24643993810736245
17.03	0.23101756659417727
17.04	0.250821735651625
17.05	0.24474126788414832
17.06	0.23690892313366263
17.07	0.2357643602759423
17.08	0.24849332511806768
17.09	0.22640892672270518
17.1	0.2406776359831127
17.11	0.2622245688145024
17.12	0.23962502795817595
17.13	0.22109867637543237
17.14	0.2623657409049664
17.15	0.2527242799750027
17.16	0.25038965467788143
17.17	0.24312806980830434
17.18	0.23058159296358335
17.19	0.2321327011856756
17.2	0.2567828348446034
17.21	0.2415948707013597
17.22	0.2476937354438205
17.23	0.24201262754971528
17.24	0.23714069700576706
17.25	0.23231341535313887
17.26	0.23956268479994036
17.27	0.2608704939088759
17.28	0.2311332967539232
17.29	0.2552118697173063
17.3	0.2352510384793499
17.31	0.2355425261141588
17.32	0.24266497249869
17.33	0.24426345529246735
17.34	0.24596362637761401
17.35	0.2590490509593064
17.36	0.23386115051837303
17.37	0.23905438076907431
17.38	0.24267020600518077
17.39	0.23883976390767125
17.4	0.25030464108419037
17.41	0.23868123933963722
17.42	0.2576982209433148
17.43	0.2404865154220387
17.44	0.25872434589411947
17.45	0.2335364405119821
17.46	0.25328887302657704
17.47	0.24395387429596038
17.48	0.23424653580295846
17.49	0.2576043607992727
17.5	0.24694040336889742
17.51	0.22548738103438626
17.52	0.24904729596646813
17.53	0.2395691482442765
17.54	0.24779896602607543
17.55	0.24221303797395402
17.56	0.25500887157125673
17.57	0.24551637821757474
17.58	0.23839433372857793
17.59	0.23249305599274844
17.6	0.2356378858420936
17.61	0.24394437234789618
17.62	0.25016181050259123
17.63	0.2450833279761315
17.64	0.25138564242816264
17.65	0.2369369922379804
17.66	0.25343208314725374
17.67	0.24821915307968342
17.68	0.24187709887517
17.69	0.24780665951912237
17.7	0.23850569583276185
17.71	0.2460963734739005
17.72	0.22791821295175396
17.73	0.21618868041145223
17.74	0.24542186827284695
17.75	0.24255216298217708
17.76	0.24367306633144584
17.77	0.23324317057918928
17.78	0.24757003578982173
17.79	0.23097405837875942
17.8	0.24609986006982854
17.81	0.23117293577566042
17.82	0.22730104868916692
17.83	0.24494714207702456
17.84	0.24519476395356454
17.85	0.23954583506622998
17.86	0.25265458383461326
17.87	0.23741739902105777
17.88	0.2453715830846621
17.89	0.2609641623127959
17.9	0.2420885347427808
17.91	0.2380284589416149
17.92	0.25701242466181473
17.93	0.23726814845492566
17.94	0.2557273581137056
17.95	0.2677654366255341
17.96	0.23291887770795616
17.97	0.22329165460224246
17.98	0.2545005815773559
17.99	0.2572947588492682
18.0	0.24720255698793364
18.01	0.23702655201293715
18.02	0.26541282141411787
18.03	0.2544589321638344
18.04	0.2542586182797419
18.05	0.22022208681874272
18.06	0.2173337008423532
18.07	0.25318112463593917
18.08	0.23854187404335295
18.09	0.24866678882661572
18.1	0.2409399745894723
18.11	0.24688311334412869
18.12	0.25160710402122166
18.13	0.2448343343633112
18.14	0.23620664627035715
18.15	0.24341600274704464
18.16	0.25018712234618307
18.17	0.25798994502424205
18.18	0.2545534223658476
18.19	0.2690852697522368
18.2	0.24133829164057966
18.21	0.2528112943626525
18.22	0.24745424945762534
18.23	0.2606401214312126
18.24	0.254213678491044
18.25	0.2619218408848492
18.26	0.2499424405999969
18.27	0.24140791641549245
18.28	0.2453619225390204
18.29	0.24009091696108953
18.3	0.23126459905826058
18.31	0.25185443938185054
18.32	0.24812177004489935
18.33	0.23272653823343245
18.34	0.25831408966462704
18.35	0.253733227499152
18.36	0.23855521619740935
18.37	0.2667261352863923
18.38	0.22881263378695205
18.39	0.24993689237309263
18.4	0.24932970577209487
18.41	0.25522158504662984
18.42	0.25201143841222207
18.43	0.25537682621255564
18.44	0.24472865455976633
18.45	0.2504418754589075
18.46	0.24126745605132285
18.47	0.24172282502773124
18.48	0.25923103576347206
18.49	0.2303805887026544
18.5	0.24960109039791845
18.51	0.22496775328291985
18.52	0.25500320581018815
18.53	0.26415226701291844
18.54	0.2401058821303327
18.55	0.23428019726604998
18.56	0.23978109372298048
18.57	0.24715007709810713
18.58	0.23130591586327268
18.59	0.24859048648493137
18.6	0.24759801504343407
18.61	0.2494256941877326
18.62	0.24705876304291835
18.63	0.2238687589431983
18.64	0.24529291339804396
18.65	0.23758575484521227
18.66	0.2560267337675311
18.67	0.2648740481475222
18.68	0.25371468029276784
18.69	0.24758422489971887
18.7	0.2620106645700434
18.71	0.24736948780406856
18.72	0.2507331391352509
18.73	0.23824480024590522
18.74	0.23877041101787339
18.75	0.24563743258238613
18.76	0.24080950686726785
18.77	0.24904424966637365
18.78	0.24667374483157753
18.79	0.2379388967649354
18.8	0.2556565146776678
18.81	0.23747338894501957
18.82	0.24968280228359654
18.83	0.2532037358948463
18.84	0.25338264566392804
18.85	0.2577749737929348
18.86	0.2550634652031681
18.87	0.2426076941343627
18.88	0.2557262869415902
18.89	0.23935296881967216
18.9	0.2553970282713094
18.91	0.23361074430851325
18.92	0.24487938372743018
18.93	0.2473296953502528
18.94	0.2562442864527994
18.95	0.2458788263775271
18.96	0.2427669181305629
18.97	0.22542975164327972
18.98	0.2515049980025792
18.99	0.25703028862971583
19.0	0.2547546599404239
19.01	0.26900330790412924
19.02	0.24834250349055392
19.03	0.25100112708695804
19.04	0.23692985289235446
19.05	0.24256755275144007
19.06	0.23460314423618414
19.07	0.25014935128050225
19.08	0.24204396734343867
19.09	0.25654665375223584
19.1	0.25990289591777954
19.11	0.24878555173958727
19.12	0.23475348867901336
19.13	0.23894462036423708
19.14	0.24582907978270685
19.15	0.2636879355115653
19.16	0.23161880111514194
19.17	0.2520354007415193
19.18	0.2525727043364346
19.19	0.2672219134409811
19.2	0.23219228459725605
19.21	0.25633535021718046
19.22	0.2569819468701966
19.23	0.24089473798007502
19.24	0.24996505826762003
19.25	0.2549376278272231
19.26	0.2456614088763414
19.27	0.24652173813303904
19.28	0.23507880624465388
19.29	0.2531531428061604
19.3	0.23525271185927535
19.31	0.25120970710633733
19.32	0.24104694779095978
19.33	0.24256342216670923
19.34	0.2245543226621413
19.35	0.2592333007571617
19.36	0.2471716647485545
19.37	0.2598449567374101
19.38	0.23923554657550025
19.39	0.24696994432937844
19.4	0.23460134076407863
19.41	0.24863417258739784
19.42	0.23969786714367308
19.43	0.24045777641405242
19.44	0.24082048763728175
19.45	0.24684313728266674
19.46	0.23896065850280496
19.47	0.22125920501924023
19.48	0.24226536696328546
19.49	0.24972292627445053
19.5	0.24213567947758982
19.51	0.24646444751261068
19.52	0.24749763164605693
19.53	0.26392659390315076
19.54	0.24712016770401068
19.55	0.23995088021752273
19.56	0.24839379413623436
19.57	0.2489437497217205
19.58	0.2508924077290596
19.59	0.24362155919318657
19.6	0.2286648084373526
19.61	0.2544610956123124
19.62	0.25395168145329455
19.63	0.2486608519571956
19.64	0.2422184299979963
19.65	0.25370469488023606
19.66	0.25457328515914607
19.67	0.25338169865058097
19.68	0.24786699505710688
19.69	0.25134645162273667
19.7	0.23042943820198863
19.71	0.2384404841998848
19.72	0.23784633875991018
19.73	0.24474755984309685
19.74	0.2309238015009726
19.75	0.23122028973636027
19.76	0.24375075251779316
19.77	0.2558272472536762
19.78	0.23630447797891566
19.79	0.23244972966422284
19.8	0.25404458568735355
19.81	0.23455063703872264
19.82	0.22736953110483035
19.83	0.24731509570878532
19.84	0.25506328081292123
19.85	0.26764018492895864
19.86	0.23935257650572342
19.87	0.2482118338211004
19.88	0.2617014611836159
19.89	0.2584200816386318
19.9	0.23454062810821114
19.91	0.23803441456661373
19.92	0.2495416063362515
19.93	0.22951856719426345
19.94	0.24309658936875925
19.95	0.232970766830287
19.96	0.2589731000955057
19.97	0.248214978861766
19.98	0.2525250348962947
19.99	0.2681542399604902
20.0	0.24243535022302687
20.01	0.25045620726708595
20.02	0.25117758025815906
20.03	0.2418801122429115
20.04	0.24373455781372166
20.05	0.2323698004668193
20.06	0.23799594136044577
20.07	0.2603024858171804
20.08	0.2284734540758207
20.09	0.26459892713056443
20.1	0.2553035090992165
20.11	0.25098253332370196
20.12	0.24987840333488792
20.13	0.2486406094527846
20.14	0.2512025116362235
20.15	0.24489835814687405
20.16	0.2543433439342382
20.17	0.2628420253747979
20.18	0.24341950108481955
20.19	0.24082308474847425
20.2	0.2588333303982497
20.21	0.232633717310713
20.22	0.25661711598993725
20.23	0.24435007873759992
20.24	0.23779530202020255
20.25	0.2286953075411719
20.26	0.236468088486862
20.27	0.23723846784347624
20.28	0.25354883844129067
20.29	0.240505211727584
20.3	0.2608888534527514
20.31	0.23725116309604494
20.32	0.26539825405358597
20.33	0.22663751041225355
20.34	0.2604734769370776
20.35	0.23910879620032394
20.36	0.2562109131102952
20.37	0.23917532861053462
20.38	0.2658769718270032
20.39	0.24793349093176753
20.4	0.2440800263715631
20.41	0.2537817599488483
20.42	0.2546454226171295
20.43	0.2526250501693211
20.44	0.22996837197767542
20.45	0.24260437507100865
20.46	0.23687112643966837
20.47	0.2307900884754328
20.48	0.2523426382135854
20.49	0.251976056864433
20.5	0.2501956772804801
20.51	0.2466912414530225
20.52	0.23488094792088293
20.53	0.23265551205389137
20.54	0.26151000711088707
20.55	0.24609352542209423
20.56	0.23183453103724624
20.57	0.24267308088964873
20.58	0.24937044789448634
20.59	0.2511554810604829
20.6	0.2382226520397078
20.61	0.2461382826598219
20.62	0.2678206839349759
20.63	0.24845507010607784
20.64	0.258124112097804
20.65	0.2513084540559583
20.66	0.23568562335192217
20.67	0.2565163363313076
20.68	0.25693386805123275
20.69	0.24874978393158953
20.7	0.2429231609419198
20.71	0.24725295824904164
20.72	0.23876689552390715
20.73	0.2451892958134177
20.74	0.24485631489260362
20.75	0.24589049672293622
20.76	0.23673831042612367
20.77	0.25943071978304016
20.78	0.2401843816077439
20.79	0.22844283901938017
20.8	0.24505380384168218
20.81	0.26117967121961816
20.82	0.24926308087310428
20.83	0.24077598124380756
20.84	0.22846630012700037
20.85	0.23606129631493938
20.86	0.2331407135268848
20.87	0.24941947040003573
20.88	0.23412307197036214
20.89	0.23948614164428514
20.9	0.24645530945270572
20.91	0.23470142706800998
20.92	0.24689893952475217
20.93	0.24447834570177462
20.94	0.24727632158138727
20.95	0.24974249601046677
20.96	0.2538398232711433
20.97	0.25503154551224594
20.98	0.23719022070128634
20.99	0.24769988250814473
21.0	0.24129000391656028
21.01	0.25214547191005615
21.02	0.2499397541012471
21.03	0.23250571090298489
21.04	0.2541021278393427
21.05	0.24135915726063675
21.06	0.24126139002917926
21.07	0.24686412191506538
21.08	0.23300168817651926
21.09	0.2569925378985005
21.1	0.24754526938790436
21.11	0.25474403445599164
21.12	0.24299560277811164
21.13	0.2558355585996449
21.14	0.24131493424541883
21.15	0.2546054123182414
21.16	0.26160142011616294
21.17	0.23181033547103114
21.18	0.25968910716397475
21.19	0.24372867630556433
21.2	0.24737248194490377
21.21	0.2470870306210106
21.22	0.24576928797287895
21.23	0.2294206765899706
21.24	0.2550703114170861
21.25	0.22977647011853153
21.26	0.25267624635707675
21.27	0.24555086604757329
21.28	0.24139404342033033
21.29	0.2408474211450743
21.3	0.24375841635899836
21.31	0.24118778055361262
21.32	0.252868389072443
21.33	0.265078652218917
21.34	0.23400214363252633
21.35	0.2349912509336296
21.36	0.2234592621085088
21.37	0.2512493968071223
21.38	0.243705218817995
21.39	0.2534397532363455
21.4	0.2513190990203564
21.41	0.23475568557713622
21.42	0.2379428392307871
21.43	0.23608969613236783
21.44	0.25019197782282765
21.45	0.2522838712102729
21.46	0.2513988899434604
21.47	0.24257927063615875
21.48	0.229641027859871
21.49	0.2430191467133324
21.5	0.2453688871589549
21.51	0.2311535701166344
21.52	0.2376419693328678
21.53	0.24551911473393387
21.54	0.2302881496146094
21.55	0.24121651915749878
21.56	0.24914712521627821
21.57	0.2541674485647107
21.58	0.2546839230970461
21.59	0.23593708151262102
21.6	0.2219977358871661
21.61	0.2405800597695761
21.62	0.2443832159611375
21.63	0.24296059369172007
21.64	0.24992590793843802
21.65	0.2512044041650321
21.66	0.24259762342358285
21.67	0.24077692403345732
21.68	0.24307523596042943
21.69	0.2332777949234932
21.7	0.2595248071320171
21.71	0.24827585418423448
21.72	0.24879937079295383
21.73	0.24226592138451067
21.74	0.25371952073716425
21.75	0.25038381923459696
21.76	0.24080684246114623
21.77	0.24596048678543236
21.78	0.24040391172633746
21.79	0.23846725944800382
21.8	0.2368678064803118
21.81	0.22759263167787136
21.82	0.251974299186482
21.83	0.25935008008349747
21.84	0.2422606454549507
21.85	0.23193546466915352
21.86	0.2405929363760942
21.87	0.2469138249814691
21.88	0.2346100990175951
21.89	0.24655305257416885
21.9	0.2492055818837173
21.91	0.24171652366883145
21.92	0.2398516663401906
21.93	0.24441608905934936
21.94	0.2467266465363936
21.95	0.24723525889249925
21.96	0.2364903789266838
21.97	0.25793763904690825
21.98	0.23324382088877993
21.99	0.25767728751344465
22.0	0.24741584683520487
