10.01	9.823733738420044
10.02	9.507429305165012
10.03	8.856820479235365
10.04	8.56142730988425
10.05	8.080161013423703
10.06	7.607252387912393
10.07	7.277753592207178
10.08	6.9443122999531655
10.09	6.50731865603025
10.1	6.017120339409851
10.11	6.015003922750546
10.12	5.7039074010786655
10.13	5.0626075814277485
10.14	4.450500000715663
10.15	4.427149645175792
10.16	3.962917643494555
10.17	3.811012639809899
10.18	3.491322695175722
10.19	3.159480372779781
10.2	3.1670037531023025
10.21	2.997862888136684
10.22	2.8557228499801735
10.23	2.529205013431292
10.24	2.535755226973877
10.25	2.2259408347111673
10.26	2.224689996926638
10.27	2.234950995682219
10.28	2.2066698734130434
10.29	2.22156497735425
10.3	2.221465316748469
10.31	2.2040171766604777
10.32	2.2424631846211636
10.33	2.215195560932095
10.34	2.5355112502410293
10.35	2.5424362539498935
10.36	2.8647868942586583
10.37	2.8536288884200065
10.38	3.173359629439407
10.39	3.173582593521297
10.4	3.7889850849282913
10.41	3.8150091551625778
10.42	3.966613235747656
10.43	4.420273708833848
10.44	4.7493607986327575
10.45	5.054356699727897
10.46	5.705488994211915
10.47	6.028079291747237
10.48	6.323760069048443
10.49	6.336698798899663
10.5	6.988074346497523
10.51	7.4332528643872315
10.52	7.9181939967850035
10.53	8.246382948281383
10.54	8.260356507719697
10.55	8.85982477220766
10.56	9.034449077482929
10.57	9.48149433672812
10.58	9.845060520344806
10.59	10.12877365781309
10.6	10.436032012132046
10.61	10.791966390919868
10.62	10.769815180400318
10.63	11.087702599374776
10.64	11.407765987842678
10.65	11.398894581534083
10.66	11.555311517057502
10.67	11.566899199970326
10.68	12.043953323745448
10.69	12.039437961269497
10.7	12.04254108895939
10.71	12.052716381418561
10.72	12.04664713105664
10.73	12.042992879246912
10.74	11.576364602576303
10.75	11.564426063760477
10.76	11.403172025712859
10.77	11.254977600057918
10.78	10.790916894309644
10.79	10.456012909915156
10.8	10.449046692387846
10.81	10.150622967974186
10.82	9.838586714440677
10.83	9.511752881765421
10.84	9.033046474681946
10.85	8.395734919340759
10.86	8.235184986862723
10.87	7.920690076232696
10.88	7.302541595346058
10.89	6.96744164336215
10.9	6.5017352954685075
10.91	6.175566633814154
10.92	5.856274070737504
10.93	5.702491048524175
10.94	5.389320857037572
10.95	5.085305517763443
10.96	4.432632829914387
10.97	4.43537363115229
10.98	3.9626622384718955
10.99	3.802511787567616
11.0	3.791367349770838
11.01	3.4859217441156196
11.02	3.1624524979309245
11.03	3.1646613615765733
11.04	2.830016257611922
11.05	3.186050312546036
11.06	2.8439250861323844
11.07	2.8500498276334456
11.08	2.8724545143077767
11.09	2.8589631518340557
11.1	2.845905093466729
11.11	2.845163304691919
11.12	2.85445948860347
11.13	3.1467029755497027
11.14	3.153163238124014
11.15	3.5076697111607453
11.16	3.4817289423837923
11.17	3.8063225808428305
11.18	3.812568186134105
11.19	4.435994254197809
11.2	4.439866859143028
11.21	4.736555259216637
11.22	5.074422876649219
11.23	5.696013846329848
11.24	5.8430826582240485
11.25	6.3391899448533815
11.26	6.503020953849683
11.27	6.972516575984699
11.28	7.276754192824854
11.29	7.910925706418683
11.3	8.21909313430902
11.31	8.552157791844028
11.32	8.874465769334597
11.33	9.517483018167935
11.34	9.510956761540504
11.35	10.141018381435055
11.36	10.455694761655838
11.37	10.77271675949406
11.38	10.763981565458119
11.39	11.413429676727835
11.4	11.399280882077669
11.41	11.558642123924466
11.42	12.048819236765349
11.43	12.063925462773009
11.44	12.383155193417945
11.45	12.359064333233043
11.46	12.345987546269855
11.47	12.355784666494236
11.48	12.213077500155455
11.49	12.356669921472257
11.5	12.348721283995133
11.51	12.042320354234915
11.52	12.028436842832875
11.53	11.569941589455121
11.54	11.403372589187438
11.55	11.089490898072262
11.56	10.943175004976238
11.57	10.472306442636357
11.58	10.15884678360186
11.59	9.829376879596982
11.6	9.181387211256249
11.61	8.870760139094592
11.62	8.393255363414257
11.63	7.924844118698655
11.64	7.428544022605406
11.65	6.979428380539598
11.66	6.497800174435731
11.67	6.346500192084376
11.68	6.013022675482037
11.69	5.386265304601758
11.7	5.06520253969162
11.71	4.611822667957286
11.72	3.963860828551055
11.73	3.486357124207138
11.74	3.167941373785419
11.75	2.851527596639116
11.76	2.848225652178224
11.77	2.2209141132961454
11.78	2.22471607027522
11.79	1.9016216593502937
11.8	1.4436943504785646
11.81	1.4226445196763016
11.82	1.2737328400277255
11.83	1.419844981457979
11.84	1.2674131951244667
11.85	1.2666338806577881
11.86	0.9525816133404741
11.87	1.2784617241306053
11.88	1.2786967013227413
11.89	1.2687881654317354
11.9	1.2678801225537044
11.91	1.2627123943022986
11.92	1.887343470206485
11.93	2.06667127953512
11.94	2.2319529002496696
11.95	2.5439843503917814
11.96	2.5265330104702817
11.97	3.1935616814429415
11.98	3.486714955206478
11.99	3.8093198162761284
12.0	3.798718202171188
12.01	4.422710686883372
12.02	4.747872794865443
12.03	5.067654172972919
12.04	5.236691495058603
12.05	5.732493006091734
12.06	6.019674082674015
12.07	6.332019155840233
12.08	7.2783687857463955
12.09	7.5940665033901285
12.1	7.607957333321428
12.11	7.9136932096683275
12.12	8.259355606069814
12.13	8.55611934252479
12.14	8.872422896995118
12.15	9.020633578734737
12.16	9.028854272973716
12.17	9.04067175625438
12.18	9.503642834931943
12.19	9.810534442081645
12.2	10.145106583577855
12.21	10.127462875205254
12.22	10.148096300662754
12.23	9.819720525333222
12.24	10.14922002511456
12.25	9.816792884423997
12.26	9.823986773034454
12.27	9.80782641278049
12.28	9.495301747068222
12.29	9.503642240629308
12.3	9.030876323242223
12.31	8.851868351593009
12.32	8.868199786634536
12.33	8.24545665357206
12.34	8.240945108234138
12.35	7.612569834247232
12.36	7.295395401501644
12.37	6.510077149207875
12.38	6.325115241976511
12.39	6.017211084199562
12.4	5.707386860546909
12.41	5.391670017959586
12.42	4.750428919484129
12.43	4.438672404500252
12.44	4.106753607671456
12.45	3.6530859098165456
12.46	3.4792742590080596
12.47	2.8514130479252047
12.48	2.5436805541286773
12.49	2.551887768139268
12.5	1.8852625739315638
12.51	1.4246077726608544
12.52	1.4310334184518458
12.53	1.282378786572633
12.54	0.9480070907358679
12.55	0.7985047406194969
12.56	0.6143572851689187
12.57	0.6410147046665439
12.58	0.6411864600599017
12.59	0.3266429400078601
12.6	0.32966353502118473
12.61	-0.02194220880194664
12.62	-0.005381054846286387
12.63	-0.0017729145369615384
12.64	0.31893629859169775
12.65	0.0029153813152975206
12.66	0.3088599911450914
12.67	0.33160235260871895
12.68	0.6316339132500808
12.69	0.638361544631472
12.7	0.9615572049380375
12.71	0.9568209266107964
12.72	1.2590846090126258
12.73	1.8953623262149621
12.74	1.9024201718803049
12.75	2.527966436207373
12.76	2.6862949042566444
12.77	3.164455965581745
12.78	3.8214706771566527
12.79	3.9767083327230193
12.8	3.969710627228214
12.81	4.75294971323398
12.82	5.058005434614775
12.83	5.371248247249915
12.84	6.0346062163832235
12.85	6.333083649447051
12.86	6.493512736937169
12.87	6.974150050984073
12.88	7.605337299070504
12.89	7.924541418097502
12.9	8.234872125805783
12.91	8.55566559243019
12.92	8.859322022032492
12.93	9.033636591725697
12.94	9.495156384325737
12.95	9.517103957208077
12.96	9.837316370900444
12.97	10.13329110163618
12.98	10.460761040164078
12.99	10.458866844883739
13.0	10.456161349559665
13.01	10.477829793677042
13.02	10.450331827214736
13.03	10.161999798050072
13.04	10.452726187521279
13.05	10.112995289113812
13.06	10.463064496949366
13.07	10.163585644247819
13.08	9.823301822730965
13.09	9.833528503567639
13.1	9.341109851240098
13.11	9.045006450436018
13.12	8.87338237360951
13.13	8.544583328051658
13.14	7.932065572331678
13.15	7.593946544109875
13.16	7.269476798205986
13.17	6.975255217868935
13.18	6.4891871377016335
13.19	6.1738185373147
13.2	5.708993375135586
13.21	5.385124545930409
13.22	5.3840327303633595
13.23	5.061079920162593
13.24	4.426393401980125
13.25	3.9733964277665894
13.26	3.792637000311726
13.27	3.159299850790978
13.28	3.190962671555968
13.29	2.864573790502968
13.3	2.521858021745275
13.31	2.5406900994176125
13.32	2.208230747313087
13.33	1.905041707271956
13.34	1.9214405884282715
13.35	1.4290264374978965
13.36	1.270796429429562
13.37	1.2719883647634718
13.38	1.2613915557974613
13.39	1.2722711327838137
13.4	1.2909594463884844
13.41	1.2648439681131933
13.42	1.2778523518005434
13.43	1.2673728475066117
13.44	1.4180133342343468
13.45	1.4392631536285747
13.46	1.8871251194211527
13.47	2.2173550196811673
13.48	2.543395663421061
13.49	3.1736188287542206
13.5	3.1723584249549934
13.51	3.483384189848168
13.52	3.8158698652947782
13.53	3.961048655493006
13.54	4.268263981612933
13.55	4.7484926851876255
13.56	5.073980347936794
13.57	5.7052392326061865
13.58	6.0439688761853
13.59	6.341996164683984
13.6	6.510010894624051
13.61	6.967181333865367
13.62	7.2904575511948115
13.63	7.591372211435245
13.64	8.245918316706016
13.65	8.240251132865916
13.66	8.546257594207724
13.67	8.877196906061288
13.68	9.035823033624741
13.69	9.038890618669223
13.7	9.497119902420792
13.71	9.507834215936317
13.72	9.499270986844454
13.73	9.04746816484585
13.74	9.831947736780915
13.75	9.833972712820337
13.76	9.670283954866282
13.77	9.835182223911312
13.78	9.47978447201387
13.79	9.497908797503133
13.8	9.505380031871184
13.81	8.895259934033103
13.82	8.869843510103056
13.83	8.565683812445519
13.84	8.248437983609845
13.85	7.923068504011818
13.86	7.918865802789674
13.87	7.62722014777367
13.88	7.301582199966115
13.89	6.498506751584056
13.9	6.333136331932076
13.91	6.346325461986953
13.92	5.705732184596687
13.93	5.383684165190689
13.94	5.389052538387726
13.95	4.746232716539867
13.96	4.441281620772526
13.97	3.8086358957125364
13.98	3.7854400926976117
13.99	3.3429664386104387
14.0	3.322102036595581
14.01	2.8445529233813223
14.02	2.8510254447257237
14.03	2.529754648863232
14.04	2.211354018547027
14.05	2.226453005327368
14.06	1.8971322073563173
14.07	1.7418967759035942
14.08	1.430106304258945
14.09	1.4235194409137164
14.1	1.3023461969387937
14.11	1.2615755999009748
14.12	1.4344617336342094
14.13	1.4054454335548947
14.14	1.2733518504681904
14.15	1.4322143656126383
14.16	1.9111868704598323
14.17	1.9012916561691435
14.18	1.9102976751927394
14.19	2.212309279513861
14.2	2.220255704012109
14.21	2.5556035194117297
14.22	3.1635056358946727
14.23	3.150726073205539
14.24	3.4920325274418316
14.25	3.475672892054862
14.26	3.9594438004720223
14.27	4.253028354506865
14.28	4.4366821157336105
14.29	5.084933800799331
14.3	5.378680657416784
14.31	5.7102145477787545
14.32	6.340785496070625
14.33	6.331463701092347
14.34	6.484984327469598
14.35	6.981126631989008
14.36	7.614396360587466
14.37	7.6093971847675785
14.38	8.251825277337304
14.39	8.2325566172047
14.4	8.395694529214131
14.41	8.860757844888765
14.42	8.867439634860366
14.43	9.030664414911067
14.44	9.048164912889426
14.45	9.50799065217483
14.46	9.52806384583506
14.47	9.506283738809046
14.48	9.502059597768683
14.49	9.033143813679397
14.5	9.51902125236956
14.51	9.03524111546573
14.52	9.048431790388515
14.53	8.85498695147184
14.54	8.870823341380309
14.55	8.565089379089493
14.56	8.225780111627486
14.57	7.918111154460166
14.58	7.9359416491825145
14.59	7.6100482367394
14.6	6.966949030907705
14.61	6.498754386328777
14.62	6.3424496967001955
14.63	6.340722837207631
14.64	5.728062840958054
14.65	5.402855776200585
14.66	5.082467969748323
14.67	4.750060142490566
14.68	4.285313706380773
14.69	3.971213616440463
14.7	3.650505947731198
14.71	3.8081540649615238
14.72	3.319107550459396
14.73	3.169257522646515
14.74	2.8659483046536094
14.75	2.538893266569068
14.76	2.532025631508693
14.77	2.2164702816496544
14.78	1.887855751335228
14.79	1.894414992909917
14.8	1.9100693303458598
14.81	1.8961273497443665
14.82	1.4339021777917655
14.83	1.9108129561011136
14.84	1.9006554341890525
14.85	1.4248638585064837
14.86	1.8952866686460053
14.87	1.894201196715809
14.88	2.2178811569801784
14.89	2.217763833249323
14.9	2.68464076019635
14.91	2.8444793935740993
14.92	3.1640462745314824
14.93	3.156706016477034
14.94	3.7959019093062425
14.95	3.8140770798087655
14.96	3.961331440296582
14.97	4.444537560354898
14.98	5.0720291149611825
14.99	5.394195561168099
15.0	5.693213746723095
15.01	6.33180789171974
15.02	6.33610397353656
15.03	6.984667878322343
15.04	7.624299460820684
15.05	7.606909625317551
15.06	7.925935389731519
15.07	8.237163747061263
15.08	8.556518407204344
15.09	8.894530019277624
15.1	8.864969961617584
15.11	9.523408783079736
15.12	9.846176020447688
15.13	9.835877846559526
15.14	9.984962682743808
15.15	10.467854807706418
15.16	10.464022064892415
15.17	10.450766853533404
15.18	10.444902408564204
15.19	10.78744268218342
15.2	10.77744161928161
15.21	10.775364973375137
15.22	10.778326662699179
15.23	10.796630743690145
15.24	10.938607879962419
15.25	10.774894161417084
15.26	10.775041528074802
15.27	10.762230612730136
15.28	10.778271940496516
15.29	10.786864397349104
15.3	10.134657704268335
15.31	10.144585289817798
15.32	10.13528865126007
15.33	10.448951372987999
15.34	9.987876044447825
15.35	9.837101242568345
15.36	9.502601765163089
15.37	9.053504077624622
15.38	8.8686151631431
15.39	8.87742660256081
15.4	8.56104316878084
15.41	8.212093598041301
15.42	7.922338632124086
15.43	7.606127686722772
15.44	7.293035631845742
15.45	6.972790735093772
15.46	6.5120145332022235
15.47	6.018548934456302
15.48	5.706565546717813
15.49	5.390868519635432
15.5	5.070223371628396
15.51	4.745936038724599
15.52	3.958108304809285
15.53	3.8028328143872003
15.54	3.468552514991899
15.55	3.1750383237897135
15.56	2.8705876190424444
15.57	2.212620153528923
15.58	1.9018379858103471
15.59	1.9107308850280678
15.6	1.2725340499671356
15.61	1.2745352659200577
15.62	1.2681517660297381
15.63	0.9294571137179851
15.64	0.6289837943658885
15.65	0.31766655873236493
15.66	0.3153860090585364
15.67	0.003162312562832905
15.68	0.005563322453898297
15.69	0.010379465361342243
15.7	0.010375406483117538
15.71	-0.020815562967747395
15.72	0.011650252476750271
15.73	-0.0024223500028724703
15.74	0.305956263861653
15.75	0.12338728285018095
15.76	0.3220037339026902
15.77	0.6262082439967164
15.78	0.7930797577445766
15.79	1.273371251533121
15.8	1.2505823604108628
15.81	1.4392994441251368
15.82	1.9105952251821452
15.83	2.2104257540274705
15.84	2.5370004956649908
15.85	3.1702355872403842
15.86	3.151605998618439
15.87	3.3284574867764833
15.88	3.826340210893957
15.89	3.9716782874431593
15.9	4.433236710786041
15.91	5.075048541128735
15.92	5.38901215034353
15.93	5.69945199790283
15.94	6.176154824268112
15.95	6.326271530063259
15.96	6.488304811234832
15.97	6.981967880438544
15.98	7.606753624639134
15.99	7.599449741861991
16.0	7.9291923096271555
16.01	8.2492629489025
16.02	8.2375389044189
16.03	8.226765720238188
16.04	8.551551340345872
16.05	8.868155686025496
16.06	8.88001192032392
16.07	8.880163965151057
16.08	9.011864485236122
16.09	9.027976381956835
16.1	9.03152649813008
16.11	9.02838255352293
16.12	9.04418061764577
16.13	8.878141876438256
16.14	8.879812607989093
16.15	8.865557570172378
16.16	8.869121640897578
16.17	8.565734896483104
16.18	8.242213706709085
16.19	7.90723251517993
16.2	7.905073320142109
16.21	7.296300326368797
16.22	6.956766173196723
16.23	6.482361638887984
16.24	6.33461353813006
16.25	6.334737950205838
16.26	5.695436218953079
16.27	5.388218531978465
16.28	5.068916120673092
16.29	4.892189855929929
16.3	4.4537941683165805
16.31	3.953586035463658
16.32	3.495368112445625
16.33	3.174803140173147
16.34	3.1619314887962453
16.35	2.86572220048118
16.36	2.1954373943869188
16.37	2.208884213742371
16.38	1.9107222219887199
16.39	1.8891477610753142
16.4	1.424534368053676
16.41	1.43508848942341
16.42	1.4174529978108716
16.43	1.104781569816288
16.44	0.9756197361089699
16.45	0.9403141384942093
16.46	0.9690742416751771
16.47	0.9730911991528305
16.48	0.9465695359885536
16.49	1.2635707082795624
16.5	1.4500638740562093
16.51	1.4346984916603072
16.52	1.4329377903083835
16.53	1.9131539519902068
16.54	2.226925447921522
16.55	2.2101627471062884
16.56	2.681917294432336
16.57	3.008538889518911
16.58	3.3226162853707573
16.59	3.7974203205841377
16.6	3.807680996118726
16.61	4.434212352229563
16.62	4.435217536321292
16.63	5.081368206235096
16.64	5.38146448616694
16.65	5.726160824315347
16.66	6.022416836549561
16.67	6.499306930769387
16.68	6.485715528741069
16.69	7.274795431944916
16.7	7.601496696912467
16.71	7.918537830326629
16.72	7.927137441203905
16.73	8.232334544685271
16.74	8.581615149376962
16.75	9.022635259269302
16.76	8.879780476426106
16.77	9.516598917365368
16.78	9.498579038295048
16.79	9.827410332546593
16.8	9.83208326321018
16.81	9.840036984848329
16.82	9.832269772970948
16.83	10.122363388426045
16.84	9.804973272758371
16.85	9.819734033448869
16.86	10.140633294757945
16.87	9.829478223861228
16.88	9.827773260160514
16.89	9.504847320701261
16.9	9.52791580696513
16.91	9.027917210041252
16.92	8.861377915474176
16.93	8.554183671373197
16.94	8.234862866774531
16.95	7.928555498361508
16.96	7.607890779670834
16.97	7.291296336388033
16.98	6.975063740481635
16.99	6.483001214508308
17.0	6.180383319275507
17.01	6.01894712196248
17.02	5.39027424855458
17.03	5.0692737845550075
17.04	5.075861605054291
17.05	4.740400529279173
17.06	3.97025688353865
17.07	3.9739283794791955
17.08	3.3282425061175434
17.09	3.4938844200180705
17.1	2.9976063891579754
17.11	3.170348098069321
17.12	2.8589408935952516
17.13	2.372663045717992
17.14	2.2063371214843985
17.15	2.192457478728505
17.16	2.2127732717785715
17.17	2.207473392590268
17.18	1.890141786564957
17.19	1.8938296936749839
17.2	2.2063971953129062
17.21	1.9029358438287602
17.22	1.9082589398209948
17.23	2.2149977500038216
17.24	2.5280766411089104
17.25	2.231043292160991
17.26	2.5426873587895504
17.27	2.851512127586877
17.28	3.1653886773780884
17.29	3.339825273473444
17.3	3.637541792186937
17.31	3.808410552242871
17.32	3.9584761263225943
17.33	4.438625909713589
17.34	4.913648701408522
17.35	5.400977117852522
17.36	5.700305112783146
17.37	5.689948736895013
17.38	6.341629315394911
17.39	6.333989263482338
17.4	6.981139117921835
17.41	7.276457640600004
17.42	7.610339504453614
17.43	7.9170960339507905
17.44	8.246171083321972
17.45	8.24172372592232
17.46	8.55706475656732
17.47	8.869203145010431
17.48	9.506896387305611
17.49	9.659979200530934
17.5	9.831576670880434
17.51	9.847679532804749
17.52	9.992595666058977
17.53	10.141544279044512
17.54	10.450276335983895
17.55	10.47951951622814
17.56	10.44562487298592
17.57	10.46291545350338
17.58	10.310028551164613
17.59	10.141468151555465
17.6	10.152600132113024
17.61	9.837234190692916
17.62	9.841858931572832
17.63	9.50820388132462
17.64	9.029152287000514
17.65	8.724308048045593
17.66	8.561986596823013
17.67	7.932641477820726
17.68	7.9120577557268135
17.69	7.288470550984149
17.7	6.487813946725637
17.71	6.50928178549002
17.72	6.181672428739646
17.73	5.877079923174129
17.74	5.382992186360463
17.75	5.0767251447997745
17.76	4.746355698462233
17.77	3.9744269030423895
17.78	3.6371609440953074
17.79	3.4836556048214002
17.8	3.009422710828832
17.81	2.8588563466725243
17.82	2.383469194708751
17.83	2.3792664519445808
17.84	1.913063512874916
17.85	1.4410879975235344
17.86	1.4399313192231444
17.87	1.2654857255807304
17.88	1.10674523358166
17.89	0.9459292216897119
17.9	1.101199694622689
17.91	0.9392128376592933
17.92	0.48198442776074324
17.93	0.9568876125025733
17.94	0.6223367899103185
17.95	0.642098547054327
17.96	0.9408309108598844
17.97	0.9566113101868446
17.98	0.8052371975079148
17.99	1.1174240598074834
18.0	1.264267752190629
18.01	1.434702804003391
18.02	1.8934466502619902
18.03	2.218069099623251
18.04	2.3861929622978235
18.05	2.8574237711464567
18.06	3.17508027837252
18.07	3.4918753894551986
18.08	3.9597326153631816
18.09	3.9731515271120403
18.1	4.749587663434941
18.11	5.068908858296235
18.12	5.385222463926114
18.13	5.857173314005302
18.14	6.182554997868978
18.15	6.339127948303664
18.16	6.491268611828095
18.17	7.145569807696945
18.18	7.441145061033073
18.19	7.915659559648913
18.2	8.086375542122445
18.21	8.098193323055117
18.22	8.55902602173022
18.23	8.880327874969652
18.24	8.875385232295688
18.25	9.031726789688367
18.26	9.051546339183137
18.27	9.02148128569819
18.28	9.039631073487564
18.29	9.529126568096837
18.3	9.831051911986908
18.31	9.020664285904248
18.32	9.033408231599704
18.33	9.062547671716567
18.34	9.031553463840323
18.35	8.873834961245272
18.36	8.717671929888455
18.37	8.542681886203411
18.38	8.2292786799898
18.39	8.090076643372146
18.4	7.602231298851152
18.41	7.28153566143064
18.42	6.507333103284478
18.43	6.343447982068813
18.44	6.348952436397365
18.45	5.998522954197364
18.46	5.546552809451459
18.47	5.091432198371622
18.48	4.742232201929656
18.49	3.9648893335629385
18.5	3.8227259572766656
18.51	3.6425638202224735
18.52	3.4661323836876163
18.53	2.8577644296824727
18.54	2.6944763541255186
18.55	2.213377956680678
18.56	2.204381122981495
18.57	1.7417234013313767
18.58	1.4287538148159498
18.59	1.420815334103166
18.6	1.2636278944511263
18.61	1.1120643799182468
18.62	0.9554853046520405
18.63	0.9547987495793642
18.64	0.9566312089893616
18.65	0.801908402852335
18.66	0.7865119510892015
18.67	0.6420260166139669
18.68	0.6541374640916375
18.69	0.9311676694305657
18.7	1.1025508792954906
18.71	1.1082634984837432
18.72	1.1304773488176099
18.73	1.4228699751740015
18.74	1.4255429935048827
18.75	1.4156007731546192
18.76	1.7232716594864794
18.77	2.354457014655373
18.78	2.5273994864873677
18.79	3.0267866511195938
18.8	3.016742684267205
18.81	3.464240494107288
18.82	3.631100629988079
18.83	3.998659179803806
18.84	4.604035476958708
18.85	4.901295952871428
18.86	5.056539753736788
18.87	5.372932296392918
18.88	6.017282424219715
18.89	6.1894713153593415
18.9	6.32464467087688
18.91	6.491016911383882
18.92	6.500863459287619
18.93	7.299629298565623
18.94	7.91369428856516
18.95	7.924862371666108
18.96	8.088828308631111
18.97	8.26324365898191
18.98	8.738898768906745
18.99	8.862501718107302
19.0	9.054199065608044
19.01	9.026863968672856
19.02	9.057591982129258
19.03	9.506570635016907
19.04	9.813246667327398
19.05	9.837783703648213
19.06	9.82508308093118
19.07	9.848018948477566
19.08	9.991280450301662
19.09	9.970933893478284
19.1	9.812079701367512
19.11	9.822232515760374
19.12	9.8337113371074
19.13	9.829632064866969
19.14	9.36375086790291
19.15	9.031376072922843
19.16	9.0220456816599
19.17	8.884260795061186
19.18	8.718919872998523
19.19	8.563479365908428
19.2	8.09293771721279
19.21	7.6074501687065
19.22	7.770101733384552
19.23	7.290574609077313
19.24	6.489152833689051
19.25	6.345258955567477
19.26	6.015464566195898
19.27	6.031620060914584
19.28	5.369250223942417
19.29	5.073184196514045
19.3	4.750032331308373
19.31	4.437957375421395
19.32	3.9641698937259853
19.33	3.9680953005527546
19.34	3.4760685157340925
19.35	3.1712131783821813
19.36	3.170225191743331
19.37	2.867138285883371
19.38	2.701356444307084
19.39	2.5360656834923154
19.4	2.5334037045243196
19.41	2.3752948674205894
19.42	2.5436194010759103
19.43	2.2194507986989866
19.44	2.5369161017394752
19.45	2.542594316401306
19.46	2.545245425940521
19.47	2.698329115569566
19.48	2.846462707829837
19.49	3.3315446942464653
19.5	3.4902970889963854
19.51	3.48726260632544
19.52	3.8030186561291734
19.53	3.9561399899835497
19.54	4.435492253216621
19.55	4.767477391338016
19.56	5.05927940741287
19.57	5.548137465068582
19.58	6.0213225437403155
19.59	6.186289145839435
19.6	6.499035766872461
19.61	6.814161039882257
19.62	7.295375081876682
19.63	7.611390982039057
19.64	8.080300339242767
19.65	8.558110354965512
19.66	8.711307201740103
19.67	9.028332649222703
19.68	9.047533511596662
19.69	9.822278877382738
19.7	9.972127121144196
19.71	10.302226492339228
19.72	10.455173592554964
19.73	10.75480790236212
19.74	11.077239593296468
19.75	11.106158365805157
19.76	11.257520865529164
19.77	11.248803640907678
19.78	11.565934281043502
19.79	11.403477177127426
19.8	11.568403491179792
19.81	12.057291350170807
19.82	11.87154735553759
19.83	11.890857862455588
19.84	11.56106895186342
19.85	12.04372919811943
19.86	12.193304414156044
19.87	11.56407962688247
19.88	11.588033174144046
19.89	11.579167521735876
19.9	11.40420719152381
19.91	11.090217099867107
19.92	11.07823250613856
19.93	10.763616338646258
19.94	10.458221773636993
19.95	10.140551871025762
19.96	9.507356778062153
19.97	9.036388327792944
19.98	8.558272574539348
19.99	8.241277681247505
20.0	7.746566856288908
