10.01	0.746027068951213
10.02	0.5058871332052408
10.03	0.7683781141374597
10.04	0.628799421104477
10.05	0.734348633865513
10.06	0.7366598811466831
10.07	0.49572347948591433
10.08	0.6282324099256502
10.09	0.5244826316330167
10.1	0.5075726734950309
10.11	0.4958255807380682
10.12	0.5066327111276852
10.13	0.5091514386206092
10.14	0.49818160489348084
10.15	0.4867534263058754
10.16	0.7555526065898449
10.17	0.49433697219153766
10.18	0.39625901525122953
10.19	0.7466307313763787
10.2	0.49543488707513644
10.21	0.5105746927908992
10.22	0.7377464708611559
10.23	0.1221620847156309
10.24	0.6308901037038213
10.25	0.7324881328614381
10.26	0.7436871167985942
10.27	0.7434968337726015
10.28	0.7264104764868609
10.29	0.7512806534303915
10.3	0.5032805568945781
10.31	0.493519533287532
10.32	0.48429523342227854
10.33	0.7546852127574851
10.34	0.5038251232938289
10.35	0.3771747768875851
10.36	0.7429033927052567
10.37	0.6093067255644244
10.38	0.6199216714338193
10.39	0.6354277648002317
10.4	0.11008622116132319
10.41	0.7734272511693756
10.42	0.5089780635091188
10.43	0.7618567341950645
10.44	0.7551328529257186
10.45	0.6130782785441476
10.46	0.7583227666329169
10.47	0.7599118232344547
10.48	0.5040456486075363
10.49	0.6373978581390716
10.5	0.13590332208666073
10.51	0.499916224591157
10.52	0.6302779510268866
10.53	0.6300360272722191
10.54	0.48938669116929073
10.55	0.49415361329180923
10.56	0.49446987888960536
10.57	0.7486195816511778
10.58	0.5038503603976319
10.59	0.5113851216616522
10.6	0.7605079035032797
10.61	0.4939294165121937
10.62	0.37553779040152896
10.63	0.7468147421274016
10.64	0.4994277330003625
10.65	0.7585547818757558
10.66	0.505398641322857
10.67	0.7491496177366791
10.68	0.5148636728358537
10.69	0.6300221291071523
10.7	0.36288275375338597
10.71	0.4897391805187222
10.72	0.6123304281858992
10.73	0.5000709635048737
10.74	0.4868040273074993
10.75	0.5086534950846292
10.76	0.14089542524467755
10.77	0.5072981703828533
10.78	0.49325794515909077
10.79	0.7604467128709375
10.8	0.5143192401524296
10.81	0.4781061869323501
10.82	0.7540722108181006
10.83	0.5075216877813821
10.84	0.49452646893150004
10.85	0.49204021828681166
10.86	0.3831907832708507
10.87	0.3690566516271758
10.88	0.7606569652771792
10.89	0.7362453605722518
10.9	0.495163649013403
10.91	0.3764935286667697
10.92	0.5031611039765739
10.93	0.5147439278466578
10.94	0.5106735452136469
10.95	0.7422143419536169
10.96	0.12232244104549081
10.97	0.5073376988468847
10.98	0.747749979150886
10.99	0.6449886713522401
11.0	0.49817059299311967
11.01	0.7486530530103165
11.02	0.759643169479445
11.03	0.5146902600631033
11.04	0.4965300517621038
11.05	0.1343051056155221
11.06	0.13578809405046208
11.07	0.11809856527792291
11.08	0.5121558859031293
11.09	0.6273596810315563
11.1	0.11668914013509678
11.11	0.5196572449939859
11.12	0.4772485247168364
11.13	0.6417170648764164
11.14	0.504863786721364
11.15	0.5052950875305614
11.16	0.5080830173318824
11.17	0.37472640190306894
11.18	0.6183580663853242
11.19	0.5114358376409734
11.2	0.49530847658829125
11.21	0.7369152288568304
11.22	0.503338613641399
11.23	0.6353850050267916
11.24	0.48587626683622465
11.25	0.1241849147247412
11.26	0.7399886527040559
11.27	0.5217454000202881
11.28	0.7539956277822152
11.29	0.37659981733733033
11.3	0.37895790101902466
11.31	0.515716793021286
11.32	0.514332662275296
11.33	0.7423527880410955
11.34	0.6258658260263169
11.35	0.4966334698596579
11.36	0.25239379575436316
11.37	0.34790574628094645
11.38	0.5051707847322597
11.39	0.38425543107735666
11.4	0.3799758359441863
11.41	0.1408622023079328
11.42	0.1304476610007126
11.43	0.4990378073104218
11.44	0.4867540006080617
11.45	0.7427108240025819
11.46	0.7555651796505509
11.47	0.10303607853988991
11.48	0.7560867272940306
11.49	0.5040843273841928
11.5	0.4982835245589338
11.51	0.13746399838554424
11.52	0.1338149907139973
11.53	0.1198487525761998
11.54	0.11328100308782
11.55	0.4988159433983691
11.56	0.13285160132982393
11.57	0.49557019220949083
11.58	0.3650479907979197
11.59	0.5037840571150225
11.6	0.12997592222665122
11.61	0.5035527834664367
11.62	0.5024350041158226
11.63	0.5029612832006316
11.64	0.11384667482469767
11.65	0.7589271092927938
11.66	0.13964641503320985
11.67	0.3645880194996058
11.68	0.5162946861161055
11.69	0.49087749594439317
11.7	0.120563196465928
11.71	0.7357956967269929
11.72	0.7638185881012212
11.73	0.49047555428855505
11.74	0.12324388435332659
11.75	0.49840015573214885
11.76	0.13075025718860148
11.77	0.49110885326282333
11.78	0.1298018979895244
11.79	0.1268900137250464
11.8	0.11972065283400485
11.81	0.3598530968972346
11.82	0.4924892927204581
11.83	0.3921252031460921
11.84	0.3665119540912912
11.85	0.4925226873934522
11.86	0.3825418553533856
11.87	0.11995487292383043
11.88	0.13596284183553395
11.89	0.500811272084888
11.9	0.12175263097392361
11.91	0.11729778843836207
11.92	0.3585392469519997
11.93	0.13782385071494258
11.94	0.3780901865385753
11.95	0.36198508459748
11.96	0.5112615830420224
11.97	0.5066831515860224
11.98	0.37396411304247634
11.99	0.39074796736798517
12.0	0.5072275241514069
12.01	0.3752539849359839
12.02	0.12083718116824672
12.03	0.6207686572536028
12.04	0.3629294016683505
12.05	0.11739482512410236
12.06	0.107260822829567
12.07	0.11932173526262127
12.08	0.12306885349920199
12.09	0.11946687918930841
12.1	0.11621956228359984
12.11	0.5013436181686445
12.12	0.10554407623141132
12.13	0.12624488616934387
12.14	0.3547759546003533
12.15	0.10847098990028267
12.16	0.5009981471848456
12.17	0.12443369264646348
12.18	0.3738186727882335
12.19	0.11501818408191301
12.2	0.38294202755314716
12.21	0.3800554585543229
12.22	0.12994982395195226
12.23	0.13190023438732668
12.24	0.13945123411721125
12.25	0.12847402682622078
12.26	0.13306443576560292
12.27	0.1374790192868239
12.28	0.13822693383991558
12.29	0.11919402882524309
12.3	0.13562822559323146
12.31	0.1190860515444579
12.32	0.12168031715232934
12.33	0.125769813674305
12.34	0.38095191048909444
12.35	0.1218355937359698
12.36	0.13189361142452777
12.37	0.5041603859049885
12.38	0.36426210627426403
12.39	0.12244147375543098
12.4	0.14027982667506328
12.41	0.132211454086289
12.42	0.13425793667283664
12.43	0.1251359261917398
12.44	0.5121194817697889
12.45	0.13037192963570332
12.46	0.12207300737097783
12.47	0.13128873172068675
12.48	0.12309909091824152
12.49	0.1299852350654326
12.5	0.11740910875178868
12.51	0.11649083628578813
12.52	0.13877122905883307
12.53	0.10573154507154088
12.54	0.1365294973352225
12.55	0.12635406032364382
12.56	0.12488386922841253
12.57	0.12644927733271424
12.58	0.13108437896525701
12.59	0.34481791182101473
12.6	0.38780861968461494
12.61	0.12254560624052332
12.62	0.12466060406260769
12.63	0.3684356029092928
12.64	0.11905665347220351
12.65	0.1242542535686396
12.66	0.3818847327494114
12.67	0.36249974971619003
12.68	0.23575174241441896
12.69	0.1286775100568999
12.7	0.12762071891261897
12.71	0.1220106800235832
12.72	0.11118806963197296
12.73	0.4939114859421276
12.74	0.13610727011498297
12.75	0.12223276112840194
12.76	0.1226301579041089
12.77	0.1279420662057772
12.78	0.49289623369330327
12.79	0.1251186416320495
12.8	0.1295230606163115
12.81	0.11974066709613813
12.82	0.12072356052523914
12.83	0.11327747111359146
12.84	0.10961572514647361
12.85	0.11425403858890058
12.86	0.13155090567665975
12.87	0.10944454575229395
12.88	0.12825049298341545
12.89	0.12812477404725958
12.9	0.122699760140474
12.91	0.1142472777975221
12.92	0.3872036797963613
12.93	0.12268601502306015
12.94	0.12294636663857794
12.95	0.11647063165786753
12.96	0.11072651633541233
12.97	0.12239172745666349
12.98	0.13593769324376506
12.99	0.1287696519023067
13.0	0.12645855674119003
13.01	0.37461827575700096
13.02	0.2547866099339746
13.03	0.11788369568975118
13.04	0.10981838874233876
13.05	0.1320043569335711
13.06	0.1423381052307729
13.07	0.12783949609246537
13.08	0.1270467468276912
13.09	0.12236427809769065
13.1	0.11643828837102943
13.11	0.13095160583985993
13.12	0.1275789273863621
13.13	0.12420133912220314
13.14	0.1353771031640189
13.15	0.3831876177284588
13.16	0.12768221031682103
13.17	0.13490693682001642
13.18	0.14171019829261755
13.19	0.125754949560413
13.2	0.135724023690603
13.21	0.1252540764373811
13.22	0.1490987648689372
13.23	0.112456050697641
13.24	0.36741538198167584
13.25	0.13493307889679507
13.26	0.12070858273189294
13.27	0.10238169562309143
13.28	0.1186395880228887
13.29	0.1224539720692918
13.3	0.13145828188436123
13.31	0.11332662846905474
13.32	0.11305791755567472
13.33	0.12012435161418573
13.34	0.12321185534203168
13.35	0.12694990145370524
13.36	0.11455201467863231
13.37	0.12228511146845562
13.38	0.1368490690080561
13.39	0.12425569183352118
13.4	0.12603765966470637
13.41	0.11963293010230559
13.42	0.1153742452519291
13.43	0.12060657611034489
13.44	0.11696251361577951
13.45	0.12098389151184874
13.46	0.13285562511970864
13.47	0.12248618732054575
13.48	0.13234456809247813
13.49	0.12588261260898623
13.5	0.13206496671602874
13.51	0.1276284039322373
13.52	0.12924248607693054
13.53	0.12567576683494602
13.54	0.49707064324078915
13.55	0.5171843512950208
13.56	0.1340638365512974
13.57	0.12871948738395525
13.58	0.1024656314256624
13.59	0.12075272265432721
13.6	0.13144593082074632
13.61	0.12480170579713931
13.62	0.11259462100043718
13.63	0.12669226580522117
13.64	0.12314352580583816
13.65	0.1258730860142251
13.66	0.1276496082277599
13.67	0.14158866121691954
13.68	0.12468363525842963
13.69	-0.00017118756623866894
13.7	0.13456790044569333
13.71	0.112952232789042
13.72	0.12757023689234476
13.73	0.1277201134821765
13.74	0.12768596217139097
13.75	0.10873115415451344
13.76	0.10438296531868865
13.77	0.37537821140619315
13.78	0.11625611436256122
13.79	0.10706579903377768
13.8	0.1407802745275733
13.81	0.1183754007581063
13.82	0.13378358142729155
13.83	0.11142730890558493
13.84	0.38041307959745846
13.85	0.12163407621290688
13.86	0.11705848913355874
13.87	0.13429467907143913
13.88	0.382393996818087
13.89	0.2656069082212591
13.9	0.09573261251959242
13.91	0.1126030512263049
13.92	0.11793803308042185
13.93	0.1328709512310304
13.94	0.12525701967909333
13.95	0.13147703768582603
13.96	0.12390681693224535
13.97	0.12462350909443796
13.98	0.11797352178657468
13.99	0.11106539587783332
14.0	0.1270590075284068
14.01	0.10899829416124727
14.02	0.1313800234007113
14.03	0.11918916521869925
14.04	0.12165028388111607
14.05	0.13579198441037885
14.06	0.12626383169113203
14.07	0.13923287030352657
14.08	0.3779347710558185
14.09	0.13108300207588242
14.1	0.13865657041870816
14.11	0.12012012792894222
14.12	0.13655177374952193
14.13	0.11650866036026183
14.14	0.11491847777121851
14.15	0.11926011893676533
14.16	0.12002583066334399
14.17	0.1406141086728169
14.18	0.1388317710405696
14.19	0.12522911784599028
14.2	0.1267235080130461
14.21	0.12768284053873696
14.22	0.10696076674300403
14.23	0.11391728150209235
14.24	0.11007274536688069
14.25	0.13899078995793318
14.26	0.11714921564451904
14.27	0.1216695541455755
14.28	0.1120350080543379
14.29	0.5138844662339754
14.3	0.1353284621473364
14.31	0.007300740206228287
14.32	0.13190228030510412
14.33	0.23569594904538047
14.34	0.11342239419137448
14.35	0.12350300896276963
14.36	0.24166630592259888
14.37	0.12130503037314681
14.38	0.11049463893332423
14.39	-0.0003520213875465518
14.4	0.12974391605660762
14.41	0.13130317529694635
14.42	0.11478632906280115
14.43	0.1090832111669438
14.44	0.12452037007371632
14.45	0.138721352292388
14.46	0.12601173121774376
14.47	0.13269001653634083
14.48	0.1270555785919736
14.49	0.13348939246851466
14.5	0.12318155437136522
14.51	0.12206252954824298
14.52	0.128846383498076
14.53	0.14127545488788948
14.54	0.13645429053389097
14.55	0.13122555307666164
14.56	0.11928160958074996
14.57	0.1334137050603022
14.58	0.14058096218607447
14.59	0.11898192524368928
14.6	0.1339482401480351
14.61	0.12752151229185477
14.62	0.13287026551802386
14.63	0.1349886702512349
14.64	0.1314726324701848
14.65	0.12481165375062307
14.66	0.10680697117431302
14.67	0.13562453368663807
14.68	0.12814133479943485
14.69	0.13388887020044277
14.7	0.23049590312887097
14.71	0.12143866836703442
14.72	0.12866289868581363
14.73	0.12143521927781903
14.74	0.11383030096710443
14.75	0.4866130972393889
14.76	0.11811322337271586
14.77	0.1289979734063823
14.78	0.11570103770384513
14.79	0.12947457789093017
14.8	0.1320875404305765
14.81	0.12600055738482083
14.82	0.14208231801630333
14.83	0.1135595963222387
14.84	0.12557786654078124
14.85	0.11477111551909988
14.86	-0.027157891956459762
14.87	0.12719012829790247
14.88	-0.0009459169322204838
14.89	0.12348827713867691
14.9	0.13759371230137074
14.91	0.1389496423956724
14.92	0.1334868244976292
14.93	0.25302443851770906
14.94	0.11740461836470778
14.95	0.12809469047127917
14.96	0.12267711597311069
14.97	0.11871898809843436
14.98	0.12409392314286614
14.99	0.5076355961354543
15.0	0.10973416787140894
15.01	0.11936443964380147
15.02	0.11474961289941235
15.03	0.12684202252403803
15.04	0.12382422520918715
15.05	0.11506976862267909
15.06	0.10994811941480193
15.07	0.1427689697244656
15.08	0.12255293644143138
15.09	0.10257062706396011
15.1	0.1399716112119016
15.11	0.13562698500548806
15.12	0.11534944177824281
15.13	0.13138435592641334
15.14	0.12761659518980387
15.15	0.12814964157364162
15.16	0.12421640156047493
15.17	0.10615979586276561
15.18	0.11145119375096639
15.19	0.12632891854076128
15.2	0.1041839990773726
15.21	0.11940091378006135
15.22	0.11197576923432657
15.23	0.11974977453434904
15.24	0.1202372465579535
15.25	0.1190465632587094
15.26	0.12887973807791187
15.27	0.13774772984594183
15.28	0.13871125953044328
15.29	0.11953896022440276
15.3	0.11569273428215127
15.31	0.11721922074225202
15.32	0.13557876726206808
15.33	0.13382132982124714
15.34	0.14159485112677728
15.35	0.12058113251497268
15.36	0.2549324993646948
15.37	0.13204441126981384
15.38	0.1281874584163984
15.39	0.12830204435682468
15.4	0.12734307494403863
15.41	0.11963486574185095
15.42	0.1447484449715991
15.43	0.1379833897729399
15.44	0.12593563981733275
15.45	0.25701325753468207
15.46	0.5088320205423492
15.47	0.10559244300460638
15.48	0.12320433368127874
15.49	0.1330196455693328
15.5	0.1266155813420331
15.51	0.12090598492834334
15.52	0.3860349657119434
15.53	0.12947365616924414
15.54	0.12534677852823556
15.55	0.11413111802509208
15.56	0.12850929434688876
15.57	0.12200716264913829
15.58	0.1310226103431331
15.59	0.11993635419167076
15.6	0.2622620151828972
15.61	0.256464246246199
15.62	0.14894350130960773
15.63	0.12866674345240842
15.64	0.11390230358179866
15.65	0.11381630818646854
15.66	0.09306477845621408
15.67	0.13057327709406585
15.68	0.5026466240702776
15.69	0.12649803353436084
15.7	0.13603782041529086
15.71	0.38669911751737446
15.72	0.11961709493075522
15.73	0.10456370593133879
15.74	0.11248217791189848
15.75	0.24250103313778548
15.76	0.2815020732174187
15.77	0.12518416696780024
15.78	0.4945556815614093
15.79	0.11722923667433653
15.8	0.1432888663207667
15.81	0.1197643234185593
15.82	0.12306458819526997
15.83	0.1223700023790611
15.84	0.13313806796824423
15.85	0.11742091197958755
15.86	0.1327134643426438
15.87	0.13318537216993892
15.88	0.12422146756069376
15.89	0.12844029947966654
15.9	0.1234868495518049
15.91	0.1376195737510681
15.92	0.12433053158240849
15.93	0.12845887004408524
15.94	0.12076965271873297
15.95	0.1261283885676271
15.96	0.1284505959423218
15.97	0.4909113947451805
15.98	0.12860112849498959
15.99	-0.0010662682443837185
16.0	-0.008825549916796243
16.01	0.12651336849758055
16.02	-0.011764899299931384
16.03	0.11764685950184542
16.04	0.13317939598077289
16.05	0.0077349471413507885
16.06	0.14090580454812388
16.07	-0.004858530101934312
16.08	0.02521936261598769
16.09	-0.005430630657076181
16.1	0.12936169522873558
16.11	0.011035852887785023
16.12	0.13326936235913994
16.13	0.1385209995372869
16.14	0.11220337374793594
16.15	0.010797972044857803
16.16	0.11471424749217447
16.17	0.13140205953149608
16.18	-0.0005954839286536702
16.19	0.13582192162337187
16.2	0.006743911706114907
16.21	0.1095070472792189
16.22	0.1312055017147472
16.23	-0.0056367365589444765
16.24	0.12410423712450736
16.25	0.00816924430163362
16.26	-0.004715385405472639
16.27	0.1269890715627942
16.28	0.10574953120036482
16.29	0.00831103176817385
16.3	-0.0010724582495905978
16.31	0.12164743729845261
16.32	0.13427405770277637
16.33	0.1259654392025978
16.34	0.11146767006319197
16.35	-0.004122502856328916
16.36	0.11244430607956075
16.37	0.005457947209776866
16.38	0.0035029176998683837
16.39	0.1322173386973904
16.4	0.0038745882981878824
16.41	0.12733873974107007
16.42	0.009357326011385989
16.43	-0.003442398890387915
16.44	0.006349153540677936
16.45	-0.0023123722657678964
16.46	0.00980280410302513
16.47	-0.007908024180580774
16.48	0.001244596283179983
16.49	0.12036647191980417
16.5	0.008591179711021862
16.51	0.012141741609621497
16.52	-0.036604402654081616
16.53	-0.010979933930034436
16.54	0.14135422933982503
16.55	0.008962658671269257
16.56	0.13611918950801039
16.57	0.011486374104183204
16.58	0.1030459440527566
16.59	8.719690327451619e-05
16.6	-0.008741521059630357
16.61	0.005602397264512875
16.62	0.0025810693538782558
16.63	0.010434821615922232
16.64	0.1254346275694903
16.65	0.004207097930534266
16.66	0.12724852224462171
16.67	-0.010347778251219162
16.68	0.0029158888422818863
16.69	-0.0009423833517087335
16.7	0.12277591050967318
16.71	0.10912145032721941
16.72	-0.01079008042088746
16.73	0.0034093184452826347
16.74	0.010690359009237939
16.75	-0.0057470028937899684
16.76	-0.00817223204837688
16.77	0.13417979767086732
16.78	0.13560429734656496
16.79	0.014633927174054501
16.8	0.0015020381576985804
16.81	0.008631212400199652
16.82	0.13751227839798202
16.83	-0.007773065332523893
16.84	0.1149263629309401
16.85	-0.00928113520503483
16.86	-0.0004942653721000624
16.87	-0.01234197224642208
16.88	0.00016542150462312696
16.89	-0.016443510043248497
16.9	0.01369550129477526
16.91	0.1386408631715927
16.92	0.12636867989033898
16.93	-0.00023302146935345143
16.94	-0.0037641923990086213
16.95	0.017166819597310735
16.96	0.1167109653756138
16.97	0.005684233165512181
16.98	-0.016035926675332438
16.99	0.010172757366894753
17.0	-0.01144124203405047
17.01	-0.005153071894884672
17.02	0.13340802602338134
17.03	0.012172460264511303
17.04	0.12392474037749261
17.05	0.016400286313177748
17.06	0.004394150612767048
17.07	4.719382517744788e-05
17.08	0.12819824650074702
17.09	0.011321522811975153
17.1	0.12797612310149828
17.11	-0.013560382302617127
17.12	0.1126503101280146
17.13	0.12112714482641695
17.14	0.008531273527315909
17.15	0.12272271695138144
17.16	0.11019637106825787
17.17	-0.010116585553492484
17.18	0.12690027912527013
17.19	0.13134409921525403
17.2	0.1213178080266688
17.21	0.1347884000278404
17.22	0.14194483212824202
17.23	0.013897249205861571
17.24	0.1308103386707048
17.25	-0.005833197808929424
17.26	-0.02079188927500157
17.27	0.006220490649072865
17.28	0.12370839402259333
17.29	0.13823868162839578
17.3	0.004582940384246068
17.31	0.11808215745990033
17.32	0.12233343387683461
17.33	0.11929004974514013
17.34	0.11476777842912429
17.35	0.12597646731051276
17.36	0.1378495810462934
17.37	0.1307776513853496
17.38	0.02494235779388772
17.39	0.000606305995731744
17.4	0.11211239731776726
17.41	0.1388326267744079
17.42	0.010786203049194346
17.43	-0.0035470867671898543
17.44	-0.0056612613610413885
17.45	0.1267743691372949
17.46	0.13607696146499532
17.47	0.11544971039683753
17.48	-0.0008940413328065107
17.49	0.004035577019771181
17.5	0.005418814588274955
17.51	0.006192965957440358
17.52	0.1354190447686704
17.53	0.13594363398261805
17.54	0.003316999182503295
17.55	0.005415938973542514
17.56	0.1358479528259263
17.57	-0.009045688363059133
17.58	0.1112307053708899
17.59	0.007118109359085027
17.6	0.11355437129478643
17.61	0.127733970372096
17.62	-0.01017605369266437
17.63	0.11743234232649977
17.64	0.09794310597573763
17.65	-0.0044384235979446325
17.66	-0.008906499448031346
17.67	0.1301781369906061
17.68	0.12415426573447946
17.69	0.10864466875182777
17.7	0.007239082865466892
17.71	0.10009660172469477
17.72	0.11889320191715871
17.73	0.12570412291867425
17.74	0.12233351150093309
17.75	0.11720318732024133
17.76	0.11573731821107244
17.77	0.13337419875790768
17.78	0.3813960648504315
17.79	0.5044411489700835
17.8	0.13242786013883615
17.81	0.11794742476212604
17.82	0.3716488845623128
17.83	0.1441943574910366
17.84	0.3651433720201602
17.85	0.5124307930302164
17.86	0.2570712136106871
17.87	0.5057210272048399
17.88	0.12389235615798462
17.89	0.5037954825838935
17.9	0.1219083404933395
17.91	0.1113804971957453
17.92	0.4905648939822221
17.93	0.3790086633879804
17.94	0.12960842273189446
17.95	0.4891968638844334
17.96	0.2593500280031704
17.97	0.13633358338019513
17.98	0.500513821795071
17.99	0.11252845344882004
18.0	0.4815659272302153
18.01	0.13730674606315565
18.02	0.38066214253978875
18.03	0.4884600312350356
18.04	0.5015845827683901
18.05	0.5068853269191912
18.06	0.49071621005314914
18.07	0.5054989358338225
18.08	0.502218686698203
18.09	0.5083921487277098
18.1	0.5002168491392189
18.11	0.5042198779558424
18.12	0.4799891553346355
18.13	0.1221319009321258
18.14	0.5097256997492373
18.15	0.4969441791258865
18.16	0.4975631733629279
18.17	0.4936068957293488
18.18	0.13980923117170133
18.19	0.46974176174762283
18.2	0.5151706343009891
18.21	0.5068966259534603
18.22	0.4997069951537518
18.23	0.5115117005479312
18.24	0.5025519076942784
18.25	0.506128614290116
18.26	0.5055055779903238
18.27	0.49155160343378307
18.28	0.5057426007350498
18.29	0.5192991336708732
18.3	0.4979803744448518
18.31	0.4972287812279417
18.32	0.5002560650810954
18.33	0.5058438940635426
18.34	0.5021292691399629
18.35	0.1268243498256641
18.36	0.5050490407200269
18.37	0.49461776009247677
18.38	0.4863884114981936
18.39	0.4925036458840373
18.4	0.4926392898820871
18.41	0.48949766998346805
18.42	0.5166927131237892
18.43	0.4927963025445959
18.44	0.6186375545273356
18.45	0.2567222383944032
18.46	0.4858359466679299
18.47	0.5091406575079563
18.48	0.5065950205756324
18.49	0.5090924601229747
18.5	0.5097922088534517
18.51	0.48614517998833845
18.52	0.5010665258093777
18.53	0.4950749827906381
18.54	0.4790778871344462
18.55	0.4953994403630214
18.56	0.5035891797300808
18.57	0.5040704698750198
18.58	0.4948510358258881
18.59	0.4988084364744692
18.6	0.5075340304881651
18.61	0.5039940419986356
18.62	0.4931546787224581
18.63	0.5181457263694362
18.64	0.49835775735377963
18.65	0.49265579669342957
18.66	0.5104512834552662
18.67	0.5205868824253548
18.68	0.5024784389040944
18.69	0.3688637139134435
18.7	0.5216066650706852
18.71	0.5152767926298106
18.72	0.5105733186973652
18.73	0.489691912254449
18.74	0.4952836849186596
18.75	0.4978099296337706
18.76	0.5009277273427694
18.77	0.3835661658057
18.78	0.4855019027740376
18.79	0.4811360679209471
18.8	0.507751700998205
18.81	0.5010702325046645
18.82	0.5052253399073817
18.83	0.4918612826234984
18.84	0.5066340486996175
18.85	0.5013112311877643
18.86	0.4895991419886331
18.87	0.5106970437569863
18.88	0.5020615659735339
18.89	0.5072747408669731
18.9	0.5206135113090676
18.91	0.5022447321679098
18.92	0.5088147316286485
18.93	0.493002872425987
18.94	0.6163013575728982
18.95	0.4897885945785334
18.96	0.48785085632797565
18.97	0.5056155013068244
18.98	0.48393832566509914
18.99	0.7477110614598181
19.0	0.63476143884276
19.01	0.4990305402872001
19.02	0.5032597275355875
19.03	0.5047359797672137
19.04	0.49696863305763184
19.05	0.4940386679438616
19.06	0.5062772785190621
19.07	0.5068382077650518
19.08	0.5030080641374632
19.09	0.5088748932280883
19.1	0.7450849290899686
19.11	0.49224166786866486
19.12	0.5166910969959091
19.13	0.5092585614669732
19.14	0.5015882378429326
19.15	0.5260265803050338
19.16	0.500992427218775
19.17	0.4996345593100999
19.18	0.4985168873159444
19.19	0.6125167049714159
19.2	0.5068742200715568
19.21	0.5052239913313409
19.22	0.48440935971856425
19.23	0.6022319196705302
19.24	0.5003511361451979
19.25	0.7462939910114781
19.26	0.5005594929043243
19.27	0.5086485069949157
19.28	0.4967278428045834
19.29	0.637561092101223
19.3	0.6299582726312071
19.31	0.488502192972549
19.32	0.499440904493427
19.33	0.48965303802720433
19.34	0.4968967593573524
19.35	0.5110844237574301
19.36	0.7528795149949639
19.37	0.4965739781353209
19.38	0.4966953987949736
19.39	0.5087917330585076
19.4	0.7592761488532916
19.41	0.6391740866675172
19.42	0.5135988443926731
19.43	0.4962618754641581
19.44	0.6311748267879
19.45	0.508681287297341
19.46	0.5231519203078173
19.47	0.6195654313571753
19.48	0.4916105667486129
19.49	0.7580316955064038
19.5	0.5008096520262287
19.51	0.5118512726644255
19.52	0.4971476049295182
19.53	0.5095724446778555
19.54	0.5174493118911773
19.55	0.5189108730624351
19.56	0.5095842315502891
19.57	0.531977253524365
19.58	0.5102369271450394
19.59	0.7553410149600739
19.6	0.49334942320455666
19.61	0.6265699930069971
19.62	0.5040483249278458
19.63	0.5119618775177919
19.64	0.48819476237784476
19.65	0.49847863917092816
19.66	0.74610114542915
19.67	0.7711507723752217
19.68	0.6327069002726965
19.69	0.5041105528954929
19.7	0.7619912604180279
19.71	0.5031885706451016
19.72	0.48781271367057955
19.73	0.6268485620355722
19.74	0.517960282413805
19.75	0.5083720778008647
19.76	0.5198621238938349
19.77	0.7501089581087866
19.78	0.48811573265594327
19.79	0.49942021778917617
19.8	0.4934485516860626
19.81	0.49806720791329
19.82	0.5048211824332156
19.83	0.635309559093141
19.84	0.6280564266603988
19.85	0.7492520671484616
19.86	0.5003017065296435
19.87	0.6299096349871907
19.88	0.4896128260175836
19.89	0.49184916730819606
19.9	0.7625549674666706
19.91	0.6253190959292084
19.92	0.5017629955443467
19.93	0.5011167245179812
19.94	0.12177303211991099
19.95	0.5234133822206376
19.96	0.5096843440172215
19.97	0.496100422356686
19.98	0.5124202685611348
19.99	0.5113884568362757
20.0	0.5047215226243599
