10.01	29.34027777777761
10.02	28.99305555555535
10.03	28.29861111111085
10.04	27.77777777777747
10.05	27.604166666666348
10.06	27.256944444444088
10.07	26.56250000000015
10.08	26.21527777777789
10.09	25.520833333333385
10.1	24.82638888888887
10.11	24.13194444444437
10.12	23.784722222222126
10.13	22.74305555555536
10.14	22.04861111111084
10.15	21.354166666666337
10.16	20.659722222221834
10.17	19.444444444444507
10.18	18.923611111111125
10.19	18.22916666666662
10.2	17.361111111110997
10.21	16.666666666666476
10.22	15.798611111110853
10.23	15.104166666666332
10.24	14.409722222221829
10.25	13.368055555555635
10.26	12.673611111111132
10.27	11.97916666666663
10.28	11.631944444444372
10.29	10.937499999999869
10.3	10.24305555555535
10.31	9.895833333333105
10.32	9.201388888888587
10.33	8.333333333332963
10.34	8.159722222222394
10.35	7.4652777777778905
10.36	7.11805555555563
10.37	6.770833333333387
10.38	6.423611111111127
10.39	6.076388888888884
10.4	5.381944444444366
10.41	5.381944444444366
10.42	5.034722222222122
10.43	4.687499999999862
10.44	4.340277777777603
10.45	4.340277777777603
10.46	3.9930555555553595
10.47	3.9930555555553595
10.48	3.9930555555553595
10.49	3.6458333333331
10.5	3.6458333333331
10.51	3.6458333333331
10.52	3.6458333333331
10.53	3.2986111111108407
10.54	3.2986111111108407
10.55	3.6458333333331
10.56	3.6458333333331
10.57	3.6458333333331
10.58	3.9930555555553595
10.59	3.9930555555553595
10.6	3.9930555555553595
10.61	4.340277777777603
10.62	4.687499999999862
10.63	5.034722222222122
10.64	5.381944444444366
10.65	5.381944444444366
10.66	6.076388888888884
10.67	6.423611111111127
10.68	7.11805555555563
10.69	7.4652777777778905
10.7	8.333333333332963
10.71	8.854166666666345
10.72	9.548611111110846
10.73	10.24305555555535
10.74	10.937499999999869
10.75	11.805555555555493
10.76	12.673611111111132
10.77	13.368055555555635
10.78	14.062500000000139
10.79	15.104166666666332
10.8	16.145833333333094
10.81	16.493055555555355
10.82	17.53472222222212
10.83	18.576388888888882
10.84	18.923611111111125
10.85	19.96527777777789
10.86	20.83333333333296
10.87	21.354166666666337
10.88	22.22222222222198
10.89	22.74305555555536
10.9	23.437499999999865
10.91	24.13194444444437
10.92	24.82638888888887
10.93	25.520833333333385
10.94	26.21527777777789
10.95	26.56250000000015
10.96	26.909722222221827
10.97	27.604166666666348
10.98	27.77777777777747
10.99	28.29861111111085
11.0	28.64583333333311
11.01	29.34027777777761
11.02	29.34027777777761
11.03	29.687499999999854
11.04	30.034722222222115
11.05	30.034722222222115
11.06	30.381944444444375
11.07	30.381944444444375
11.08	30.381944444444375
11.09	30.381944444444375
11.1	30.555555555555497
11.11	30.381944444444375
11.12	30.555555555555497
11.13	30.555555555555497
11.14	30.381944444444375
11.15	30.034722222222115
11.16	30.381944444444375
11.17	29.687499999999854
11.18	29.687499999999854
11.19	29.34027777777761
11.2	28.99305555555535
11.21	28.99305555555535
11.22	28.472222222221973
11.23	27.77777777777747
11.24	27.77777777777747
11.25	26.909722222221827
11.26	26.56250000000015
11.27	25.86805555555563
11.28	25.520833333333385
11.29	24.82638888888887
11.3	24.13194444444437
11.31	23.611111111110986
11.32	22.74305555555536
11.33	22.04861111111084
11.34	21.354166666666337
11.35	20.83333333333296
11.36	19.444444444444507
11.37	19.270833333333385
11.38	18.22916666666662
11.39	17.53472222222212
11.4	16.666666666666476
11.41	15.972222222221975
11.42	15.104166666666332
11.43	14.409722222221829
11.44	13.715277777777896
11.45	12.673611111111132
11.46	11.97916666666663
11.47	10.937499999999869
11.48	10.937499999999869
11.49	9.895833333333105
11.5	9.201388888888587
11.51	8.333333333332963
11.52	7.9861111111112715
11.53	7.4652777777778905
11.54	7.11805555555563
11.55	6.250000000000005
11.56	5.555555555555503
11.57	5.208333333333243
11.58	5.034722222222122
11.59	4.687499999999862
11.6	4.340277777777603
11.61	3.819444444444222
11.62	3.6458333333331
11.63	2.7777777777774593
11.64	2.7777777777774593
11.65	2.6041666666663374
11.66	2.6041666666663374
11.67	2.256944444444078
11.68	2.256944444444078
11.69	1.5625000000001437
11.7	1.5625000000001437
11.71	1.215277777777884
11.72	1.215277777777884
11.73	1.215277777777884
11.74	1.215277777777884
11.75	1.215277777777884
11.76	1.0416666666667624
11.77	0.8680555555556406
11.78	0.8680555555556406
11.79	0.8680555555556406
11.8	0.8680555555556406
11.81	0.8680555555556406
11.82	1.215277777777884
11.83	0.8680555555556406
11.84	1.215277777777884
11.85	1.215277777777884
11.86	1.215277777777884
11.87	0.8680555555556406
11.88	1.5625000000001437
11.89	1.5625000000001437
11.9	1.5625000000001437
11.91	2.256944444444078
11.92	2.256944444444078
11.93	2.256944444444078
11.94	2.6041666666663374
11.95	2.7777777777774593
11.96	3.2986111111108407
11.97	3.6458333333331
11.98	3.6458333333331
11.99	4.340277777777603
12.0	5.034722222222122
12.01	5.208333333333243
12.02	5.555555555555503
12.03	6.076388888888884
12.04	6.770833333333387
12.05	7.81250000000015
12.06	8.159722222222394
12.07	8.680555555555205
12.08	9.374999999999725
12.09	10.24305555555535
12.1	11.11111111111099
12.11	11.11111111111099
12.12	11.97916666666663
12.13	13.194444444444514
12.14	13.715277777777896
12.15	14.75694444444409
12.16	15.451388888888593
12.17	16.145833333333094
12.18	16.666666666666476
12.19	17.53472222222212
12.2	18.22916666666662
12.21	18.923611111111125
12.22	19.444444444444507
12.23	20.312500000000146
12.24	21.00694444444408
12.25	21.701388888888598
12.26	22.04861111111084
12.27	22.74305555555536
12.28	23.437499999999865
12.29	23.784722222222126
12.3	24.479166666666625
12.31	24.82638888888887
12.32	25.000000000000007
12.33	25.86805555555563
12.34	26.21527777777789
12.35	26.909722222221827
12.36	26.909722222221827
12.37	27.256944444444088
12.38	27.43055555555521
12.39	27.604166666666348
12.4	27.77777777777747
12.41	27.77777777777747
12.42	28.29861111111085
12.43	28.64583333333311
12.44	28.64583333333311
12.45	29.16666666666649
12.46	29.16666666666649
12.47	29.34027777777761
12.48	29.34027777777761
12.49	29.34027777777761
12.5	29.34027777777761
12.51	29.513888888888733
12.52	29.34027777777761
12.53	29.687499999999854
12.54	29.513888888888733
12.55	29.34027777777761
12.56	29.34027777777761
12.57	29.513888888888733
12.58	29.687499999999854
12.59	29.34027777777761
12.6	29.34027777777761
12.61	29.513888888888733
12.62	29.16666666666649
12.63	29.16666666666649
12.64	28.99305555555535
12.65	29.34027777777761
12.66	28.81944444444423
12.67	28.29861111111085
12.68	27.77777777777747
12.69	27.77777777777747
12.7	27.77777777777747
12.71	27.604166666666348
12.72	27.43055555555521
12.73	27.256944444444088
12.74	26.73611111111127
12.75	26.041666666666767
12.76	25.86805555555563
12.77	25.000000000000007
12.78	24.65277777777775
12.79	24.479166666666625
12.8	24.13194444444437
12.81	23.263888888888744
12.82	23.090277777777604
12.83	22.22222222222198
12.84	21.87499999999972
12.85	21.00694444444408
12.86	20.486111111111267
12.87	19.444444444444507
12.88	19.097222222222264
12.89	18.923611111111125
12.9	18.22916666666662
12.91	17.361111111110997
12.92	16.666666666666476
12.93	16.145833333333094
12.94	15.451388888888593
12.95	14.75694444444409
12.96	13.888888888889017
12.97	13.541666666666757
12.98	12.673611111111132
12.99	12.326388888888875
13.0	11.11111111111099
13.01	11.11111111111099
13.02	10.763888888888731
13.03	10.416666666666487
13.04	9.548611111110846
13.05	9.201388888888587
13.06	8.854166666666345
13.07	8.333333333332963
13.08	7.9861111111112715
13.09	7.291666666666768
13.1	7.11805555555563
13.11	6.770833333333387
13.12	6.423611111111127
13.13	6.423611111111127
13.14	6.076388888888884
13.15	5.555555555555503
13.16	5.208333333333243
13.17	5.208333333333243
13.18	5.034722222222122
13.19	5.034722222222122
13.2	4.687499999999862
13.21	4.51388888888874
13.22	4.340277777777603
13.23	4.340277777777603
13.24	4.166666666666481
13.25	4.340277777777603
13.26	4.166666666666481
13.27	3.9930555555553595
13.28	4.166666666666481
13.29	3.819444444444222
13.3	3.9930555555553595
13.31	3.819444444444222
13.32	4.340277777777603
13.33	4.340277777777603
13.34	4.340277777777603
13.35	3.9930555555553595
13.36	4.340277777777603
13.37	4.51388888888874
13.38	4.51388888888874
13.39	5.034722222222122
13.4	5.208333333333243
13.41	5.208333333333243
13.42	5.555555555555503
13.43	5.555555555555503
13.44	6.076388888888884
13.45	6.597222222222266
13.46	6.770833333333387
13.47	7.291666666666768
13.48	7.81250000000015
13.49	8.333333333332963
13.5	8.333333333332963
13.51	9.201388888888587
13.52	9.374999999999725
13.53	10.069444444444228
13.54	10.416666666666487
13.55	10.937499999999869
13.56	11.11111111111099
13.57	12.152777777777752
13.58	12.673611111111132
13.59	13.368055555555635
13.6	13.888888888889017
13.61	14.236111111111278
13.62	15.451388888888593
13.63	15.624999999999714
13.64	16.145833333333094
13.65	16.666666666666476
13.66	17.53472222222212
13.67	18.22916666666662
13.68	18.923611111111125
13.69	19.270833333333385
13.7	20.138888888889024
13.71	20.312500000000146
13.72	21.00694444444408
13.73	21.701388888888598
13.74	21.701388888888598
13.75	22.22222222222198
13.76	22.74305555555536
13.77	23.263888888888744
13.78	23.784722222222126
13.79	23.958333333333247
13.8	24.479166666666625
13.81	24.65277777777775
13.82	25.000000000000007
13.83	25.000000000000007
13.84	25.86805555555563
13.85	25.86805555555563
13.86	25.86805555555563
13.87	26.21527777777789
13.88	26.56250000000015
13.89	26.21527777777789
13.9	26.56250000000015
13.91	26.56250000000015
13.92	26.73611111111127
13.93	26.56250000000015
13.94	26.73611111111127
13.95	26.73611111111127
13.96	26.73611111111127
13.97	26.909722222221827
13.98	26.73611111111127
13.99	26.73611111111127
14.0	26.56250000000015
14.01	26.73611111111127
14.02	26.73611111111127
14.03	26.56250000000015
14.04	26.56250000000015
14.05	26.38888888888901
14.06	26.21527777777789
14.07	26.041666666666767
14.08	26.041666666666767
14.09	26.041666666666767
14.1	25.520833333333385
14.11	25.694444444444507
14.12	25.000000000000007
14.13	25.000000000000007
14.14	24.82638888888887
14.15	24.479166666666625
14.16	23.958333333333247
14.17	23.784722222222126
14.18	23.437499999999865
14.19	23.263888888888744
14.2	22.22222222222198
14.21	22.22222222222198
14.22	21.701388888888598
14.23	21.00694444444408
14.24	20.659722222221834
14.25	20.312500000000146
14.26	19.444444444444507
14.27	18.923611111111125
14.28	18.402777777777743
14.29	17.70833333333324
14.3	16.666666666666476
14.31	16.145833333333094
14.32	15.624999999999714
14.33	14.75694444444409
14.34	13.888888888889017
14.35	13.715277777777896
14.36	13.020833333333377
14.37	12.326388888888875
14.38	11.11111111111099
14.39	10.763888888888731
14.4	9.895833333333105
14.41	9.201388888888587
14.42	8.854166666666345
14.43	7.9861111111112715
14.44	7.81250000000015
14.45	7.291666666666768
14.46	6.423611111111127
14.47	6.076388888888884
14.48	5.555555555555503
14.49	4.861111111110985
14.5	4.687499999999862
14.51	4.340277777777603
14.52	3.9930555555553595
14.53	3.6458333333331
14.54	2.7777777777774593
14.55	2.6041666666663374
14.56	2.6041666666663374
14.57	2.4305555555552156
14.58	2.256944444444078
14.59	1.7361111111112653
14.6	1.7361111111112653
14.61	1.5625000000001437
14.62	1.5625000000001437
14.63	1.5625000000001437
14.64	0.8680555555556406
14.65	1.0416666666667624
14.66	1.0416666666667624
14.67	0.8680555555556406
14.68	0.8680555555556406
14.69	1.0416666666667624
14.7	1.0416666666667624
14.71	1.3888888888890218
14.72	1.215277777777884
14.73	1.5625000000001437
14.74	1.5625000000001437
14.75	1.7361111111112653
14.76	1.909722222222403
14.77	2.256944444444078
14.78	2.4305555555552156
14.79	2.7777777777774593
14.8	3.2986111111108407
14.81	3.472222222221978
14.82	3.819444444444222
14.83	4.340277777777603
14.84	5.034722222222122
14.85	5.381944444444366
14.86	5.555555555555503
14.87	6.423611111111127
14.88	7.11805555555563
14.89	7.81250000000015
14.9	8.333333333332963
14.91	9.201388888888587
14.92	9.895833333333105
14.93	10.590277777777608
14.94	11.11111111111099
14.95	11.97916666666663
14.96	12.847222222222253
14.97	13.715277777777896
14.98	14.409722222221829
14.99	15.104166666666332
15.0	15.798611111110853
15.01	16.493055555555355
15.02	17.361111111110997
15.03	17.88194444444438
15.04	18.923611111111125
15.05	19.444444444444507
15.06	20.312500000000146
15.07	20.659722222221834
15.08	21.701388888888598
15.09	22.04861111111084
15.1	22.22222222222198
15.11	22.916666666666483
15.12	23.784722222222126
15.13	23.958333333333247
15.14	24.65277777777775
15.15	24.82638888888887
15.16	25.520833333333385
15.17	25.86805555555563
15.18	26.041666666666767
15.19	26.38888888888901
15.2	26.909722222221827
15.21	26.909722222221827
15.22	27.256944444444088
15.23	27.256944444444088
15.24	27.256944444444088
15.25	27.604166666666348
15.26	27.77777777777747
15.27	27.77777777777747
15.28	27.77777777777747
15.29	27.77777777777747
15.3	27.77777777777747
15.31	27.77777777777747
15.32	27.77777777777747
15.33	27.77777777777747
15.34	27.77777777777747
15.35	27.604166666666348
15.36	27.604166666666348
15.37	27.604166666666348
15.38	27.256944444444088
15.39	26.909722222221827
15.4	26.73611111111127
15.41	26.73611111111127
15.42	26.21527777777789
15.43	25.86805555555563
15.44	25.34722222222225
15.45	25.000000000000007
15.46	24.65277777777775
15.47	24.13194444444437
15.48	23.611111111110986
15.49	23.090277777777604
15.5	22.22222222222198
15.51	21.87499999999972
15.52	21.00694444444408
15.53	20.659722222221834
15.54	19.444444444444507
15.55	19.270833333333385
15.56	18.22916666666662
15.57	17.53472222222212
15.58	16.666666666666476
15.59	16.145833333333094
15.6	15.624999999999714
15.61	14.75694444444409
15.62	13.888888888889017
15.63	13.020833333333377
15.64	12.673611111111132
15.65	11.631944444444372
15.66	10.937499999999869
15.67	10.069444444444228
15.68	9.548611111110846
15.69	9.201388888888587
15.7	7.9861111111112715
15.71	7.291666666666768
15.72	6.597222222222266
15.73	6.076388888888884
15.74	5.555555555555503
15.75	5.208333333333243
15.76	4.340277777777603
15.77	4.340277777777603
15.78	3.6458333333331
15.79	2.7777777777774593
15.8	2.7777777777774593
15.81	2.4305555555552156
15.82	2.256944444444078
15.83	1.7361111111112653
15.84	1.5625000000001437
15.85	1.3888888888890218
15.86	1.0416666666667624
15.87	0.8680555555556406
15.88	0.5208333333333812
15.89	0.6944444444445188
15.9	0.5208333333333812
15.91	0.0
15.92	0.0
15.93	0.0
15.94	0.0
15.95	0.0
15.96	0.0
15.97	0.5208333333333812
15.98	0.0
15.99	0.8680555555556406
16.0	1.0416666666667624
16.01	1.0416666666667624
16.02	1.215277777777884
16.03	1.5625000000001437
16.04	2.256944444444078
16.05	2.256944444444078
16.06	2.7777777777774593
16.07	2.7777777777774593
16.08	3.6458333333331
16.09	4.166666666666481
16.1	4.687499999999862
16.11	5.381944444444366
16.12	5.555555555555503
16.13	6.423611111111127
16.14	7.291666666666768
16.15	7.9861111111112715
16.16	8.680555555555205
16.17	9.548611111110846
16.18	10.24305555555535
16.19	10.763888888888731
16.2	11.631944444444372
16.21	12.673611111111132
16.22	13.368055555555635
16.23	13.888888888889017
16.24	14.93055555555521
16.25	15.451388888888593
16.26	16.319444444444233
16.27	17.361111111110997
16.28	17.70833333333324
16.29	18.576388888888882
16.3	19.270833333333385
16.31	19.791666666666767
16.32	20.486111111111267
16.33	21.180555555555216
16.34	21.701388888888598
16.35	22.22222222222198
16.36	22.569444444444223
16.37	23.090277777777604
16.38	23.784722222222126
16.39	23.958333333333247
16.4	24.479166666666625
16.41	25.000000000000007
16.42	25.520833333333385
16.43	25.520833333333385
16.44	26.041666666666767
16.45	26.21527777777789
16.46	26.73611111111127
16.47	26.73611111111127
16.48	27.256944444444088
16.49	27.43055555555521
16.5	27.43055555555521
16.51	27.604166666666348
16.52	27.604166666666348
16.53	27.604166666666348
16.54	27.77777777777747
16.55	27.77777777777747
16.56	27.77777777777747
16.57	28.29861111111085
16.58	28.472222222221973
16.59	28.124999999999726
16.6	28.124999999999726
16.61	28.29861111111085
16.62	27.77777777777747
16.63	27.77777777777747
16.64	27.77777777777747
16.65	27.77777777777747
16.66	27.43055555555521
16.67	27.256944444444088
16.68	27.256944444444088
16.69	26.73611111111127
16.7	26.56250000000015
16.71	26.21527777777789
16.72	25.86805555555563
16.73	25.694444444444507
16.74	25.000000000000007
16.75	25.000000000000007
16.76	24.479166666666625
16.77	23.784722222222126
16.78	23.437499999999865
16.79	23.090277777777604
16.8	22.22222222222198
16.81	21.87499999999972
16.82	21.354166666666337
16.83	21.00694444444408
16.84	20.312500000000146
16.85	19.444444444444507
16.86	18.923611111111125
16.87	18.402777777777743
16.88	17.70833333333324
16.89	17.187499999999858
16.9	16.319444444444233
16.91	15.798611111110853
16.92	14.93055555555521
16.93	14.75694444444409
16.94	13.888888888889017
16.95	13.368055555555635
16.96	12.673611111111132
16.97	11.97916666666663
16.98	11.11111111111099
16.99	11.11111111111099
17.0	10.590277777777608
17.01	9.895833333333105
17.02	9.374999999999725
17.03	8.854166666666345
17.04	8.333333333332963
17.05	7.81250000000015
17.06	7.81250000000015
17.07	7.11805555555563
17.08	6.944444444444509
17.09	6.423611111111127
17.1	5.555555555555503
17.11	5.555555555555503
17.12	5.208333333333243
17.13	5.208333333333243
17.14	4.861111111110985
17.15	5.034722222222122
17.16	4.340277777777603
17.17	4.166666666666481
17.18	3.9930555555553595
17.19	4.166666666666481
17.2	3.819444444444222
17.21	4.166666666666481
17.22	3.9930555555553595
17.23	3.819444444444222
17.24	3.819444444444222
17.25	3.6458333333331
17.26	3.6458333333331
17.27	3.6458333333331
17.28	3.819444444444222
17.29	3.9930555555553595
17.3	3.9930555555553595
17.31	4.340277777777603
17.32	4.340277777777603
17.33	4.340277777777603
17.34	4.861111111110985
17.35	5.034722222222122
17.36	5.381944444444366
17.37	5.555555555555503
17.38	6.076388888888884
17.39	6.423611111111127
17.4	6.770833333333387
17.41	7.11805555555563
17.42	7.81250000000015
17.43	7.9861111111112715
17.44	8.854166666666345
17.45	9.374999999999725
17.46	9.895833333333105
17.47	10.590277777777608
17.48	11.11111111111099
17.49	11.631944444444372
17.5	12.326388888888875
17.51	13.020833333333377
17.52	13.888888888889017
17.53	14.75694444444409
17.54	15.277777777777471
17.55	16.145833333333094
17.56	16.666666666666476
17.57	17.187499999999858
17.58	18.22916666666662
17.59	18.576388888888882
17.6	18.923611111111125
17.61	19.96527777777789
17.62	20.659722222221834
17.63	21.180555555555216
17.64	21.701388888888598
17.65	22.22222222222198
17.66	22.74305555555536
17.67	23.437499999999865
17.68	23.784722222222126
17.69	24.479166666666625
17.7	24.82638888888887
17.71	25.000000000000007
17.72	25.000000000000007
17.73	25.86805555555563
17.74	26.041666666666767
17.75	26.21527777777789
17.76	26.73611111111127
17.77	26.909722222221827
17.78	26.909722222221827
17.79	26.909722222221827
17.8	27.256944444444088
17.81	27.256944444444088
17.82	27.604166666666348
17.83	27.604166666666348
17.84	27.604166666666348
17.85	27.604166666666348
17.86	27.256944444444088
17.87	27.256944444444088
17.88	27.43055555555521
17.89	27.256944444444088
17.9	26.909722222221827
17.91	26.73611111111127
17.92	26.38888888888901
17.93	26.21527777777789
17.94	25.86805555555563
17.95	25.34722222222225
17.96	25.000000000000007
17.97	24.479166666666625
17.98	24.13194444444437
17.99	23.437499999999865
18.0	23.090277777777604
18.01	22.22222222222198
18.02	21.701388888888598
18.03	21.354166666666337
18.04	20.486111111111267
18.05	19.444444444444507
18.06	19.097222222222264
18.07	18.402777777777743
18.08	17.88194444444438
18.09	16.666666666666476
18.1	16.493055555555355
18.11	15.624999999999714
18.12	14.93055555555521
18.13	13.888888888889017
18.14	13.715277777777896
18.15	13.020833333333377
18.16	12.326388888888875
18.17	11.805555555555493
18.18	11.11111111111099
18.19	10.763888888888731
18.2	10.069444444444228
18.21	9.548611111110846
18.22	9.201388888888587
18.23	8.333333333332963
18.24	8.159722222222394
18.25	7.9861111111112715
18.26	7.291666666666768
18.27	6.770833333333387
18.28	6.423611111111127
18.29	6.423611111111127
18.3	5.902777777777747
18.31	5.555555555555503
18.32	5.208333333333243
18.33	5.034722222222122
18.34	4.861111111110985
18.35	4.51388888888874
18.36	4.51388888888874
18.37	4.51388888888874
18.38	3.9930555555553595
18.39	3.819444444444222
18.4	3.819444444444222
18.41	3.819444444444222
18.42	3.9930555555553595
18.43	3.6458333333331
18.44	3.6458333333331
18.45	3.9930555555553595
18.46	3.6458333333331
18.47	3.6458333333331
18.48	3.819444444444222
18.49	3.9930555555553595
18.5	3.9930555555553595
18.51	3.9930555555553595
18.52	4.340277777777603
18.53	4.340277777777603
18.54	5.034722222222122
18.55	5.208333333333243
18.56	5.555555555555503
18.57	5.902777777777747
18.58	6.597222222222266
18.59	7.11805555555563
18.6	7.81250000000015
18.61	7.9861111111112715
18.62	8.680555555555205
18.63	9.201388888888587
18.64	10.069444444444228
18.65	10.763888888888731
18.66	11.11111111111099
18.67	12.152777777777752
18.68	13.368055555555635
18.69	13.541666666666757
18.7	13.888888888889017
18.71	15.104166666666332
18.72	16.145833333333094
18.73	16.666666666666476
18.74	17.53472222222212
18.75	18.22916666666662
18.76	18.923611111111125
18.77	19.444444444444507
18.78	20.312500000000146
18.79	21.00694444444408
18.8	21.701388888888598
18.81	22.22222222222198
18.82	22.74305555555536
18.83	23.437499999999865
18.84	23.958333333333247
18.85	24.479166666666625
18.86	25.000000000000007
18.87	25.000000000000007
18.88	25.34722222222225
18.89	25.86805555555563
18.9	26.38888888888901
18.91	26.56250000000015
18.92	26.56250000000015
18.93	27.083333333332966
18.94	27.256944444444088
18.95	27.256944444444088
18.96	27.604166666666348
18.97	27.604166666666348
18.98	27.604166666666348
18.99	27.604166666666348
19.0	27.604166666666348
19.01	27.604166666666348
19.02	27.604166666666348
19.03	27.604166666666348
19.04	27.604166666666348
19.05	27.604166666666348
19.06	27.256944444444088
19.07	27.256944444444088
19.08	27.256944444444088
19.09	26.909722222221827
19.1	26.56250000000015
19.11	26.56250000000015
19.12	26.041666666666767
19.13	25.86805555555563
19.14	25.520833333333385
19.15	25.000000000000007
19.16	24.65277777777775
19.17	24.13194444444437
19.18	23.437499999999865
19.19	23.263888888888744
19.2	22.916666666666483
19.21	22.04861111111084
19.22	21.701388888888598
19.23	21.00694444444408
19.24	20.659722222221834
19.25	19.444444444444507
19.26	18.923611111111125
19.27	18.402777777777743
19.28	17.70833333333324
19.29	16.666666666666476
19.3	16.319444444444233
19.31	15.451388888888593
19.32	14.75694444444409
19.33	13.888888888889017
19.34	13.368055555555635
19.35	12.673611111111132
19.36	12.152777777777752
19.37	11.11111111111099
19.38	10.763888888888731
19.39	9.895833333333105
19.4	9.201388888888587
19.41	8.333333333332963
19.42	7.81250000000015
19.43	7.291666666666768
19.44	6.770833333333387
19.45	6.423611111111127
19.46	5.555555555555503
19.47	5.208333333333243
19.48	5.034722222222122
19.49	4.340277777777603
19.5	3.9930555555553595
19.51	3.6458333333331
19.52	3.1249999999997184
19.53	2.7777777777774593
19.54	2.4305555555552156
19.55	2.0833333333329564
19.56	2.0833333333329564
19.57	1.7361111111112653
19.58	1.5625000000001437
19.59	1.215277777777884
19.6	1.215277777777884
19.61	1.0416666666667624
19.62	0.8680555555556406
19.63	0.8680555555556406
19.64	0.5208333333333812
19.65	0.0
19.66	0.5208333333333812
19.67	0.5208333333333812
19.68	0.3472222222222594
19.69	0.0
19.7	0.0
19.71	0.0
19.72	0.8680555555556406
19.73	0.8680555555556406
19.74	0.6944444444445188
19.75	0.6944444444445188
19.76	1.215277777777884
19.77	1.3888888888890218
19.78	1.5625000000001437
19.79	1.5625000000001437
19.8	1.5625000000001437
19.81	1.909722222222403
19.82	2.4305555555552156
19.83	2.6041666666663374
19.84	2.7777777777774593
19.85	3.2986111111108407
19.86	3.819444444444222
19.87	4.51388888888874
19.88	4.687499999999862
19.89	5.034722222222122
19.9	5.555555555555503
19.91	6.076388888888884
19.92	7.11805555555563
19.93	7.4652777777778905
19.94	7.9861111111112715
19.95	8.333333333332963
19.96	9.201388888888587
19.97	9.895833333333105
19.98	10.590277777777608
19.99	10.937499999999869
20.0	11.11111111111099
